000000000000000000000000000000000000000
000000000000000000000000000000000101000
000000000000000000000000000000001010000
000000000000000000000000000000001111000
000000000000000000000000000000010100000
000000000000000000000000000000011001000
000000000000000000000000000000011110000
000000000000000000000000000000100011000
000000000000000000000000000000101000000
000000000000000000000000000000101101000
000000000000000000000000000000110010000
000000000000000000000000000000110111000
000000000000000000000000000000111100000
000000000000000000000000000001000001000
000000000000000000000000000001000110000
000000000000000000000000000001001011000
000000000000000000000000000001010000000
000000000000000000000000000001010101000
000000000000000000000000000001011010000
000000000000000000000000000001011111000
000000000000000000000000000001100100000
000000000000000000000000000001101001000
000000000000000000000000000001101110000
000000000000000000000000000001110011000
000000000000000000000000000001111000000
000000000000000000000000000001111101000
000000000000000000000000000010000010000
000000000000000000000000000010000111000
000000000000000000000000000010001100000
000000000000000000000000000010010001000
000000000000000000000000000010010110000
000000000000000000000000000010011011000
000000000000000000000000000010100000000
000000000000000000000000000010100101000
000000000000000000000000000010101010000
000000000000000000000000000010101111000
000000000000000000000000000010110100000
000000000000000000000000000010111001000
000000000000000000000000000010111110000
000000000000000000000000000011000011000
000000000000000000000000000011001000000
000000000000000000000000000011001101000
000000000000000000000000000011010010000
000000000000000000000000000011010111000
000000000000000000000000000011011100000
000000000000000000000000000011100001000
000000000000000000000000000011100110000
000000000000000000000000000011101011000
000000000000000000000000000011110000000
000000000000000000000000000011110101000
000000000000000000000000000011111010000
000000000000000000000000000011111111000
000000000000000000000000000100000100000
000000000000000000000000000100001001000
000000000000000000000000000100001110000
000000000000000000000000000100010011000
000000000000000000000000000100011000000
000000000000000000000000000100011101000
000000000000000000000000000100100010000
000000000000000000000000000100100111000
000000000000000000000000000100101100000
000000000000000000000000000100110001000
000000000000000000000000000100110110000
000000000000000000000000000100111011000
000000000000000000000000000101000000000
000000000000000000000000000101000101000
000000000000000000000000000101001010000
000000000000000000000000000101001111000
000000000000000000000000000101010100000
000000000000000000000000000101011001000
000000000000000000000000000101011110000
000000000000000000000000000101100011000
000000000000000000000000000101101000000
000000000000000000000000000101101101000
000000000000000000000000000101110010000
000000000000000000000000000101110111000
000000000000000000000000000101111100000
000000000000000000000000000110000001000
000000000000000000000000000110000110000
000000000000000000000000000110001011000
000000000000000000000000000110010000000
000000000000000000000000000110010101000
000000000000000000000000000110011010000
000000000000000000000000000110011111000
000000000000000000000000000110100100000
000000000000000000000000000110101001000
000000000000000000000000000110101110000
000000000000000000000000000110110011000
000000000000000000000000000110111000000
000000000000000000000000000110111101000
000000000000000000000000000111000010000
000000000000000000000000000111000111000
000000000000000000000000000111001100000
000000000000000000000000000111010001000
000000000000000000000000000111010110000
000000000000000000000000000111011011000
000000000000000000000000000111100000000
000000000000000000000000000111100101000
000000000000000000000000000111101010000
000000000000000000000000000111101111000
000000000000000000000000000111110100000
000000000000000000000000000111111001000
000000000000000000000000000111111110000
000000000000000000000000001000000011000
000000000000000000000000001000001000000
000000000000000000000000001000001101000
000000000000000000000000001000010010000
000000000000000000000000001000010111000
000000000000000000000000001000011100000
000000000000000000000000001000100001000
000000000000000000000000001000100110000
000000000000000000000000001000101011000
000000000000000000000000001000110000000
000000000000000000000000001000110101000
000000000000000000000000001000111010000
000000000000000000000000001000111111000
000000000000000000000000001001000100000
000000000000000000000000001001001001000
000000000000000000000000001001001110000
000000000000000000000000001001010011000
000000000000000000000000001001011000000
000000000000000000000000001001011101000
000000000000000000000000001001100010000
000000000000000000000000001001100111000
000000000000000000000000001001101100000
000000000000000000000000001001110001000
000000000000000000000000001001110110000
000000000000000000000000001001111011000
000000000000000000000000001010000000000
000000000000000000000000001010000101000
000000000000000000000000001010001010000
000000000000000000000000001010001111000
000000000000000000000000001010010100000
000000000000000000000000001010011001000
000000000000000000000000001010011110000
000000000000000000000000001010100011000
000000000000000000000000001010101000000
000000000000000000000000001010101101000
000000000000000000000000001010110010000
000000000000000000000000001010110111000
000000000000000000000000001010111100000
000000000000000000000000001011000001000
000000000000000000000000001011000110000
000000000000000000000000001011001011000
000000000000000000000000001011010000000
000000000000000000000000001011010101000
000000000000000000000000001011011010000
000000000000000000000000001011011111000
000000000000000000000000001011100100000
000000000000000000000000001011101001000
000000000000000000000000001011101110000
000000000000000000000000001011110011000
000000000000000000000000001011111000000
000000000000000000000000001011111101000
000000000000000000000000001100000010000
000000000000000000000000001100000111000
000000000000000000000000001100001100000
000000000000000000000000001100010001000
000000000000000000000000001100010110000
000000000000000000000000001100011011000
000000000000000000000000001100100000000
000000000000000000000000001100100101000
000000000000000000000000001100101010000
000000000000000000000000001100101111000
000000000000000000000000001100110100000
000000000000000000000000001100111001000
000000000000000000000000001100111110000
000000000000000000000000001101000011000
000000000000000000000000001101001000000
000000000000000000000000001101001101000
000000000000000000000000001101010010000
000000000000000000000000001101010111000
000000000000000000000000001101011100000
000000000000000000000000001101100001000
000000000000000000000000001101100110000
000000000000000000000000001101101011000
000000000000000000000000001101110000000
000000000000000000000000001101110101000
000000000000000000000000001101111010000
000000000000000000000000001101111111000
000000000000000000000000001110000100000
000000000000000000000000001110001001000
000000000000000000000000001110001110000
000000000000000000000000001110010011000
000000000000000000000000001110011000000
000000000000000000000000001110011101000
000000000000000000000000001110100010000
000000000000000000000000001110100111000
000000000000000000000000001110101100000
000000000000000000000000001110110001000
000000000000000000000000001110110110000
000000000000000000000000001110111011000
000000000000000000000000001111000000000
000000000000000000000000001111000101000
000000000000000000000000001111001010000
000000000000000000000000001111001111000
000000000000000000000000001111010100000
000000000000000000000000001111011001000
000000000000000000000000001111011110000
000000000000000000000000001111100011000
000000000000000000000000001111101000000
000000000000000000000000001111101101000
000000000000000000000000001111110010000
000000000000000000000000001111110111000
000000000000000000000000001111111100000
000000000000000000000000010000000001000
000000000000000000000000010000000110000
000000000000000000000000010000001011000
000000000000000000000000010000010000000
000000000000000000000000010000010101000
000000000000000000000000010000011010000
000000000000000000000000010000011111000
000000000000000000000000010000100100000
000000000000000000000000010000101001000
000000000000000000000000010000101110000
000000000000000000000000010000110011000
000000000000000000000000010000111000000
000000000000000000000000010000111101000
000000000000000000000000010001000010000
000000000000000000000000010001000111000
000000000000000000000000010001001100000
000000000000000000000000010001010001000
000000000000000000000000010001010110000
000000000000000000000000010001011011000
000000000000000000000000010001100000000
000000000000000000000000010001100101000
000000000000000000000000010001101010000
000000000000000000000000010001101111000
000000000000000000000000010001110100000
000000000000000000000000010001111001000
000000000000000000000000010001111110000
000000000000000000000000010010000011000
000000000000000000000000010010001000000
000000000000000000000000010010001101000
000000000000000000000000010010010010000
000000000000000000000000010010010111000
000000000000000000000000010010011100000
000000000000000000000000010010100001000
000000000000000000000000010010100110000
000000000000000000000000010010101011000
000000000000000000000000010010110000000
000000000000000000000000010010110101000
000000000000000000000000010010111010000
000000000000000000000000010010111111000
000000000000000000000000010011000100000
000000000000000000000000010011001001000
000000000000000000000000010011001110000
000000000000000000000000010011010011000
000000000000000000000000010011011000000
000000000000000000000000010011011101000
000000000000000000000000010011100010000
000000000000000000000000010011100111000
000000000000000000000000010011101100000
000000000000000000000000010011110001000
000000000000000000000000010011110110000
000000000000000000000000010011111011000
