000000000000000000000000000000000000000
111111111111111111111111111111100101101
111111111111111111111111111111001011010
111111111111111111111111111110110000111
111111111111111111111111111110010110100
111111111111111111111111111101111100001
111111111111111111111111111101100001110
111111111111111111111111111101000111011
111111111111111111111111111100101101000
111111111111111111111111111100010010101
111111111111111111111111111011111000010
111111111111111111111111111011011101111
111111111111111111111111111011000011100
111111111111111111111111111010101001001
111111111111111111111111111010001110110
111111111111111111111111111001110100011
111111111111111111111111111001011010000
111111111111111111111111111000111111101
111111111111111111111111111000100101010
111111111111111111111111111000001010111
111111111111111111111111110111110000100
111111111111111111111111110111010110001
111111111111111111111111110110111011110
111111111111111111111111110110100001011
111111111111111111111111110110000111000
111111111111111111111111110101101100101
111111111111111111111111110101010010010
111111111111111111111111110100110111111
111111111111111111111111110100011101100
111111111111111111111111110100000011001
111111111111111111111111110011101000110
111111111111111111111111110011001110011
111111111111111111111111110010110100000
111111111111111111111111110010011001101
111111111111111111111111110001111111010
111111111111111111111111110001100100111
111111111111111111111111110001001010100
111111111111111111111111110000110000001
111111111111111111111111110000010101110
111111111111111111111111101111111011011
111111111111111111111111101111100001000
111111111111111111111111101111000110101
111111111111111111111111101110101100010
111111111111111111111111101110010001111
111111111111111111111111101101110111100
111111111111111111111111101101011101001
111111111111111111111111101101000010110
111111111111111111111111101100101000011
111111111111111111111111101100001110000
111111111111111111111111101011110011101
111111111111111111111111101011011001010
111111111111111111111111101010111110111
111111111111111111111111101010100100100
111111111111111111111111101010001010001
111111111111111111111111101001101111110
111111111111111111111111101001010101011
111111111111111111111111101000111011000
111111111111111111111111101000100000101
111111111111111111111111101000000110010
111111111111111111111111100111101011111
111111111111111111111111100111010001100
111111111111111111111111100110110111001
111111111111111111111111100110011100110
111111111111111111111111100110000010011
111111111111111111111111100101101000000
111111111111111111111111100101001101101
111111111111111111111111100100110011010
111111111111111111111111100100011000111
111111111111111111111111100011111110100
111111111111111111111111100011100100001
111111111111111111111111100011001001110
111111111111111111111111100010101111011
111111111111111111111111100010010101000
111111111111111111111111100001111010101
111111111111111111111111100001100000010
111111111111111111111111100001000101111
111111111111111111111111100000101011100
111111111111111111111111100000010001001
111111111111111111111111011111110110110
111111111111111111111111011111011100011
111111111111111111111111011111000010000
111111111111111111111111011110100111101
111111111111111111111111011110001101010
111111111111111111111111011101110010111
111111111111111111111111011101011000100
111111111111111111111111011100111110001
111111111111111111111111011100100011110
111111111111111111111111011100001001011
111111111111111111111111011011101111000
111111111111111111111111011011010100101
111111111111111111111111011010111010010
111111111111111111111111011010011111111
111111111111111111111111011010000101100
111111111111111111111111011001101011001
111111111111111111111111011001010000110
111111111111111111111111011000110110011
111111111111111111111111011000011100000
111111111111111111111111011000000001101
111111111111111111111111010111100111010
111111111111111111111111010111001100111
111111111111111111111111010110110010100
111111111111111111111111010110011000001
111111111111111111111111010101111101110
111111111111111111111111010101100011011
111111111111111111111111010101001001000
111111111111111111111111010100101110101
111111111111111111111111010100010100010
111111111111111111111111010011111001111
111111111111111111111111010011011111100
111111111111111111111111010011000101001
111111111111111111111111010010101010110
111111111111111111111111010010010000011
111111111111111111111111010001110110000
111111111111111111111111010001011011101
111111111111111111111111010001000001010
111111111111111111111111010000100110111
111111111111111111111111010000001100100
111111111111111111111111001111110010001
111111111111111111111111001111010111110
111111111111111111111111001110111101011
111111111111111111111111001110100011000
111111111111111111111111001110001000101
111111111111111111111111001101101110010
111111111111111111111111001101010011111
111111111111111111111111001100111001100
111111111111111111111111001100011111001
111111111111111111111111001100000100110
111111111111111111111111001011101010011
111111111111111111111111001011010000000
111111111111111111111111001010110101101
111111111111111111111111001010011011010
111111111111111111111111001010000000111
111111111111111111111111001001100110100
111111111111111111111111001001001100001
111111111111111111111111001000110001110
111111111111111111111111001000010111011
111111111111111111111111000111111101000
111111111111111111111111000111100010101
111111111111111111111111000111001000010
111111111111111111111111000110101101111
111111111111111111111111000110010011100
111111111111111111111111000101111001001
111111111111111111111111000101011110110
111111111111111111111111000101000100011
111111111111111111111111000100101010000
111111111111111111111111000100001111101
111111111111111111111111000011110101010
111111111111111111111111000011011010111
111111111111111111111111000011000000100
111111111111111111111111000010100110001
111111111111111111111111000010001011110
111111111111111111111111000001110001011
111111111111111111111111000001010111000
111111111111111111111111000000111100101
111111111111111111111111000000100010010
111111111111111111111111000000000111111
111111111111111111111110111111101101100
111111111111111111111110111111010011001
111111111111111111111110111110111000110
111111111111111111111110111110011110011
111111111111111111111110111110000100000
111111111111111111111110111101101001101
111111111111111111111110111101001111010
111111111111111111111110111100110100111
111111111111111111111110111100011010100
111111111111111111111110111100000000001
111111111111111111111110111011100101110
111111111111111111111110111011001011011
111111111111111111111110111010110001000
111111111111111111111110111010010110101
111111111111111111111110111001111100010
111111111111111111111110111001100001111
111111111111111111111110111001000111100
111111111111111111111110111000101101001
111111111111111111111110111000010010110
111111111111111111111110110111111000011
111111111111111111111110110111011110000
111111111111111111111110110111000011101
111111111111111111111110110110101001010
111111111111111111111110110110001110111
111111111111111111111110110101110100100
111111111111111111111110110101011010001
111111111111111111111110110100111111110
111111111111111111111110110100100101011
111111111111111111111110110100001011000
111111111111111111111110110011110000101
111111111111111111111110110011010110010
111111111111111111111110110010111011111
111111111111111111111110110010100001100
111111111111111111111110110010000111001
111111111111111111111110110001101100110
111111111111111111111110110001010010011
111111111111111111111110110000111000000
111111111111111111111110110000011101101
111111111111111111111110110000000011010
111111111111111111111110101111101000111
111111111111111111111110101111001110100
111111111111111111111110101110110100001
111111111111111111111110101110011001110
111111111111111111111110101101111111011
111111111111111111111110101101100101000
111111111111111111111110101101001010101
111111111111111111111110101100110000010
111111111111111111111110101100010101111
111111111111111111111110101011111011100
111111111111111111111110101011100001001
111111111111111111111110101011000110110
111111111111111111111110101010101100011
111111111111111111111110101010010010000
111111111111111111111110101001110111101
111111111111111111111110101001011101010
111111111111111111111110101001000010111
111111111111111111111110101000101000100
111111111111111111111110101000001110001
111111111111111111111110100111110011110
111111111111111111111110100111011001011
111111111111111111111110100110111111000
111111111111111111111110100110100100101
111111111111111111111110100110001010010
111111111111111111111110100101101111111
111111111111111111111110100101010101100
111111111111111111111110100100111011001
111111111111111111111110100100100000110
111111111111111111111110100100000110011
111111111111111111111110100011101100000
111111111111111111111110100011010001101
111111111111111111111110100010110111010
111111111111111111111110100010011100111
111111111111111111111110100010000010100
111111111111111111111110100001101000001
111111111111111111111110100001001101110
111111111111111111111110100000110011011
111111111111111111111110100000011001000
111111111111111111111110011111111110101
111111111111111111111110011111100100010
111111111111111111111110011111001001111
111111111111111111111110011110101111100
111111111111111111111110011110010101001
111111111111111111111110011101111010110
111111111111111111111110011101100000011
111111111111111111111110011101000110000
111111111111111111111110011100101011101
111111111111111111111110011100010001010
111111111111111111111110011011110110111
111111111111111111111110011011011100100
111111111111111111111110011011000010001
111111111111111111111110011010100111110
111111111111111111111110011010001101011
111111111111111111111110011001110011000
111111111111111111111110011001011000101
111111111111111111111110011000111110010
111111111111111111111110011000100011111
111111111111111111111110011000001001100
111111111111111111111110010111101111001
111111111111111111111110010111010100110
111111111111111111111110010110111010011
