000000000000000000000000000000000000000
111111111111111111111111111111111111011
111111111111111111111111111111111110110
111111111111111111111111111111111110001
111111111111111111111111111111111101100
111111111111111111111111111111111100111
111111111111111111111111111111111100010
111111111111111111111111111111111011101
111111111111111111111111111111111011000
111111111111111111111111111111111010011
111111111111111111111111111111111001110
111111111111111111111111111111111001001
111111111111111111111111111111111000100
111111111111111111111111111111110111111
111111111111111111111111111111110111010
111111111111111111111111111111110110101
111111111111111111111111111111110110000
111111111111111111111111111111110101011
111111111111111111111111111111110100110
111111111111111111111111111111110100001
111111111111111111111111111111110011100
111111111111111111111111111111110010111
111111111111111111111111111111110010010
111111111111111111111111111111110001101
111111111111111111111111111111110001000
111111111111111111111111111111110000011
111111111111111111111111111111101111110
111111111111111111111111111111101111001
111111111111111111111111111111101110100
111111111111111111111111111111101101111
111111111111111111111111111111101101010
111111111111111111111111111111101100101
111111111111111111111111111111101100000
111111111111111111111111111111101011011
111111111111111111111111111111101010110
111111111111111111111111111111101010001
111111111111111111111111111111101001100
111111111111111111111111111111101000111
111111111111111111111111111111101000010
111111111111111111111111111111100111101
111111111111111111111111111111100111000
111111111111111111111111111111100110011
111111111111111111111111111111100101110
111111111111111111111111111111100101001
111111111111111111111111111111100100100
111111111111111111111111111111100011111
111111111111111111111111111111100011010
111111111111111111111111111111100010101
111111111111111111111111111111100010000
111111111111111111111111111111100001011
111111111111111111111111111111100000110
111111111111111111111111111111100000001
111111111111111111111111111111011111100
111111111111111111111111111111011110111
111111111111111111111111111111011110010
111111111111111111111111111111011101101
111111111111111111111111111111011101000
111111111111111111111111111111011100011
111111111111111111111111111111011011110
111111111111111111111111111111011011001
111111111111111111111111111111011010100
111111111111111111111111111111011001111
111111111111111111111111111111011001010
111111111111111111111111111111011000101
111111111111111111111111111111011000000
111111111111111111111111111111010111011
111111111111111111111111111111010110110
111111111111111111111111111111010110001
111111111111111111111111111111010101100
111111111111111111111111111111010100111
111111111111111111111111111111010100010
111111111111111111111111111111010011101
111111111111111111111111111111010011000
111111111111111111111111111111010010011
111111111111111111111111111111010001110
111111111111111111111111111111010001001
111111111111111111111111111111010000100
111111111111111111111111111111001111111
111111111111111111111111111111001111010
111111111111111111111111111111001110101
111111111111111111111111111111001110000
111111111111111111111111111111001101011
111111111111111111111111111111001100110
111111111111111111111111111111001100001
111111111111111111111111111111001011100
111111111111111111111111111111001010111
111111111111111111111111111111001010010
111111111111111111111111111111001001101
111111111111111111111111111111001001000
111111111111111111111111111111001000011
111111111111111111111111111111000111110
111111111111111111111111111111000111001
111111111111111111111111111111000110100
111111111111111111111111111111000101111
111111111111111111111111111111000101010
111111111111111111111111111111000100101
111111111111111111111111111111000100000
111111111111111111111111111111000011011
111111111111111111111111111111000010110
111111111111111111111111111111000010001
111111111111111111111111111111000001100
111111111111111111111111111111000000111
111111111111111111111111111111000000010
111111111111111111111111111110111111101
111111111111111111111111111110111111000
111111111111111111111111111110111110011
111111111111111111111111111110111101110
111111111111111111111111111110111101001
111111111111111111111111111110111100100
111111111111111111111111111110111011111
111111111111111111111111111110111011010
111111111111111111111111111110111010101
111111111111111111111111111110111010000
111111111111111111111111111110111001011
111111111111111111111111111110111000110
111111111111111111111111111110111000001
111111111111111111111111111110110111100
111111111111111111111111111110110110111
111111111111111111111111111110110110010
111111111111111111111111111110110101101
111111111111111111111111111110110101000
111111111111111111111111111110110100011
111111111111111111111111111110110011110
111111111111111111111111111110110011001
111111111111111111111111111110110010100
111111111111111111111111111110110001111
111111111111111111111111111110110001010
111111111111111111111111111110110000101
111111111111111111111111111110110000000
111111111111111111111111111110101111011
111111111111111111111111111110101110110
111111111111111111111111111110101110001
111111111111111111111111111110101101100
111111111111111111111111111110101100111
111111111111111111111111111110101100010
111111111111111111111111111110101011101
111111111111111111111111111110101011000
111111111111111111111111111110101010011
111111111111111111111111111110101001110
111111111111111111111111111110101001001
111111111111111111111111111110101000100
111111111111111111111111111110100111111
111111111111111111111111111110100111010
111111111111111111111111111110100110101
111111111111111111111111111110100110000
111111111111111111111111111110100101011
111111111111111111111111111110100100110
111111111111111111111111111110100100001
111111111111111111111111111110100011100
111111111111111111111111111110100010111
111111111111111111111111111110100010010
111111111111111111111111111110100001101
111111111111111111111111111110100001000
111111111111111111111111111110100000011
111111111111111111111111111110011111110
111111111111111111111111111110011111001
111111111111111111111111111110011110100
111111111111111111111111111110011101111
111111111111111111111111111110011101010
111111111111111111111111111110011100101
111111111111111111111111111110011100000
111111111111111111111111111110011011011
111111111111111111111111111110011010110
111111111111111111111111111110011010001
111111111111111111111111111110011001100
111111111111111111111111111110011000111
111111111111111111111111111110011000010
111111111111111111111111111110010111101
111111111111111111111111111110010111000
111111111111111111111111111110010110011
111111111111111111111111111110010101110
111111111111111111111111111110010101001
111111111111111111111111111110010100100
111111111111111111111111111110010011111
111111111111111111111111111110010011010
111111111111111111111111111110010010101
111111111111111111111111111110010010000
111111111111111111111111111110010001011
111111111111111111111111111110010000110
111111111111111111111111111110010000001
111111111111111111111111111110001111100
111111111111111111111111111110001110111
111111111111111111111111111110001110010
111111111111111111111111111110001101101
111111111111111111111111111110001101000
111111111111111111111111111110001100011
111111111111111111111111111110001011110
111111111111111111111111111110001011001
111111111111111111111111111110001010100
111111111111111111111111111110001001111
111111111111111111111111111110001001010
111111111111111111111111111110001000101
111111111111111111111111111110001000000
111111111111111111111111111110000111011
111111111111111111111111111110000110110
111111111111111111111111111110000110001
111111111111111111111111111110000101100
111111111111111111111111111110000100111
111111111111111111111111111110000100010
111111111111111111111111111110000011101
111111111111111111111111111110000011000
111111111111111111111111111110000010011
111111111111111111111111111110000001110
111111111111111111111111111110000001001
111111111111111111111111111110000000100
111111111111111111111111111101111111111
111111111111111111111111111101111111010
111111111111111111111111111101111110101
111111111111111111111111111101111110000
111111111111111111111111111101111101011
111111111111111111111111111101111100110
111111111111111111111111111101111100001
111111111111111111111111111101111011100
111111111111111111111111111101111010111
111111111111111111111111111101111010010
111111111111111111111111111101111001101
111111111111111111111111111101111001000
111111111111111111111111111101111000011
111111111111111111111111111101110111110
111111111111111111111111111101110111001
111111111111111111111111111101110110100
111111111111111111111111111101110101111
111111111111111111111111111101110101010
111111111111111111111111111101110100101
111111111111111111111111111101110100000
111111111111111111111111111101110011011
111111111111111111111111111101110010110
111111111111111111111111111101110010001
111111111111111111111111111101110001100
111111111111111111111111111101110000111
111111111111111111111111111101110000010
111111111111111111111111111101101111101
111111111111111111111111111101101111000
111111111111111111111111111101101110011
111111111111111111111111111101101101110
111111111111111111111111111101101101001
111111111111111111111111111101101100100
111111111111111111111111111101101011111
111111111111111111111111111101101011010
111111111111111111111111111101101010101
111111111111111111111111111101101010000
111111111111111111111111111101101001011
111111111111111111111111111101101000110
111111111111111111111111111101101000001
111111111111111111111111111101100111100
111111111111111111111111111101100110111
111111111111111111111111111101100110010
111111111111111111111111111101100101101
111111111111111111111111111101100101000
111111111111111111111111111101100100011
111111111111111111111111111101100011110
111111111111111111111111111101100011001
111111111111111111111111111101100010100
111111111111111111111111111101100001111
111111111111111111111111111101100001010
111111111111111111111111111101100000101
