000000000000000000000000000000000000000
111111111111111111111111111111110110110
111111111111111111111111111111101101100
111111111111111111111111111111100100010
111111111111111111111111111111011011000
111111111111111111111111111111010001110
111111111111111111111111111111001000100
111111111111111111111111111110111111010
111111111111111111111111111110110110000
111111111111111111111111111110101100110
111111111111111111111111111110100011100
111111111111111111111111111110011010010
111111111111111111111111111110010001000
111111111111111111111111111110000111110
111111111111111111111111111101111110100
111111111111111111111111111101110101010
111111111111111111111111111101101100000
111111111111111111111111111101100010110
111111111111111111111111111101011001100
111111111111111111111111111101010000010
111111111111111111111111111101000111000
111111111111111111111111111100111101110
111111111111111111111111111100110100100
111111111111111111111111111100101011010
111111111111111111111111111100100010000
111111111111111111111111111100011000110
111111111111111111111111111100001111100
111111111111111111111111111100000110010
111111111111111111111111111011111101000
111111111111111111111111111011110011110
111111111111111111111111111011101010100
111111111111111111111111111011100001010
111111111111111111111111111011011000000
111111111111111111111111111011001110110
111111111111111111111111111011000101100
111111111111111111111111111010111100010
111111111111111111111111111010110011000
111111111111111111111111111010101001110
111111111111111111111111111010100000100
111111111111111111111111111010010111010
111111111111111111111111111010001110000
111111111111111111111111111010000100110
111111111111111111111111111001111011100
111111111111111111111111111001110010010
111111111111111111111111111001101001000
111111111111111111111111111001011111110
111111111111111111111111111001010110100
111111111111111111111111111001001101010
111111111111111111111111111001000100000
111111111111111111111111111000111010110
111111111111111111111111111000110001100
111111111111111111111111111000101000010
111111111111111111111111111000011111000
111111111111111111111111111000010101110
111111111111111111111111111000001100100
111111111111111111111111111000000011010
111111111111111111111111110111111010000
111111111111111111111111110111110000110
111111111111111111111111110111100111100
111111111111111111111111110111011110010
111111111111111111111111110111010101000
111111111111111111111111110111001011110
111111111111111111111111110111000010100
111111111111111111111111110110111001010
111111111111111111111111110110110000000
111111111111111111111111110110100110110
111111111111111111111111110110011101100
111111111111111111111111110110010100010
111111111111111111111111110110001011000
111111111111111111111111110110000001110
111111111111111111111111110101111000100
111111111111111111111111110101101111010
111111111111111111111111110101100110000
111111111111111111111111110101011100110
111111111111111111111111110101010011100
111111111111111111111111110101001010010
111111111111111111111111110101000001000
111111111111111111111111110100110111110
111111111111111111111111110100101110100
111111111111111111111111110100100101010
111111111111111111111111110100011100000
111111111111111111111111110100010010110
111111111111111111111111110100001001100
111111111111111111111111110100000000010
111111111111111111111111110011110111000
111111111111111111111111110011101101110
111111111111111111111111110011100100100
111111111111111111111111110011011011010
111111111111111111111111110011010010000
111111111111111111111111110011001000110
111111111111111111111111110010111111100
111111111111111111111111110010110110010
111111111111111111111111110010101101000
111111111111111111111111110010100011110
111111111111111111111111110010011010100
111111111111111111111111110010010001010
111111111111111111111111110010001000000
111111111111111111111111110001111110110
111111111111111111111111110001110101100
111111111111111111111111110001101100010
111111111111111111111111110001100011000
111111111111111111111111110001011001110
111111111111111111111111110001010000100
111111111111111111111111110001000111010
111111111111111111111111110000111110000
111111111111111111111111110000110100110
111111111111111111111111110000101011100
111111111111111111111111110000100010010
111111111111111111111111110000011001000
111111111111111111111111110000001111110
111111111111111111111111110000000110100
111111111111111111111111101111111101010
111111111111111111111111101111110100000
111111111111111111111111101111101010110
111111111111111111111111101111100001100
111111111111111111111111101111011000010
111111111111111111111111101111001111000
111111111111111111111111101111000101110
111111111111111111111111101110111100100
111111111111111111111111101110110011010
111111111111111111111111101110101010000
111111111111111111111111101110100000110
111111111111111111111111101110010111100
111111111111111111111111101110001110010
111111111111111111111111101110000101000
111111111111111111111111101101111011110
111111111111111111111111101101110010100
111111111111111111111111101101101001010
111111111111111111111111101101100000000
111111111111111111111111101101010110110
111111111111111111111111101101001101100
111111111111111111111111101101000100010
111111111111111111111111101100111011000
111111111111111111111111101100110001110
111111111111111111111111101100101000100
111111111111111111111111101100011111010
111111111111111111111111101100010110000
111111111111111111111111101100001100110
111111111111111111111111101100000011100
111111111111111111111111101011111010010
111111111111111111111111101011110001000
111111111111111111111111101011100111110
111111111111111111111111101011011110100
111111111111111111111111101011010101010
111111111111111111111111101011001100000
111111111111111111111111101011000010110
111111111111111111111111101010111001100
111111111111111111111111101010110000010
111111111111111111111111101010100111000
111111111111111111111111101010011101110
111111111111111111111111101010010100100
111111111111111111111111101010001011010
111111111111111111111111101010000010000
111111111111111111111111101001111000110
111111111111111111111111101001101111100
111111111111111111111111101001100110010
111111111111111111111111101001011101000
111111111111111111111111101001010011110
111111111111111111111111101001001010100
111111111111111111111111101001000001010
111111111111111111111111101000111000000
111111111111111111111111101000101110110
111111111111111111111111101000100101100
111111111111111111111111101000011100010
111111111111111111111111101000010011000
111111111111111111111111101000001001110
111111111111111111111111101000000000100
111111111111111111111111100111110111010
111111111111111111111111100111101110000
111111111111111111111111100111100100110
111111111111111111111111100111011011100
111111111111111111111111100111010010010
111111111111111111111111100111001001000
111111111111111111111111100110111111110
111111111111111111111111100110110110100
111111111111111111111111100110101101010
111111111111111111111111100110100100000
111111111111111111111111100110011010110
111111111111111111111111100110010001100
111111111111111111111111100110001000010
111111111111111111111111100101111111000
111111111111111111111111100101110101110
111111111111111111111111100101101100100
111111111111111111111111100101100011010
111111111111111111111111100101011010000
111111111111111111111111100101010000110
111111111111111111111111100101000111100
111111111111111111111111100100111110010
111111111111111111111111100100110101000
111111111111111111111111100100101011110
111111111111111111111111100100100010100
111111111111111111111111100100011001010
111111111111111111111111100100010000000
111111111111111111111111100100000110110
111111111111111111111111100011111101100
111111111111111111111111100011110100010
111111111111111111111111100011101011000
111111111111111111111111100011100001110
111111111111111111111111100011011000100
111111111111111111111111100011001111010
111111111111111111111111100011000110000
111111111111111111111111100010111100110
111111111111111111111111100010110011100
111111111111111111111111100010101010010
111111111111111111111111100010100001000
111111111111111111111111100010010111110
111111111111111111111111100010001110100
111111111111111111111111100010000101010
111111111111111111111111100001111100000
111111111111111111111111100001110010110
111111111111111111111111100001101001100
111111111111111111111111100001100000010
111111111111111111111111100001010111000
111111111111111111111111100001001101110
111111111111111111111111100001000100100
111111111111111111111111100000111011010
111111111111111111111111100000110010000
111111111111111111111111100000101000110
111111111111111111111111100000011111100
111111111111111111111111100000010110010
111111111111111111111111100000001101000
111111111111111111111111100000000011110
111111111111111111111111011111111010100
111111111111111111111111011111110001010
111111111111111111111111011111101000000
111111111111111111111111011111011110110
111111111111111111111111011111010101100
111111111111111111111111011111001100010
111111111111111111111111011111000011000
111111111111111111111111011110111001110
111111111111111111111111011110110000100
111111111111111111111111011110100111010
111111111111111111111111011110011110000
111111111111111111111111011110010100110
111111111111111111111111011110001011100
111111111111111111111111011110000010010
111111111111111111111111011101111001000
111111111111111111111111011101101111110
111111111111111111111111011101100110100
111111111111111111111111011101011101010
111111111111111111111111011101010100000
111111111111111111111111011101001010110
111111111111111111111111011101000001100
111111111111111111111111011100111000010
111111111111111111111111011100101111000
111111111111111111111111011100100101110
111111111111111111111111011100011100100
111111111111111111111111011100010011010
111111111111111111111111011100001010000
111111111111111111111111011100000000110
111111111111111111111111011011110111100
111111111111111111111111011011101110010
111111111111111111111111011011100101000
111111111111111111111111011011011011110
111111111111111111111111011011010010100
111111111111111111111111011011001001010
