000000000000000000000000000000000000000
111111111111111111111111111111100011110
111111111111111111111111111111000111100
111111111111111111111111111110101011010
111111111111111111111111111110001111000
111111111111111111111111111101110010110
111111111111111111111111111101010110100
111111111111111111111111111100111010010
111111111111111111111111111100011110000
111111111111111111111111111100000001110
111111111111111111111111111011100101100
111111111111111111111111111011001001010
111111111111111111111111111010101101000
111111111111111111111111111010010000110
111111111111111111111111111001110100100
111111111111111111111111111001011000010
111111111111111111111111111000111100000
111111111111111111111111111000011111110
111111111111111111111111111000000011100
111111111111111111111111110111100111010
111111111111111111111111110111001011000
111111111111111111111111110110101110110
111111111111111111111111110110010010100
111111111111111111111111110101110110010
111111111111111111111111110101011010000
111111111111111111111111110100111101110
111111111111111111111111110100100001100
111111111111111111111111110100000101010
111111111111111111111111110011101001000
111111111111111111111111110011001100110
111111111111111111111111110010110000100
111111111111111111111111110010010100010
111111111111111111111111110001111000000
111111111111111111111111110001011011110
111111111111111111111111110000111111100
111111111111111111111111110000100011010
111111111111111111111111110000000111000
111111111111111111111111101111101010110
111111111111111111111111101111001110100
111111111111111111111111101110110010010
111111111111111111111111101110010110000
111111111111111111111111101101111001110
111111111111111111111111101101011101100
111111111111111111111111101101000001010
111111111111111111111111101100100101000
111111111111111111111111101100001000110
111111111111111111111111101011101100100
111111111111111111111111101011010000010
111111111111111111111111101010110100000
111111111111111111111111101010010111110
111111111111111111111111101001111011100
111111111111111111111111101001011111010
111111111111111111111111101001000011000
111111111111111111111111101000100110110
111111111111111111111111101000001010100
111111111111111111111111100111101110010
111111111111111111111111100111010010000
111111111111111111111111100110110101110
111111111111111111111111100110011001100
111111111111111111111111100101111101010
111111111111111111111111100101100001000
111111111111111111111111100101000100110
111111111111111111111111100100101000100
111111111111111111111111100100001100010
111111111111111111111111100011110000000
111111111111111111111111100011010011110
111111111111111111111111100010110111100
111111111111111111111111100010011011010
111111111111111111111111100001111111000
111111111111111111111111100001100010110
111111111111111111111111100001000110100
111111111111111111111111100000101010010
111111111111111111111111100000001110000
111111111111111111111111011111110001110
111111111111111111111111011111010101100
111111111111111111111111011110111001010
111111111111111111111111011110011101000
111111111111111111111111011110000000110
111111111111111111111111011101100100100
111111111111111111111111011101001000010
111111111111111111111111011100101100000
111111111111111111111111011100001111110
111111111111111111111111011011110011100
111111111111111111111111011011010111010
111111111111111111111111011010111011000
111111111111111111111111011010011110110
111111111111111111111111011010000010100
111111111111111111111111011001100110010
111111111111111111111111011001001010000
111111111111111111111111011000101101110
111111111111111111111111011000010001100
111111111111111111111111010111110101010
111111111111111111111111010111011001000
111111111111111111111111010110111100110
111111111111111111111111010110100000100
111111111111111111111111010110000100010
111111111111111111111111010101101000000
111111111111111111111111010101001011110
111111111111111111111111010100101111100
111111111111111111111111010100010011010
111111111111111111111111010011110111000
111111111111111111111111010011011010110
111111111111111111111111010010111110100
111111111111111111111111010010100010010
111111111111111111111111010010000110000
111111111111111111111111010001101001110
111111111111111111111111010001001101100
111111111111111111111111010000110001010
111111111111111111111111010000010101000
111111111111111111111111001111111000110
111111111111111111111111001111011100100
111111111111111111111111001111000000010
111111111111111111111111001110100100000
111111111111111111111111001110000111110
111111111111111111111111001101101011100
111111111111111111111111001101001111010
111111111111111111111111001100110011000
111111111111111111111111001100010110110
111111111111111111111111001011111010100
111111111111111111111111001011011110010
111111111111111111111111001011000010000
111111111111111111111111001010100101110
111111111111111111111111001010001001100
111111111111111111111111001001101101010
111111111111111111111111001001010001000
111111111111111111111111001000110100110
111111111111111111111111001000011000100
111111111111111111111111000111111100010
111111111111111111111111000111100000000
111111111111111111111111000111000011110
111111111111111111111111000110100111100
111111111111111111111111000110001011010
111111111111111111111111000101101111000
111111111111111111111111000101010010110
111111111111111111111111000100110110100
111111111111111111111111000100011010010
111111111111111111111111000011111110000
111111111111111111111111000011100001110
111111111111111111111111000011000101100
111111111111111111111111000010101001010
111111111111111111111111000010001101000
111111111111111111111111000001110000110
111111111111111111111111000001010100100
111111111111111111111111000000111000010
111111111111111111111111000000011100000
111111111111111111111110111111111111110
111111111111111111111110111111100011100
111111111111111111111110111111000111010
111111111111111111111110111110101011000
111111111111111111111110111110001110110
111111111111111111111110111101110010100
111111111111111111111110111101010110010
111111111111111111111110111100111010000
111111111111111111111110111100011101110
111111111111111111111110111100000001100
111111111111111111111110111011100101010
111111111111111111111110111011001001000
111111111111111111111110111010101100110
111111111111111111111110111010010000100
111111111111111111111110111001110100010
111111111111111111111110111001011000000
111111111111111111111110111000111011110
111111111111111111111110111000011111100
111111111111111111111110111000000011010
111111111111111111111110110111100111000
111111111111111111111110110111001010110
111111111111111111111110110110101110100
111111111111111111111110110110010010010
111111111111111111111110110101110110000
111111111111111111111110110101011001110
111111111111111111111110110100111101100
111111111111111111111110110100100001010
111111111111111111111110110100000101000
111111111111111111111110110011101000110
111111111111111111111110110011001100100
111111111111111111111110110010110000010
111111111111111111111110110010010100000
111111111111111111111110110001110111110
111111111111111111111110110001011011100
111111111111111111111110110000111111010
111111111111111111111110110000100011000
111111111111111111111110110000000110110
111111111111111111111110101111101010100
111111111111111111111110101111001110010
111111111111111111111110101110110010000
111111111111111111111110101110010101110
111111111111111111111110101101111001100
111111111111111111111110101101011101010
111111111111111111111110101101000001000
111111111111111111111110101100100100110
111111111111111111111110101100001000100
111111111111111111111110101011101100010
111111111111111111111110101011010000000
111111111111111111111110101010110011110
111111111111111111111110101010010111100
111111111111111111111110101001111011010
111111111111111111111110101001011111000
111111111111111111111110101001000010110
111111111111111111111110101000100110100
111111111111111111111110101000001010010
111111111111111111111110100111101110000
111111111111111111111110100111010001110
111111111111111111111110100110110101100
111111111111111111111110100110011001010
111111111111111111111110100101111101000
111111111111111111111110100101100000110
111111111111111111111110100101000100100
111111111111111111111110100100101000010
111111111111111111111110100100001100000
111111111111111111111110100011101111110
111111111111111111111110100011010011100
111111111111111111111110100010110111010
111111111111111111111110100010011011000
111111111111111111111110100001111110110
111111111111111111111110100001100010100
111111111111111111111110100001000110010
111111111111111111111110100000101010000
111111111111111111111110100000001101110
111111111111111111111110011111110001100
111111111111111111111110011111010101010
111111111111111111111110011110111001000
111111111111111111111110011110011100110
111111111111111111111110011110000000100
111111111111111111111110011101100100010
111111111111111111111110011101001000000
111111111111111111111110011100101011110
111111111111111111111110011100001111100
111111111111111111111110011011110011010
111111111111111111111110011011010111000
111111111111111111111110011010111010110
111111111111111111111110011010011110100
111111111111111111111110011010000010010
111111111111111111111110011001100110000
111111111111111111111110011001001001110
111111111111111111111110011000101101100
111111111111111111111110011000010001010
111111111111111111111110010111110101000
111111111111111111111110010111011000110
111111111111111111111110010110111100100
111111111111111111111110010110100000010
111111111111111111111110010110000100000
111111111111111111111110010101100111110
111111111111111111111110010101001011100
111111111111111111111110010100101111010
111111111111111111111110010100010011000
111111111111111111111110010011110110110
111111111111111111111110010011011010100
111111111111111111111110010010111110010
111111111111111111111110010010100010000
111111111111111111111110010010000101110
111111111111111111111110010001101001100
111111111111111111111110010001001101010
111111111111111111111110010000110001000
111111111111111111111110010000010100110
111111111111111111111110001111111000100
111111111111111111111110001111011100010
