000000000000000000000000000000000000000
000000000000000000000000000000000010001
000000000000000000000000000000000100010
000000000000000000000000000000000110011
000000000000000000000000000000001000100
000000000000000000000000000000001010101
000000000000000000000000000000001100110
000000000000000000000000000000001110111
000000000000000000000000000000010001000
000000000000000000000000000000010011001
000000000000000000000000000000010101010
000000000000000000000000000000010111011
000000000000000000000000000000011001100
000000000000000000000000000000011011101
000000000000000000000000000000011101110
000000000000000000000000000000011111111
000000000000000000000000000000100010000
000000000000000000000000000000100100001
000000000000000000000000000000100110010
000000000000000000000000000000101000011
000000000000000000000000000000101010100
000000000000000000000000000000101100101
000000000000000000000000000000101110110
000000000000000000000000000000110000111
000000000000000000000000000000110011000
000000000000000000000000000000110101001
000000000000000000000000000000110111010
000000000000000000000000000000111001011
000000000000000000000000000000111011100
000000000000000000000000000000111101101
000000000000000000000000000000111111110
000000000000000000000000000001000001111
000000000000000000000000000001000100000
000000000000000000000000000001000110001
000000000000000000000000000001001000010
000000000000000000000000000001001010011
000000000000000000000000000001001100100
000000000000000000000000000001001110101
000000000000000000000000000001010000110
000000000000000000000000000001010010111
000000000000000000000000000001010101000
000000000000000000000000000001010111001
000000000000000000000000000001011001010
000000000000000000000000000001011011011
000000000000000000000000000001011101100
000000000000000000000000000001011111101
000000000000000000000000000001100001110
000000000000000000000000000001100011111
000000000000000000000000000001100110000
000000000000000000000000000001101000001
000000000000000000000000000001101010010
000000000000000000000000000001101100011
000000000000000000000000000001101110100
000000000000000000000000000001110000101
000000000000000000000000000001110010110
000000000000000000000000000001110100111
000000000000000000000000000001110111000
000000000000000000000000000001111001001
000000000000000000000000000001111011010
000000000000000000000000000001111101011
000000000000000000000000000001111111100
000000000000000000000000000010000001101
000000000000000000000000000010000011110
000000000000000000000000000010000101111
000000000000000000000000000010001000000
000000000000000000000000000010001010001
000000000000000000000000000010001100010
000000000000000000000000000010001110011
000000000000000000000000000010010000100
000000000000000000000000000010010010101
000000000000000000000000000010010100110
000000000000000000000000000010010110111
000000000000000000000000000010011001000
000000000000000000000000000010011011001
000000000000000000000000000010011101010
000000000000000000000000000010011111011
000000000000000000000000000010100001100
000000000000000000000000000010100011101
000000000000000000000000000010100101110
000000000000000000000000000010100111111
000000000000000000000000000010101010000
000000000000000000000000000010101100001
000000000000000000000000000010101110010
000000000000000000000000000010110000011
000000000000000000000000000010110010100
000000000000000000000000000010110100101
000000000000000000000000000010110110110
000000000000000000000000000010111000111
000000000000000000000000000010111011000
000000000000000000000000000010111101001
000000000000000000000000000010111111010
000000000000000000000000000011000001011
000000000000000000000000000011000011100
000000000000000000000000000011000101101
000000000000000000000000000011000111110
000000000000000000000000000011001001111
000000000000000000000000000011001100000
000000000000000000000000000011001110001
000000000000000000000000000011010000010
000000000000000000000000000011010010011
000000000000000000000000000011010100100
000000000000000000000000000011010110101
000000000000000000000000000011011000110
000000000000000000000000000011011010111
000000000000000000000000000011011101000
000000000000000000000000000011011111001
000000000000000000000000000011100001010
000000000000000000000000000011100011011
000000000000000000000000000011100101100
000000000000000000000000000011100111101
000000000000000000000000000011101001110
000000000000000000000000000011101011111
000000000000000000000000000011101110000
000000000000000000000000000011110000001
000000000000000000000000000011110010010
000000000000000000000000000011110100011
000000000000000000000000000011110110100
000000000000000000000000000011111000101
000000000000000000000000000011111010110
000000000000000000000000000011111100111
000000000000000000000000000011111111000
000000000000000000000000000100000001001
000000000000000000000000000100000011010
000000000000000000000000000100000101011
000000000000000000000000000100000111100
000000000000000000000000000100001001101
000000000000000000000000000100001011110
000000000000000000000000000100001101111
000000000000000000000000000100010000000
000000000000000000000000000100010010001
000000000000000000000000000100010100010
000000000000000000000000000100010110011
000000000000000000000000000100011000100
000000000000000000000000000100011010101
000000000000000000000000000100011100110
000000000000000000000000000100011110111
000000000000000000000000000100100001000
000000000000000000000000000100100011001
000000000000000000000000000100100101010
000000000000000000000000000100100111011
000000000000000000000000000100101001100
000000000000000000000000000100101011101
000000000000000000000000000100101101110
000000000000000000000000000100101111111
000000000000000000000000000100110010000
000000000000000000000000000100110100001
000000000000000000000000000100110110010
000000000000000000000000000100111000011
000000000000000000000000000100111010100
000000000000000000000000000100111100101
000000000000000000000000000100111110110
000000000000000000000000000101000000111
000000000000000000000000000101000011000
000000000000000000000000000101000101001
000000000000000000000000000101000111010
000000000000000000000000000101001001011
000000000000000000000000000101001011100
000000000000000000000000000101001101101
000000000000000000000000000101001111110
000000000000000000000000000101010001111
000000000000000000000000000101010100000
000000000000000000000000000101010110001
000000000000000000000000000101011000010
000000000000000000000000000101011010011
000000000000000000000000000101011100100
000000000000000000000000000101011110101
000000000000000000000000000101100000110
000000000000000000000000000101100010111
000000000000000000000000000101100101000
000000000000000000000000000101100111001
000000000000000000000000000101101001010
000000000000000000000000000101101011011
000000000000000000000000000101101101100
000000000000000000000000000101101111101
000000000000000000000000000101110001110
000000000000000000000000000101110011111
000000000000000000000000000101110110000
000000000000000000000000000101111000001
000000000000000000000000000101111010010
000000000000000000000000000101111100011
000000000000000000000000000101111110100
000000000000000000000000000110000000101
000000000000000000000000000110000010110
000000000000000000000000000110000100111
000000000000000000000000000110000111000
000000000000000000000000000110001001001
000000000000000000000000000110001011010
000000000000000000000000000110001101011
000000000000000000000000000110001111100
000000000000000000000000000110010001101
000000000000000000000000000110010011110
000000000000000000000000000110010101111
000000000000000000000000000110011000000
000000000000000000000000000110011010001
000000000000000000000000000110011100010
000000000000000000000000000110011110011
000000000000000000000000000110100000100
000000000000000000000000000110100010101
000000000000000000000000000110100100110
000000000000000000000000000110100110111
000000000000000000000000000110101001000
000000000000000000000000000110101011001
000000000000000000000000000110101101010
000000000000000000000000000110101111011
000000000000000000000000000110110001100
000000000000000000000000000110110011101
000000000000000000000000000110110101110
000000000000000000000000000110110111111
000000000000000000000000000110111010000
000000000000000000000000000110111100001
000000000000000000000000000110111110010
000000000000000000000000000111000000011
000000000000000000000000000111000010100
000000000000000000000000000111000100101
000000000000000000000000000111000110110
000000000000000000000000000111001000111
000000000000000000000000000111001011000
000000000000000000000000000111001101001
000000000000000000000000000111001111010
000000000000000000000000000111010001011
000000000000000000000000000111010011100
000000000000000000000000000111010101101
000000000000000000000000000111010111110
000000000000000000000000000111011001111
000000000000000000000000000111011100000
000000000000000000000000000111011110001
000000000000000000000000000111100000010
000000000000000000000000000111100010011
000000000000000000000000000111100100100
000000000000000000000000000111100110101
000000000000000000000000000111101000110
000000000000000000000000000111101010111
000000000000000000000000000111101101000
000000000000000000000000000111101111001
000000000000000000000000000111110001010
000000000000000000000000000111110011011
000000000000000000000000000111110101100
000000000000000000000000000111110111101
000000000000000000000000000111111001110
000000000000000000000000000111111011111
000000000000000000000000000111111110000
000000000000000000000000001000000000001
000000000000000000000000001000000010010
000000000000000000000000001000000100011
000000000000000000000000001000000110100
000000000000000000000000001000001000101
000000000000000000000000001000001010110
000000000000000000000000001000001100111
000000000000000000000000001000001111000
000000000000000000000000001000010001001
000000000000000000000000001000010011010
000000000000000000000000001000010101011
000000000000000000000000001000010111100
000000000000000000000000001000011001101
000000000000000000000000001000011011110
000000000000000000000000001000011101111
