000000000000000000000000000000000000000
000000000000000000000000000000000011101
000000000000000000000000000000000111010
000000000000000000000000000000001010111
000000000000000000000000000000001110100
000000000000000000000000000000010010001
000000000000000000000000000000010101110
000000000000000000000000000000011001011
000000000000000000000000000000011101000
000000000000000000000000000000100000101
000000000000000000000000000000100100010
000000000000000000000000000000100111111
000000000000000000000000000000101011100
000000000000000000000000000000101111001
000000000000000000000000000000110010110
000000000000000000000000000000110110011
000000000000000000000000000000111010000
000000000000000000000000000000111101101
000000000000000000000000000001000001010
000000000000000000000000000001000100111
000000000000000000000000000001001000100
000000000000000000000000000001001100001
000000000000000000000000000001001111110
000000000000000000000000000001010011011
000000000000000000000000000001010111000
000000000000000000000000000001011010101
000000000000000000000000000001011110010
000000000000000000000000000001100001111
000000000000000000000000000001100101100
000000000000000000000000000001101001001
000000000000000000000000000001101100110
000000000000000000000000000001110000011
000000000000000000000000000001110100000
000000000000000000000000000001110111101
000000000000000000000000000001111011010
000000000000000000000000000001111110111
000000000000000000000000000010000010100
000000000000000000000000000010000110001
000000000000000000000000000010001001110
000000000000000000000000000010001101011
000000000000000000000000000010010001000
000000000000000000000000000010010100101
000000000000000000000000000010011000010
000000000000000000000000000010011011111
000000000000000000000000000010011111100
000000000000000000000000000010100011001
000000000000000000000000000010100110110
000000000000000000000000000010101010011
000000000000000000000000000010101110000
000000000000000000000000000010110001101
000000000000000000000000000010110101010
000000000000000000000000000010111000111
000000000000000000000000000010111100100
000000000000000000000000000011000000001
000000000000000000000000000011000011110
000000000000000000000000000011000111011
000000000000000000000000000011001011000
000000000000000000000000000011001110101
000000000000000000000000000011010010010
000000000000000000000000000011010101111
000000000000000000000000000011011001100
000000000000000000000000000011011101001
000000000000000000000000000011100000110
000000000000000000000000000011100100011
000000000000000000000000000011101000000
000000000000000000000000000011101011101
000000000000000000000000000011101111010
000000000000000000000000000011110010111
000000000000000000000000000011110110100
000000000000000000000000000011111010001
000000000000000000000000000011111101110
000000000000000000000000000100000001011
000000000000000000000000000100000101000
000000000000000000000000000100001000101
000000000000000000000000000100001100010
000000000000000000000000000100001111111
000000000000000000000000000100010011100
000000000000000000000000000100010111001
000000000000000000000000000100011010110
000000000000000000000000000100011110011
000000000000000000000000000100100010000
000000000000000000000000000100100101101
000000000000000000000000000100101001010
000000000000000000000000000100101100111
000000000000000000000000000100110000100
000000000000000000000000000100110100001
000000000000000000000000000100110111110
000000000000000000000000000100111011011
000000000000000000000000000100111111000
000000000000000000000000000101000010101
000000000000000000000000000101000110010
000000000000000000000000000101001001111
000000000000000000000000000101001101100
000000000000000000000000000101010001001
000000000000000000000000000101010100110
000000000000000000000000000101011000011
000000000000000000000000000101011100000
000000000000000000000000000101011111101
000000000000000000000000000101100011010
000000000000000000000000000101100110111
000000000000000000000000000101101010100
000000000000000000000000000101101110001
000000000000000000000000000101110001110
000000000000000000000000000101110101011
000000000000000000000000000101111001000
000000000000000000000000000101111100101
000000000000000000000000000110000000010
000000000000000000000000000110000011111
000000000000000000000000000110000111100
000000000000000000000000000110001011001
000000000000000000000000000110001110110
000000000000000000000000000110010010011
000000000000000000000000000110010110000
000000000000000000000000000110011001101
000000000000000000000000000110011101010
000000000000000000000000000110100000111
000000000000000000000000000110100100100
000000000000000000000000000110101000001
000000000000000000000000000110101011110
000000000000000000000000000110101111011
000000000000000000000000000110110011000
000000000000000000000000000110110110101
000000000000000000000000000110111010010
000000000000000000000000000110111101111
000000000000000000000000000111000001100
000000000000000000000000000111000101001
000000000000000000000000000111001000110
000000000000000000000000000111001100011
000000000000000000000000000111010000000
000000000000000000000000000111010011101
000000000000000000000000000111010111010
000000000000000000000000000111011010111
000000000000000000000000000111011110100
000000000000000000000000000111100010001
000000000000000000000000000111100101110
000000000000000000000000000111101001011
000000000000000000000000000111101101000
000000000000000000000000000111110000101
000000000000000000000000000111110100010
000000000000000000000000000111110111111
000000000000000000000000000111111011100
000000000000000000000000000111111111001
000000000000000000000000001000000010110
000000000000000000000000001000000110011
000000000000000000000000001000001010000
000000000000000000000000001000001101101
000000000000000000000000001000010001010
000000000000000000000000001000010100111
000000000000000000000000001000011000100
000000000000000000000000001000011100001
000000000000000000000000001000011111110
000000000000000000000000001000100011011
000000000000000000000000001000100111000
000000000000000000000000001000101010101
000000000000000000000000001000101110010
000000000000000000000000001000110001111
000000000000000000000000001000110101100
000000000000000000000000001000111001001
000000000000000000000000001000111100110
000000000000000000000000001001000000011
000000000000000000000000001001000100000
000000000000000000000000001001000111101
000000000000000000000000001001001011010
000000000000000000000000001001001110111
000000000000000000000000001001010010100
000000000000000000000000001001010110001
000000000000000000000000001001011001110
000000000000000000000000001001011101011
000000000000000000000000001001100001000
000000000000000000000000001001100100101
000000000000000000000000001001101000010
000000000000000000000000001001101011111
000000000000000000000000001001101111100
000000000000000000000000001001110011001
000000000000000000000000001001110110110
000000000000000000000000001001111010011
000000000000000000000000001001111110000
000000000000000000000000001010000001101
000000000000000000000000001010000101010
000000000000000000000000001010001000111
000000000000000000000000001010001100100
000000000000000000000000001010010000001
000000000000000000000000001010010011110
000000000000000000000000001010010111011
000000000000000000000000001010011011000
000000000000000000000000001010011110101
000000000000000000000000001010100010010
000000000000000000000000001010100101111
000000000000000000000000001010101001100
000000000000000000000000001010101101001
000000000000000000000000001010110000110
000000000000000000000000001010110100011
000000000000000000000000001010111000000
000000000000000000000000001010111011101
000000000000000000000000001010111111010
000000000000000000000000001011000010111
000000000000000000000000001011000110100
000000000000000000000000001011001010001
000000000000000000000000001011001101110
000000000000000000000000001011010001011
000000000000000000000000001011010101000
000000000000000000000000001011011000101
000000000000000000000000001011011100010
000000000000000000000000001011011111111
000000000000000000000000001011100011100
000000000000000000000000001011100111001
000000000000000000000000001011101010110
000000000000000000000000001011101110011
000000000000000000000000001011110010000
000000000000000000000000001011110101101
000000000000000000000000001011111001010
000000000000000000000000001011111100111
000000000000000000000000001100000000100
000000000000000000000000001100000100001
000000000000000000000000001100000111110
000000000000000000000000001100001011011
000000000000000000000000001100001111000
000000000000000000000000001100010010101
000000000000000000000000001100010110010
000000000000000000000000001100011001111
000000000000000000000000001100011101100
000000000000000000000000001100100001001
000000000000000000000000001100100100110
000000000000000000000000001100101000011
000000000000000000000000001100101100000
000000000000000000000000001100101111101
000000000000000000000000001100110011010
000000000000000000000000001100110110111
000000000000000000000000001100111010100
000000000000000000000000001100111110001
000000000000000000000000001101000001110
000000000000000000000000001101000101011
000000000000000000000000001101001001000
000000000000000000000000001101001100101
000000000000000000000000001101010000010
000000000000000000000000001101010011111
000000000000000000000000001101010111100
000000000000000000000000001101011011001
000000000000000000000000001101011110110
000000000000000000000000001101100010011
000000000000000000000000001101100110000
000000000000000000000000001101101001101
000000000000000000000000001101101101010
000000000000000000000000001101110000111
000000000000000000000000001101110100100
000000000000000000000000001101111000001
000000000000000000000000001101111011110
000000000000000000000000001101111111011
000000000000000000000000001110000011000
000000000000000000000000001110000110101
000000000000000000000000001110001010010
000000000000000000000000001110001101111
000000000000000000000000001110010001100
000000000000000000000000001110010101001
000000000000000000000000001110011000110
000000000000000000000000001110011100011
