000000000000000000000000000000000000000
111111111111111111111111111111111100100
111111111111111111111111111111111001000
111111111111111111111111111111110101100
111111111111111111111111111111110010000
111111111111111111111111111111101110100
111111111111111111111111111111101011000
111111111111111111111111111111100111100
111111111111111111111111111111100100000
111111111111111111111111111111100000100
111111111111111111111111111111011101000
111111111111111111111111111111011001100
111111111111111111111111111111010110000
111111111111111111111111111111010010100
111111111111111111111111111111001111000
111111111111111111111111111111001011100
111111111111111111111111111111001000000
111111111111111111111111111111000100100
111111111111111111111111111111000001000
111111111111111111111111111110111101100
111111111111111111111111111110111010000
111111111111111111111111111110110110100
111111111111111111111111111110110011000
111111111111111111111111111110101111100
111111111111111111111111111110101100000
111111111111111111111111111110101000100
111111111111111111111111111110100101000
111111111111111111111111111110100001100
111111111111111111111111111110011110000
111111111111111111111111111110011010100
111111111111111111111111111110010111000
111111111111111111111111111110010011100
111111111111111111111111111110010000000
111111111111111111111111111110001100100
111111111111111111111111111110001001000
111111111111111111111111111110000101100
111111111111111111111111111110000010000
111111111111111111111111111101111110100
111111111111111111111111111101111011000
111111111111111111111111111101110111100
111111111111111111111111111101110100000
111111111111111111111111111101110000100
111111111111111111111111111101101101000
111111111111111111111111111101101001100
111111111111111111111111111101100110000
111111111111111111111111111101100010100
111111111111111111111111111101011111000
111111111111111111111111111101011011100
111111111111111111111111111101011000000
111111111111111111111111111101010100100
111111111111111111111111111101010001000
111111111111111111111111111101001101100
111111111111111111111111111101001010000
111111111111111111111111111101000110100
111111111111111111111111111101000011000
111111111111111111111111111100111111100
111111111111111111111111111100111100000
111111111111111111111111111100111000100
111111111111111111111111111100110101000
111111111111111111111111111100110001100
111111111111111111111111111100101110000
111111111111111111111111111100101010100
111111111111111111111111111100100111000
111111111111111111111111111100100011100
111111111111111111111111111100100000000
111111111111111111111111111100011100100
111111111111111111111111111100011001000
111111111111111111111111111100010101100
111111111111111111111111111100010010000
111111111111111111111111111100001110100
111111111111111111111111111100001011000
111111111111111111111111111100000111100
111111111111111111111111111100000100000
111111111111111111111111111100000000100
111111111111111111111111111011111101000
111111111111111111111111111011111001100
111111111111111111111111111011110110000
111111111111111111111111111011110010100
111111111111111111111111111011101111000
111111111111111111111111111011101011100
111111111111111111111111111011101000000
111111111111111111111111111011100100100
111111111111111111111111111011100001000
111111111111111111111111111011011101100
111111111111111111111111111011011010000
111111111111111111111111111011010110100
111111111111111111111111111011010011000
111111111111111111111111111011001111100
111111111111111111111111111011001100000
111111111111111111111111111011001000100
111111111111111111111111111011000101000
111111111111111111111111111011000001100
111111111111111111111111111010111110000
111111111111111111111111111010111010100
111111111111111111111111111010110111000
111111111111111111111111111010110011100
111111111111111111111111111010110000000
111111111111111111111111111010101100100
111111111111111111111111111010101001000
111111111111111111111111111010100101100
111111111111111111111111111010100010000
111111111111111111111111111010011110100
111111111111111111111111111010011011000
111111111111111111111111111010010111100
111111111111111111111111111010010100000
111111111111111111111111111010010000100
111111111111111111111111111010001101000
111111111111111111111111111010001001100
111111111111111111111111111010000110000
111111111111111111111111111010000010100
111111111111111111111111111001111111000
111111111111111111111111111001111011100
111111111111111111111111111001111000000
111111111111111111111111111001110100100
111111111111111111111111111001110001000
111111111111111111111111111001101101100
111111111111111111111111111001101010000
111111111111111111111111111001100110100
111111111111111111111111111001100011000
111111111111111111111111111001011111100
111111111111111111111111111001011100000
111111111111111111111111111001011000100
111111111111111111111111111001010101000
111111111111111111111111111001010001100
111111111111111111111111111001001110000
111111111111111111111111111001001010100
111111111111111111111111111001000111000
111111111111111111111111111001000011100
111111111111111111111111111001000000000
111111111111111111111111111000111100100
111111111111111111111111111000111001000
111111111111111111111111111000110101100
111111111111111111111111111000110010000
111111111111111111111111111000101110100
111111111111111111111111111000101011000
111111111111111111111111111000100111100
111111111111111111111111111000100100000
111111111111111111111111111000100000100
111111111111111111111111111000011101000
111111111111111111111111111000011001100
111111111111111111111111111000010110000
111111111111111111111111111000010010100
111111111111111111111111111000001111000
111111111111111111111111111000001011100
111111111111111111111111111000001000000
111111111111111111111111111000000100100
111111111111111111111111111000000001000
111111111111111111111111110111111101100
111111111111111111111111110111111010000
111111111111111111111111110111110110100
111111111111111111111111110111110011000
111111111111111111111111110111101111100
111111111111111111111111110111101100000
111111111111111111111111110111101000100
111111111111111111111111110111100101000
111111111111111111111111110111100001100
111111111111111111111111110111011110000
111111111111111111111111110111011010100
111111111111111111111111110111010111000
111111111111111111111111110111010011100
111111111111111111111111110111010000000
111111111111111111111111110111001100100
111111111111111111111111110111001001000
111111111111111111111111110111000101100
111111111111111111111111110111000010000
111111111111111111111111110110111110100
111111111111111111111111110110111011000
111111111111111111111111110110110111100
111111111111111111111111110110110100000
111111111111111111111111110110110000100
111111111111111111111111110110101101000
111111111111111111111111110110101001100
111111111111111111111111110110100110000
111111111111111111111111110110100010100
111111111111111111111111110110011111000
111111111111111111111111110110011011100
111111111111111111111111110110011000000
111111111111111111111111110110010100100
111111111111111111111111110110010001000
111111111111111111111111110110001101100
111111111111111111111111110110001010000
111111111111111111111111110110000110100
111111111111111111111111110110000011000
111111111111111111111111110101111111100
111111111111111111111111110101111100000
111111111111111111111111110101111000100
111111111111111111111111110101110101000
111111111111111111111111110101110001100
111111111111111111111111110101101110000
111111111111111111111111110101101010100
111111111111111111111111110101100111000
111111111111111111111111110101100011100
111111111111111111111111110101100000000
111111111111111111111111110101011100100
111111111111111111111111110101011001000
111111111111111111111111110101010101100
111111111111111111111111110101010010000
111111111111111111111111110101001110100
111111111111111111111111110101001011000
111111111111111111111111110101000111100
111111111111111111111111110101000100000
111111111111111111111111110101000000100
111111111111111111111111110100111101000
111111111111111111111111110100111001100
111111111111111111111111110100110110000
111111111111111111111111110100110010100
111111111111111111111111110100101111000
111111111111111111111111110100101011100
111111111111111111111111110100101000000
111111111111111111111111110100100100100
111111111111111111111111110100100001000
111111111111111111111111110100011101100
111111111111111111111111110100011010000
111111111111111111111111110100010110100
111111111111111111111111110100010011000
111111111111111111111111110100001111100
111111111111111111111111110100001100000
111111111111111111111111110100001000100
111111111111111111111111110100000101000
111111111111111111111111110100000001100
111111111111111111111111110011111110000
111111111111111111111111110011111010100
111111111111111111111111110011110111000
111111111111111111111111110011110011100
111111111111111111111111110011110000000
111111111111111111111111110011101100100
111111111111111111111111110011101001000
111111111111111111111111110011100101100
111111111111111111111111110011100010000
111111111111111111111111110011011110100
111111111111111111111111110011011011000
111111111111111111111111110011010111100
111111111111111111111111110011010100000
111111111111111111111111110011010000100
111111111111111111111111110011001101000
111111111111111111111111110011001001100
111111111111111111111111110011000110000
111111111111111111111111110011000010100
111111111111111111111111110010111111000
111111111111111111111111110010111011100
111111111111111111111111110010111000000
111111111111111111111111110010110100100
111111111111111111111111110010110001000
111111111111111111111111110010101101100
111111111111111111111111110010101010000
111111111111111111111111110010100110100
111111111111111111111111110010100011000
111111111111111111111111110010011111100
111111111111111111111111110010011100000
111111111111111111111111110010011000100
111111111111111111111111110010010101000
111111111111111111111111110010010001100
111111111111111111111111110010001110000
111111111111111111111111110010001010100
111111111111111111111111110010000111000
111111111111111111111111110010000011100
