000000000000000000000000000000000000000
111111111111111111111111111111110100000
111111111111111111111111111111101000000
111111111111111111111111111111011100000
111111111111111111111111111111010000000
111111111111111111111111111111000100000
111111111111111111111111111110111000000
111111111111111111111111111110101100000
111111111111111111111111111110100000000
111111111111111111111111111110010100000
111111111111111111111111111110001000000
111111111111111111111111111101111100000
111111111111111111111111111101110000000
111111111111111111111111111101100100000
111111111111111111111111111101011000000
111111111111111111111111111101001100000
111111111111111111111111111101000000000
111111111111111111111111111100110100000
111111111111111111111111111100101000000
111111111111111111111111111100011100000
111111111111111111111111111100010000000
111111111111111111111111111100000100000
111111111111111111111111111011111000000
111111111111111111111111111011101100000
111111111111111111111111111011100000000
111111111111111111111111111011010100000
111111111111111111111111111011001000000
111111111111111111111111111010111100000
111111111111111111111111111010110000000
111111111111111111111111111010100100000
111111111111111111111111111010011000000
111111111111111111111111111010001100000
111111111111111111111111111010000000000
111111111111111111111111111001110100000
111111111111111111111111111001101000000
111111111111111111111111111001011100000
111111111111111111111111111001010000000
111111111111111111111111111001000100000
111111111111111111111111111000111000000
111111111111111111111111111000101100000
111111111111111111111111111000100000000
111111111111111111111111111000010100000
111111111111111111111111111000001000000
111111111111111111111111110111111100000
111111111111111111111111110111110000000
111111111111111111111111110111100100000
111111111111111111111111110111011000000
111111111111111111111111110111001100000
111111111111111111111111110111000000000
111111111111111111111111110110110100000
111111111111111111111111110110101000000
111111111111111111111111110110011100000
111111111111111111111111110110010000000
111111111111111111111111110110000100000
111111111111111111111111110101111000000
111111111111111111111111110101101100000
111111111111111111111111110101100000000
111111111111111111111111110101010100000
111111111111111111111111110101001000000
111111111111111111111111110100111100000
111111111111111111111111110100110000000
111111111111111111111111110100100100000
111111111111111111111111110100011000000
111111111111111111111111110100001100000
111111111111111111111111110100000000000
111111111111111111111111110011110100000
111111111111111111111111110011101000000
111111111111111111111111110011011100000
111111111111111111111111110011010000000
111111111111111111111111110011000100000
111111111111111111111111110010111000000
111111111111111111111111110010101100000
111111111111111111111111110010100000000
111111111111111111111111110010010100000
111111111111111111111111110010001000000
111111111111111111111111110001111100000
111111111111111111111111110001110000000
111111111111111111111111110001100100000
111111111111111111111111110001011000000
111111111111111111111111110001001100000
111111111111111111111111110001000000000
111111111111111111111111110000110100000
111111111111111111111111110000101000000
111111111111111111111111110000011100000
111111111111111111111111110000010000000
111111111111111111111111110000000100000
111111111111111111111111101111111000000
111111111111111111111111101111101100000
111111111111111111111111101111100000000
111111111111111111111111101111010100000
111111111111111111111111101111001000000
111111111111111111111111101110111100000
111111111111111111111111101110110000000
111111111111111111111111101110100100000
111111111111111111111111101110011000000
111111111111111111111111101110001100000
111111111111111111111111101110000000000
111111111111111111111111101101110100000
111111111111111111111111101101101000000
111111111111111111111111101101011100000
111111111111111111111111101101010000000
111111111111111111111111101101000100000
111111111111111111111111101100111000000
111111111111111111111111101100101100000
111111111111111111111111101100100000000
111111111111111111111111101100010100000
111111111111111111111111101100001000000
111111111111111111111111101011111100000
111111111111111111111111101011110000000
111111111111111111111111101011100100000
111111111111111111111111101011011000000
111111111111111111111111101011001100000
111111111111111111111111101011000000000
111111111111111111111111101010110100000
111111111111111111111111101010101000000
111111111111111111111111101010011100000
111111111111111111111111101010010000000
111111111111111111111111101010000100000
111111111111111111111111101001111000000
111111111111111111111111101001101100000
111111111111111111111111101001100000000
111111111111111111111111101001010100000
111111111111111111111111101001001000000
111111111111111111111111101000111100000
111111111111111111111111101000110000000
111111111111111111111111101000100100000
111111111111111111111111101000011000000
111111111111111111111111101000001100000
111111111111111111111111101000000000000
111111111111111111111111100111110100000
111111111111111111111111100111101000000
111111111111111111111111100111011100000
111111111111111111111111100111010000000
111111111111111111111111100111000100000
111111111111111111111111100110111000000
111111111111111111111111100110101100000
111111111111111111111111100110100000000
111111111111111111111111100110010100000
111111111111111111111111100110001000000
111111111111111111111111100101111100000
111111111111111111111111100101110000000
111111111111111111111111100101100100000
111111111111111111111111100101011000000
111111111111111111111111100101001100000
111111111111111111111111100101000000000
111111111111111111111111100100110100000
111111111111111111111111100100101000000
111111111111111111111111100100011100000
111111111111111111111111100100010000000
111111111111111111111111100100000100000
111111111111111111111111100011111000000
111111111111111111111111100011101100000
111111111111111111111111100011100000000
111111111111111111111111100011010100000
111111111111111111111111100011001000000
111111111111111111111111100010111100000
111111111111111111111111100010110000000
111111111111111111111111100010100100000
111111111111111111111111100010011000000
111111111111111111111111100010001100000
111111111111111111111111100010000000000
111111111111111111111111100001110100000
111111111111111111111111100001101000000
111111111111111111111111100001011100000
111111111111111111111111100001010000000
111111111111111111111111100001000100000
111111111111111111111111100000111000000
111111111111111111111111100000101100000
111111111111111111111111100000100000000
111111111111111111111111100000010100000
111111111111111111111111100000001000000
111111111111111111111111011111111100000
111111111111111111111111011111110000000
111111111111111111111111011111100100000
111111111111111111111111011111011000000
111111111111111111111111011111001100000
111111111111111111111111011111000000000
111111111111111111111111011110110100000
111111111111111111111111011110101000000
111111111111111111111111011110011100000
111111111111111111111111011110010000000
111111111111111111111111011110000100000
111111111111111111111111011101111000000
111111111111111111111111011101101100000
111111111111111111111111011101100000000
111111111111111111111111011101010100000
111111111111111111111111011101001000000
111111111111111111111111011100111100000
111111111111111111111111011100110000000
111111111111111111111111011100100100000
111111111111111111111111011100011000000
111111111111111111111111011100001100000
111111111111111111111111011100000000000
111111111111111111111111011011110100000
111111111111111111111111011011101000000
111111111111111111111111011011011100000
111111111111111111111111011011010000000
111111111111111111111111011011000100000
111111111111111111111111011010111000000
111111111111111111111111011010101100000
111111111111111111111111011010100000000
111111111111111111111111011010010100000
111111111111111111111111011010001000000
111111111111111111111111011001111100000
111111111111111111111111011001110000000
111111111111111111111111011001100100000
111111111111111111111111011001011000000
111111111111111111111111011001001100000
111111111111111111111111011001000000000
111111111111111111111111011000110100000
111111111111111111111111011000101000000
111111111111111111111111011000011100000
111111111111111111111111011000010000000
111111111111111111111111011000000100000
111111111111111111111111010111111000000
111111111111111111111111010111101100000
111111111111111111111111010111100000000
111111111111111111111111010111010100000
111111111111111111111111010111001000000
111111111111111111111111010110111100000
111111111111111111111111010110110000000
111111111111111111111111010110100100000
111111111111111111111111010110011000000
111111111111111111111111010110001100000
111111111111111111111111010110000000000
111111111111111111111111010101110100000
111111111111111111111111010101101000000
111111111111111111111111010101011100000
111111111111111111111111010101010000000
111111111111111111111111010101000100000
111111111111111111111111010100111000000
111111111111111111111111010100101100000
111111111111111111111111010100100000000
111111111111111111111111010100010100000
111111111111111111111111010100001000000
111111111111111111111111010011111100000
111111111111111111111111010011110000000
111111111111111111111111010011100100000
111111111111111111111111010011011000000
111111111111111111111111010011001100000
111111111111111111111111010011000000000
111111111111111111111111010010110100000
111111111111111111111111010010101000000
111111111111111111111111010010011100000
111111111111111111111111010010010000000
111111111111111111111111010010000100000
111111111111111111111111010001111000000
111111111111111111111111010001101100000
111111111111111111111111010001100000000
111111111111111111111111010001010100000
111111111111111111111111010001001000000
111111111111111111111111010000111100000
111111111111111111111111010000110000000
111111111111111111111111010000100100000
111111111111111111111111010000011000000
111111111111111111111111010000001100000
