000000000000000000000000000000000000000
000000000000000000000000000000010001101
000000000000000000000000000000100011010
000000000000000000000000000000110100111
000000000000000000000000000001000110100
000000000000000000000000000001011000001
000000000000000000000000000001101001110
000000000000000000000000000001111011011
000000000000000000000000000010001101000
000000000000000000000000000010011110101
000000000000000000000000000010110000010
000000000000000000000000000011000001111
000000000000000000000000000011010011100
000000000000000000000000000011100101001
000000000000000000000000000011110110110
000000000000000000000000000100001000011
000000000000000000000000000100011010000
000000000000000000000000000100101011101
000000000000000000000000000100111101010
000000000000000000000000000101001110111
000000000000000000000000000101100000100
000000000000000000000000000101110010001
000000000000000000000000000110000011110
000000000000000000000000000110010101011
000000000000000000000000000110100111000
000000000000000000000000000110111000101
000000000000000000000000000111001010010
000000000000000000000000000111011011111
000000000000000000000000000111101101100
000000000000000000000000000111111111001
000000000000000000000000001000010000110
000000000000000000000000001000100010011
000000000000000000000000001000110100000
000000000000000000000000001001000101101
000000000000000000000000001001010111010
000000000000000000000000001001101000111
000000000000000000000000001001111010100
000000000000000000000000001010001100001
000000000000000000000000001010011101110
000000000000000000000000001010101111011
000000000000000000000000001011000001000
000000000000000000000000001011010010101
000000000000000000000000001011100100010
000000000000000000000000001011110101111
000000000000000000000000001100000111100
000000000000000000000000001100011001001
000000000000000000000000001100101010110
000000000000000000000000001100111100011
000000000000000000000000001101001110000
000000000000000000000000001101011111101
000000000000000000000000001101110001010
000000000000000000000000001110000010111
000000000000000000000000001110010100100
000000000000000000000000001110100110001
000000000000000000000000001110110111110
000000000000000000000000001111001001011
000000000000000000000000001111011011000
000000000000000000000000001111101100101
000000000000000000000000001111111110010
000000000000000000000000010000001111111
000000000000000000000000010000100001100
000000000000000000000000010000110011001
000000000000000000000000010001000100110
000000000000000000000000010001010110011
000000000000000000000000010001101000000
000000000000000000000000010001111001101
000000000000000000000000010010001011010
000000000000000000000000010010011100111
000000000000000000000000010010101110100
000000000000000000000000010011000000001
000000000000000000000000010011010001110
000000000000000000000000010011100011011
000000000000000000000000010011110101000
000000000000000000000000010100000110101
000000000000000000000000010100011000010
000000000000000000000000010100101001111
000000000000000000000000010100111011100
000000000000000000000000010101001101001
000000000000000000000000010101011110110
000000000000000000000000010101110000011
000000000000000000000000010110000010000
000000000000000000000000010110010011101
000000000000000000000000010110100101010
000000000000000000000000010110110110111
000000000000000000000000010111001000100
000000000000000000000000010111011010001
000000000000000000000000010111101011110
000000000000000000000000010111111101011
000000000000000000000000011000001111000
000000000000000000000000011000100000101
000000000000000000000000011000110010010
000000000000000000000000011001000011111
000000000000000000000000011001010101100
000000000000000000000000011001100111001
000000000000000000000000011001111000110
000000000000000000000000011010001010011
000000000000000000000000011010011100000
000000000000000000000000011010101101101
000000000000000000000000011010111111010
000000000000000000000000011011010000111
000000000000000000000000011011100010100
000000000000000000000000011011110100001
000000000000000000000000011100000101110
000000000000000000000000011100010111011
000000000000000000000000011100101001000
000000000000000000000000011100111010101
000000000000000000000000011101001100010
000000000000000000000000011101011101111
000000000000000000000000011101101111100
000000000000000000000000011110000001001
000000000000000000000000011110010010110
000000000000000000000000011110100100011
000000000000000000000000011110110110000
000000000000000000000000011111000111101
000000000000000000000000011111011001010
000000000000000000000000011111101010111
000000000000000000000000011111111100100
000000000000000000000000100000001110001
000000000000000000000000100000011111110
000000000000000000000000100000110001011
000000000000000000000000100001000011000
000000000000000000000000100001010100101
000000000000000000000000100001100110010
000000000000000000000000100001110111111
000000000000000000000000100010001001100
000000000000000000000000100010011011001
000000000000000000000000100010101100110
000000000000000000000000100010111110011
000000000000000000000000100011010000000
000000000000000000000000100011100001101
000000000000000000000000100011110011010
000000000000000000000000100100000100111
000000000000000000000000100100010110100
000000000000000000000000100100101000001
000000000000000000000000100100111001110
000000000000000000000000100101001011011
000000000000000000000000100101011101000
000000000000000000000000100101101110101
000000000000000000000000100110000000010
000000000000000000000000100110010001111
000000000000000000000000100110100011100
000000000000000000000000100110110101001
000000000000000000000000100111000110110
000000000000000000000000100111011000011
000000000000000000000000100111101010000
000000000000000000000000100111111011101
000000000000000000000000101000001101010
000000000000000000000000101000011110111
000000000000000000000000101000110000100
000000000000000000000000101001000010001
000000000000000000000000101001010011110
000000000000000000000000101001100101011
000000000000000000000000101001110111000
000000000000000000000000101010001000101
000000000000000000000000101010011010010
000000000000000000000000101010101011111
000000000000000000000000101010111101100
000000000000000000000000101011001111001
000000000000000000000000101011100000110
000000000000000000000000101011110010011
000000000000000000000000101100000100000
000000000000000000000000101100010101101
000000000000000000000000101100100111010
000000000000000000000000101100111000111
000000000000000000000000101101001010100
000000000000000000000000101101011100001
000000000000000000000000101101101101110
000000000000000000000000101101111111011
000000000000000000000000101110010001000
000000000000000000000000101110100010101
000000000000000000000000101110110100010
000000000000000000000000101111000101111
000000000000000000000000101111010111100
000000000000000000000000101111101001001
000000000000000000000000101111111010110
000000000000000000000000110000001100011
000000000000000000000000110000011110000
000000000000000000000000110000101111101
000000000000000000000000110001000001010
000000000000000000000000110001010010111
000000000000000000000000110001100100100
000000000000000000000000110001110110001
000000000000000000000000110010000111110
000000000000000000000000110010011001011
000000000000000000000000110010101011000
000000000000000000000000110010111100101
000000000000000000000000110011001110010
000000000000000000000000110011011111111
000000000000000000000000110011110001100
000000000000000000000000110100000011001
000000000000000000000000110100010100110
000000000000000000000000110100100110011
000000000000000000000000110100111000000
000000000000000000000000110101001001101
000000000000000000000000110101011011010
000000000000000000000000110101101100111
000000000000000000000000110101111110100
000000000000000000000000110110010000001
000000000000000000000000110110100001110
000000000000000000000000110110110011011
000000000000000000000000110111000101000
000000000000000000000000110111010110101
000000000000000000000000110111101000010
000000000000000000000000110111111001111
000000000000000000000000111000001011100
000000000000000000000000111000011101001
000000000000000000000000111000101110110
000000000000000000000000111001000000011
000000000000000000000000111001010010000
000000000000000000000000111001100011101
000000000000000000000000111001110101010
000000000000000000000000111010000110111
000000000000000000000000111010011000100
000000000000000000000000111010101010001
000000000000000000000000111010111011110
000000000000000000000000111011001101011
000000000000000000000000111011011111000
000000000000000000000000111011110000101
000000000000000000000000111100000010010
000000000000000000000000111100010011111
000000000000000000000000111100100101100
000000000000000000000000111100110111001
000000000000000000000000111101001000110
000000000000000000000000111101011010011
000000000000000000000000111101101100000
000000000000000000000000111101111101101
000000000000000000000000111110001111010
000000000000000000000000111110100000111
000000000000000000000000111110110010100
000000000000000000000000111111000100001
000000000000000000000000111111010101110
000000000000000000000000111111100111011
000000000000000000000000111111111001000
000000000000000000000001000000001010101
000000000000000000000001000000011100010
000000000000000000000001000000101101111
000000000000000000000001000000111111100
000000000000000000000001000001010001001
000000000000000000000001000001100010110
000000000000000000000001000001110100011
000000000000000000000001000010000110000
000000000000000000000001000010010111101
000000000000000000000001000010101001010
000000000000000000000001000010111010111
000000000000000000000001000011001100100
000000000000000000000001000011011110001
000000000000000000000001000011101111110
000000000000000000000001000100000001011
000000000000000000000001000100010011000
000000000000000000000001000100100100101
000000000000000000000001000100110110010
000000000000000000000001000101000111111
000000000000000000000001000101011001100
000000000000000000000001000101101011001
000000000000000000000001000101111100110
000000000000000000000001000110001110011
