000000000000000000000000000000000000000
111111111111111111111111111111111000000
111111111111111111111111111111110000000
111111111111111111111111111111101000000
111111111111111111111111111111100000000
111111111111111111111111111111011000000
111111111111111111111111111111010000000
111111111111111111111111111111001000000
111111111111111111111111111111000000000
111111111111111111111111111110111000000
111111111111111111111111111110110000000
111111111111111111111111111110101000000
111111111111111111111111111110100000000
111111111111111111111111111110011000000
111111111111111111111111111110010000000
111111111111111111111111111110001000000
111111111111111111111111111110000000000
111111111111111111111111111101111000000
111111111111111111111111111101110000000
111111111111111111111111111101101000000
111111111111111111111111111101100000000
111111111111111111111111111101011000000
111111111111111111111111111101010000000
111111111111111111111111111101001000000
111111111111111111111111111101000000000
111111111111111111111111111100111000000
111111111111111111111111111100110000000
111111111111111111111111111100101000000
111111111111111111111111111100100000000
111111111111111111111111111100011000000
111111111111111111111111111100010000000
111111111111111111111111111100001000000
111111111111111111111111111100000000000
111111111111111111111111111011111000000
111111111111111111111111111011110000000
111111111111111111111111111011101000000
111111111111111111111111111011100000000
111111111111111111111111111011011000000
111111111111111111111111111011010000000
111111111111111111111111111011001000000
111111111111111111111111111011000000000
111111111111111111111111111010111000000
111111111111111111111111111010110000000
111111111111111111111111111010101000000
111111111111111111111111111010100000000
111111111111111111111111111010011000000
111111111111111111111111111010010000000
111111111111111111111111111010001000000
111111111111111111111111111010000000000
111111111111111111111111111001111000000
111111111111111111111111111001110000000
111111111111111111111111111001101000000
111111111111111111111111111001100000000
111111111111111111111111111001011000000
111111111111111111111111111001010000000
111111111111111111111111111001001000000
111111111111111111111111111001000000000
111111111111111111111111111000111000000
111111111111111111111111111000110000000
111111111111111111111111111000101000000
111111111111111111111111111000100000000
111111111111111111111111111000011000000
111111111111111111111111111000010000000
111111111111111111111111111000001000000
111111111111111111111111111000000000000
111111111111111111111111110111111000000
111111111111111111111111110111110000000
111111111111111111111111110111101000000
111111111111111111111111110111100000000
111111111111111111111111110111011000000
111111111111111111111111110111010000000
111111111111111111111111110111001000000
111111111111111111111111110111000000000
111111111111111111111111110110111000000
111111111111111111111111110110110000000
111111111111111111111111110110101000000
111111111111111111111111110110100000000
111111111111111111111111110110011000000
111111111111111111111111110110010000000
111111111111111111111111110110001000000
111111111111111111111111110110000000000
111111111111111111111111110101111000000
111111111111111111111111110101110000000
111111111111111111111111110101101000000
111111111111111111111111110101100000000
111111111111111111111111110101011000000
111111111111111111111111110101010000000
111111111111111111111111110101001000000
111111111111111111111111110101000000000
111111111111111111111111110100111000000
111111111111111111111111110100110000000
111111111111111111111111110100101000000
111111111111111111111111110100100000000
111111111111111111111111110100011000000
111111111111111111111111110100010000000
111111111111111111111111110100001000000
111111111111111111111111110100000000000
111111111111111111111111110011111000000
111111111111111111111111110011110000000
111111111111111111111111110011101000000
111111111111111111111111110011100000000
111111111111111111111111110011011000000
111111111111111111111111110011010000000
111111111111111111111111110011001000000
111111111111111111111111110011000000000
111111111111111111111111110010111000000
111111111111111111111111110010110000000
111111111111111111111111110010101000000
111111111111111111111111110010100000000
111111111111111111111111110010011000000
111111111111111111111111110010010000000
111111111111111111111111110010001000000
111111111111111111111111110010000000000
111111111111111111111111110001111000000
111111111111111111111111110001110000000
111111111111111111111111110001101000000
111111111111111111111111110001100000000
111111111111111111111111110001011000000
111111111111111111111111110001010000000
111111111111111111111111110001001000000
111111111111111111111111110001000000000
111111111111111111111111110000111000000
111111111111111111111111110000110000000
111111111111111111111111110000101000000
111111111111111111111111110000100000000
111111111111111111111111110000011000000
111111111111111111111111110000010000000
111111111111111111111111110000001000000
111111111111111111111111110000000000000
111111111111111111111111101111111000000
111111111111111111111111101111110000000
111111111111111111111111101111101000000
111111111111111111111111101111100000000
111111111111111111111111101111011000000
111111111111111111111111101111010000000
111111111111111111111111101111001000000
111111111111111111111111101111000000000
111111111111111111111111101110111000000
111111111111111111111111101110110000000
111111111111111111111111101110101000000
111111111111111111111111101110100000000
111111111111111111111111101110011000000
111111111111111111111111101110010000000
111111111111111111111111101110001000000
111111111111111111111111101110000000000
111111111111111111111111101101111000000
111111111111111111111111101101110000000
111111111111111111111111101101101000000
111111111111111111111111101101100000000
111111111111111111111111101101011000000
111111111111111111111111101101010000000
111111111111111111111111101101001000000
111111111111111111111111101101000000000
111111111111111111111111101100111000000
111111111111111111111111101100110000000
111111111111111111111111101100101000000
111111111111111111111111101100100000000
111111111111111111111111101100011000000
111111111111111111111111101100010000000
111111111111111111111111101100001000000
111111111111111111111111101100000000000
111111111111111111111111101011111000000
111111111111111111111111101011110000000
111111111111111111111111101011101000000
111111111111111111111111101011100000000
111111111111111111111111101011011000000
111111111111111111111111101011010000000
111111111111111111111111101011001000000
111111111111111111111111101011000000000
111111111111111111111111101010111000000
111111111111111111111111101010110000000
111111111111111111111111101010101000000
111111111111111111111111101010100000000
111111111111111111111111101010011000000
111111111111111111111111101010010000000
111111111111111111111111101010001000000
111111111111111111111111101010000000000
111111111111111111111111101001111000000
111111111111111111111111101001110000000
111111111111111111111111101001101000000
111111111111111111111111101001100000000
111111111111111111111111101001011000000
111111111111111111111111101001010000000
111111111111111111111111101001001000000
111111111111111111111111101001000000000
111111111111111111111111101000111000000
111111111111111111111111101000110000000
111111111111111111111111101000101000000
111111111111111111111111101000100000000
111111111111111111111111101000011000000
111111111111111111111111101000010000000
111111111111111111111111101000001000000
111111111111111111111111101000000000000
111111111111111111111111100111111000000
111111111111111111111111100111110000000
111111111111111111111111100111101000000
111111111111111111111111100111100000000
111111111111111111111111100111011000000
111111111111111111111111100111010000000
111111111111111111111111100111001000000
111111111111111111111111100111000000000
111111111111111111111111100110111000000
111111111111111111111111100110110000000
111111111111111111111111100110101000000
111111111111111111111111100110100000000
111111111111111111111111100110011000000
111111111111111111111111100110010000000
111111111111111111111111100110001000000
111111111111111111111111100110000000000
111111111111111111111111100101111000000
111111111111111111111111100101110000000
111111111111111111111111100101101000000
111111111111111111111111100101100000000
111111111111111111111111100101011000000
111111111111111111111111100101010000000
111111111111111111111111100101001000000
111111111111111111111111100101000000000
111111111111111111111111100100111000000
111111111111111111111111100100110000000
111111111111111111111111100100101000000
111111111111111111111111100100100000000
111111111111111111111111100100011000000
111111111111111111111111100100010000000
111111111111111111111111100100001000000
111111111111111111111111100100000000000
111111111111111111111111100011111000000
111111111111111111111111100011110000000
111111111111111111111111100011101000000
111111111111111111111111100011100000000
111111111111111111111111100011011000000
111111111111111111111111100011010000000
111111111111111111111111100011001000000
111111111111111111111111100011000000000
111111111111111111111111100010111000000
111111111111111111111111100010110000000
111111111111111111111111100010101000000
111111111111111111111111100010100000000
111111111111111111111111100010011000000
111111111111111111111111100010010000000
111111111111111111111111100010001000000
111111111111111111111111100010000000000
111111111111111111111111100001111000000
111111111111111111111111100001110000000
111111111111111111111111100001101000000
111111111111111111111111100001100000000
111111111111111111111111100001011000000
111111111111111111111111100001010000000
111111111111111111111111100001001000000
111111111111111111111111100001000000000
111111111111111111111111100000111000000
111111111111111111111111100000110000000
111111111111111111111111100000101000000
111111111111111111111111100000100000000
111111111111111111111111100000011000000
111111111111111111111111100000010000000
111111111111111111111111100000001000000
