000000000000000000000000000000000000000
111111111111111111111111111111110111100
111111111111111111111111111111101111000
111111111111111111111111111111100110100
111111111111111111111111111111011110000
111111111111111111111111111111010101100
111111111111111111111111111111001101000
111111111111111111111111111111000100100
111111111111111111111111111110111100000
111111111111111111111111111110110011100
111111111111111111111111111110101011000
111111111111111111111111111110100010100
111111111111111111111111111110011010000
111111111111111111111111111110010001100
111111111111111111111111111110001001000
111111111111111111111111111110000000100
111111111111111111111111111101111000000
111111111111111111111111111101101111100
111111111111111111111111111101100111000
111111111111111111111111111101011110100
111111111111111111111111111101010110000
111111111111111111111111111101001101100
111111111111111111111111111101000101000
111111111111111111111111111100111100100
111111111111111111111111111100110100000
111111111111111111111111111100101011100
111111111111111111111111111100100011000
111111111111111111111111111100011010100
111111111111111111111111111100010010000
111111111111111111111111111100001001100
111111111111111111111111111100000001000
111111111111111111111111111011111000100
111111111111111111111111111011110000000
111111111111111111111111111011100111100
111111111111111111111111111011011111000
111111111111111111111111111011010110100
111111111111111111111111111011001110000
111111111111111111111111111011000101100
111111111111111111111111111010111101000
111111111111111111111111111010110100100
111111111111111111111111111010101100000
111111111111111111111111111010100011100
111111111111111111111111111010011011000
111111111111111111111111111010010010100
111111111111111111111111111010001010000
111111111111111111111111111010000001100
111111111111111111111111111001111001000
111111111111111111111111111001110000100
111111111111111111111111111001101000000
111111111111111111111111111001011111100
111111111111111111111111111001010111000
111111111111111111111111111001001110100
111111111111111111111111111001000110000
111111111111111111111111111000111101100
111111111111111111111111111000110101000
111111111111111111111111111000101100100
111111111111111111111111111000100100000
111111111111111111111111111000011011100
111111111111111111111111111000010011000
111111111111111111111111111000001010100
111111111111111111111111111000000010000
111111111111111111111111110111111001100
111111111111111111111111110111110001000
111111111111111111111111110111101000100
111111111111111111111111110111100000000
111111111111111111111111110111010111100
111111111111111111111111110111001111000
111111111111111111111111110111000110100
111111111111111111111111110110111110000
111111111111111111111111110110110101100
111111111111111111111111110110101101000
111111111111111111111111110110100100100
111111111111111111111111110110011100000
111111111111111111111111110110010011100
111111111111111111111111110110001011000
111111111111111111111111110110000010100
111111111111111111111111110101111010000
111111111111111111111111110101110001100
111111111111111111111111110101101001000
111111111111111111111111110101100000100
111111111111111111111111110101011000000
111111111111111111111111110101001111100
111111111111111111111111110101000111000
111111111111111111111111110100111110100
111111111111111111111111110100110110000
111111111111111111111111110100101101100
111111111111111111111111110100100101000
111111111111111111111111110100011100100
111111111111111111111111110100010100000
111111111111111111111111110100001011100
111111111111111111111111110100000011000
111111111111111111111111110011111010100
111111111111111111111111110011110010000
111111111111111111111111110011101001100
111111111111111111111111110011100001000
111111111111111111111111110011011000100
111111111111111111111111110011010000000
111111111111111111111111110011000111100
111111111111111111111111110010111111000
111111111111111111111111110010110110100
111111111111111111111111110010101110000
111111111111111111111111110010100101100
111111111111111111111111110010011101000
111111111111111111111111110010010100100
111111111111111111111111110010001100000
111111111111111111111111110010000011100
111111111111111111111111110001111011000
111111111111111111111111110001110010100
111111111111111111111111110001101010000
111111111111111111111111110001100001100
111111111111111111111111110001011001000
111111111111111111111111110001010000100
111111111111111111111111110001001000000
111111111111111111111111110000111111100
111111111111111111111111110000110111000
111111111111111111111111110000101110100
111111111111111111111111110000100110000
111111111111111111111111110000011101100
111111111111111111111111110000010101000
111111111111111111111111110000001100100
111111111111111111111111110000000100000
111111111111111111111111101111111011100
111111111111111111111111101111110011000
111111111111111111111111101111101010100
111111111111111111111111101111100010000
111111111111111111111111101111011001100
111111111111111111111111101111010001000
111111111111111111111111101111001000100
111111111111111111111111101111000000000
111111111111111111111111101110110111100
111111111111111111111111101110101111000
111111111111111111111111101110100110100
111111111111111111111111101110011110000
111111111111111111111111101110010101100
111111111111111111111111101110001101000
111111111111111111111111101110000100100
111111111111111111111111101101111100000
111111111111111111111111101101110011100
111111111111111111111111101101101011000
111111111111111111111111101101100010100
111111111111111111111111101101011010000
111111111111111111111111101101010001100
111111111111111111111111101101001001000
111111111111111111111111101101000000100
111111111111111111111111101100111000000
111111111111111111111111101100101111100
111111111111111111111111101100100111000
111111111111111111111111101100011110100
111111111111111111111111101100010110000
111111111111111111111111101100001101100
111111111111111111111111101100000101000
111111111111111111111111101011111100100
111111111111111111111111101011110100000
111111111111111111111111101011101011100
111111111111111111111111101011100011000
111111111111111111111111101011011010100
111111111111111111111111101011010010000
111111111111111111111111101011001001100
111111111111111111111111101011000001000
111111111111111111111111101010111000100
111111111111111111111111101010110000000
111111111111111111111111101010100111100
111111111111111111111111101010011111000
111111111111111111111111101010010110100
111111111111111111111111101010001110000
111111111111111111111111101010000101100
111111111111111111111111101001111101000
111111111111111111111111101001110100100
111111111111111111111111101001101100000
111111111111111111111111101001100011100
111111111111111111111111101001011011000
111111111111111111111111101001010010100
111111111111111111111111101001001010000
111111111111111111111111101001000001100
111111111111111111111111101000111001000
111111111111111111111111101000110000100
111111111111111111111111101000101000000
111111111111111111111111101000011111100
111111111111111111111111101000010111000
111111111111111111111111101000001110100
111111111111111111111111101000000110000
111111111111111111111111100111111101100
111111111111111111111111100111110101000
111111111111111111111111100111101100100
111111111111111111111111100111100100000
111111111111111111111111100111011011100
111111111111111111111111100111010011000
111111111111111111111111100111001010100
111111111111111111111111100111000010000
111111111111111111111111100110111001100
111111111111111111111111100110110001000
111111111111111111111111100110101000100
111111111111111111111111100110100000000
111111111111111111111111100110010111100
111111111111111111111111100110001111000
111111111111111111111111100110000110100
111111111111111111111111100101111110000
111111111111111111111111100101110101100
111111111111111111111111100101101101000
111111111111111111111111100101100100100
111111111111111111111111100101011100000
111111111111111111111111100101010011100
111111111111111111111111100101001011000
111111111111111111111111100101000010100
111111111111111111111111100100111010000
111111111111111111111111100100110001100
111111111111111111111111100100101001000
111111111111111111111111100100100000100
111111111111111111111111100100011000000
111111111111111111111111100100001111100
111111111111111111111111100100000111000
111111111111111111111111100011111110100
111111111111111111111111100011110110000
111111111111111111111111100011101101100
111111111111111111111111100011100101000
111111111111111111111111100011011100100
111111111111111111111111100011010100000
111111111111111111111111100011001011100
111111111111111111111111100011000011000
111111111111111111111111100010111010100
111111111111111111111111100010110010000
111111111111111111111111100010101001100
111111111111111111111111100010100001000
111111111111111111111111100010011000100
111111111111111111111111100010010000000
111111111111111111111111100010000111100
111111111111111111111111100001111111000
111111111111111111111111100001110110100
111111111111111111111111100001101110000
111111111111111111111111100001100101100
111111111111111111111111100001011101000
111111111111111111111111100001010100100
111111111111111111111111100001001100000
111111111111111111111111100001000011100
111111111111111111111111100000111011000
111111111111111111111111100000110010100
111111111111111111111111100000101010000
111111111111111111111111100000100001100
111111111111111111111111100000011001000
111111111111111111111111100000010000100
111111111111111111111111100000001000000
111111111111111111111111011111111111100
111111111111111111111111011111110111000
111111111111111111111111011111101110100
111111111111111111111111011111100110000
111111111111111111111111011111011101100
111111111111111111111111011111010101000
111111111111111111111111011111001100100
111111111111111111111111011111000100000
111111111111111111111111011110111011100
111111111111111111111111011110110011000
111111111111111111111111011110101010100
111111111111111111111111011110100010000
111111111111111111111111011110011001100
111111111111111111111111011110010001000
111111111111111111111111011110001000100
