000000000000000000000000000000000000000
111111111111111111111111111111110000011
111111111111111111111111111111100000110
111111111111111111111111111111010001001
111111111111111111111111111111000001100
111111111111111111111111111110110001111
111111111111111111111111111110100010010
111111111111111111111111111110010010101
111111111111111111111111111110000011000
111111111111111111111111111101110011011
111111111111111111111111111101100011110
111111111111111111111111111101010100001
111111111111111111111111111101000100100
111111111111111111111111111100110100111
111111111111111111111111111100100101010
111111111111111111111111111100010101101
111111111111111111111111111100000110000
111111111111111111111111111011110110011
111111111111111111111111111011100110110
111111111111111111111111111011010111001
111111111111111111111111111011000111100
111111111111111111111111111010110111111
111111111111111111111111111010101000010
111111111111111111111111111010011000101
111111111111111111111111111010001001000
111111111111111111111111111001111001011
111111111111111111111111111001101001110
111111111111111111111111111001011010001
111111111111111111111111111001001010100
111111111111111111111111111000111010111
111111111111111111111111111000101011010
111111111111111111111111111000011011101
111111111111111111111111111000001100000
111111111111111111111111110111111100011
111111111111111111111111110111101100110
111111111111111111111111110111011101001
111111111111111111111111110111001101100
111111111111111111111111110110111101111
111111111111111111111111110110101110010
111111111111111111111111110110011110101
111111111111111111111111110110001111000
111111111111111111111111110101111111011
111111111111111111111111110101101111110
111111111111111111111111110101100000001
111111111111111111111111110101010000100
111111111111111111111111110101000000111
111111111111111111111111110100110001010
111111111111111111111111110100100001101
111111111111111111111111110100010010000
111111111111111111111111110100000010011
111111111111111111111111110011110010110
111111111111111111111111110011100011001
111111111111111111111111110011010011100
111111111111111111111111110011000011111
111111111111111111111111110010110100010
111111111111111111111111110010100100101
111111111111111111111111110010010101000
111111111111111111111111110010000101011
111111111111111111111111110001110101110
111111111111111111111111110001100110001
111111111111111111111111110001010110100
111111111111111111111111110001000110111
111111111111111111111111110000110111010
111111111111111111111111110000100111101
111111111111111111111111110000011000000
111111111111111111111111110000001000011
111111111111111111111111101111111000110
111111111111111111111111101111101001001
111111111111111111111111101111011001100
111111111111111111111111101111001001111
111111111111111111111111101110111010010
111111111111111111111111101110101010101
111111111111111111111111101110011011000
111111111111111111111111101110001011011
111111111111111111111111101101111011110
111111111111111111111111101101101100001
111111111111111111111111101101011100100
111111111111111111111111101101001100111
111111111111111111111111101100111101010
111111111111111111111111101100101101101
111111111111111111111111101100011110000
111111111111111111111111101100001110011
111111111111111111111111101011111110110
111111111111111111111111101011101111001
111111111111111111111111101011011111100
111111111111111111111111101011001111111
111111111111111111111111101011000000010
111111111111111111111111101010110000101
111111111111111111111111101010100001000
111111111111111111111111101010010001011
111111111111111111111111101010000001110
111111111111111111111111101001110010001
111111111111111111111111101001100010100
111111111111111111111111101001010010111
111111111111111111111111101001000011010
111111111111111111111111101000110011101
111111111111111111111111101000100100000
111111111111111111111111101000010100011
111111111111111111111111101000000100110
111111111111111111111111100111110101001
111111111111111111111111100111100101100
111111111111111111111111100111010101111
111111111111111111111111100111000110010
111111111111111111111111100110110110101
111111111111111111111111100110100111000
111111111111111111111111100110010111011
111111111111111111111111100110000111110
111111111111111111111111100101111000001
111111111111111111111111100101101000100
111111111111111111111111100101011000111
111111111111111111111111100101001001010
111111111111111111111111100100111001101
111111111111111111111111100100101010000
111111111111111111111111100100011010011
111111111111111111111111100100001010110
111111111111111111111111100011111011001
111111111111111111111111100011101011100
111111111111111111111111100011011011111
111111111111111111111111100011001100010
111111111111111111111111100010111100101
111111111111111111111111100010101101000
111111111111111111111111100010011101011
111111111111111111111111100010001101110
111111111111111111111111100001111110001
111111111111111111111111100001101110100
111111111111111111111111100001011110111
111111111111111111111111100001001111010
111111111111111111111111100000111111101
111111111111111111111111100000110000000
111111111111111111111111100000100000011
111111111111111111111111100000010000110
111111111111111111111111100000000001001
111111111111111111111111011111110001100
111111111111111111111111011111100001111
111111111111111111111111011111010010010
111111111111111111111111011111000010101
111111111111111111111111011110110011000
111111111111111111111111011110100011011
111111111111111111111111011110010011110
111111111111111111111111011110000100001
111111111111111111111111011101110100100
111111111111111111111111011101100100111
111111111111111111111111011101010101010
111111111111111111111111011101000101101
111111111111111111111111011100110110000
111111111111111111111111011100100110011
111111111111111111111111011100010110110
111111111111111111111111011100000111001
111111111111111111111111011011110111100
111111111111111111111111011011100111111
111111111111111111111111011011011000010
111111111111111111111111011011001000101
111111111111111111111111011010111001000
111111111111111111111111011010101001011
111111111111111111111111011010011001110
111111111111111111111111011010001010001
111111111111111111111111011001111010100
111111111111111111111111011001101010111
111111111111111111111111011001011011010
111111111111111111111111011001001011101
111111111111111111111111011000111100000
111111111111111111111111011000101100011
111111111111111111111111011000011100110
111111111111111111111111011000001101001
111111111111111111111111010111111101100
111111111111111111111111010111101101111
111111111111111111111111010111011110010
111111111111111111111111010111001110101
111111111111111111111111010110111111000
111111111111111111111111010110101111011
111111111111111111111111010110011111110
111111111111111111111111010110010000001
111111111111111111111111010110000000100
111111111111111111111111010101110000111
111111111111111111111111010101100001010
111111111111111111111111010101010001101
111111111111111111111111010101000010000
111111111111111111111111010100110010011
111111111111111111111111010100100010110
111111111111111111111111010100010011001
111111111111111111111111010100000011100
111111111111111111111111010011110011111
111111111111111111111111010011100100010
111111111111111111111111010011010100101
111111111111111111111111010011000101000
111111111111111111111111010010110101011
111111111111111111111111010010100101110
111111111111111111111111010010010110001
111111111111111111111111010010000110100
111111111111111111111111010001110110111
111111111111111111111111010001100111010
111111111111111111111111010001010111101
111111111111111111111111010001001000000
111111111111111111111111010000111000011
111111111111111111111111010000101000110
111111111111111111111111010000011001001
111111111111111111111111010000001001100
111111111111111111111111001111111001111
111111111111111111111111001111101010010
111111111111111111111111001111011010101
111111111111111111111111001111001011000
111111111111111111111111001110111011011
111111111111111111111111001110101011110
111111111111111111111111001110011100001
111111111111111111111111001110001100100
111111111111111111111111001101111100111
111111111111111111111111001101101101010
111111111111111111111111001101011101101
111111111111111111111111001101001110000
111111111111111111111111001100111110011
111111111111111111111111001100101110110
111111111111111111111111001100011111001
111111111111111111111111001100001111100
111111111111111111111111001011111111111
111111111111111111111111001011110000010
111111111111111111111111001011100000101
111111111111111111111111001011010001000
111111111111111111111111001011000001011
111111111111111111111111001010110001110
111111111111111111111111001010100010001
111111111111111111111111001010010010100
111111111111111111111111001010000010111
111111111111111111111111001001110011010
111111111111111111111111001001100011101
111111111111111111111111001001010100000
111111111111111111111111001001000100011
111111111111111111111111001000110100110
111111111111111111111111001000100101001
111111111111111111111111001000010101100
111111111111111111111111001000000101111
111111111111111111111111000111110110010
111111111111111111111111000111100110101
111111111111111111111111000111010111000
111111111111111111111111000111000111011
111111111111111111111111000110110111110
111111111111111111111111000110101000001
111111111111111111111111000110011000100
111111111111111111111111000110001000111
111111111111111111111111000101111001010
111111111111111111111111000101101001101
111111111111111111111111000101011010000
111111111111111111111111000101001010011
111111111111111111111111000100111010110
111111111111111111111111000100101011001
111111111111111111111111000100011011100
111111111111111111111111000100001011111
111111111111111111111111000011111100010
111111111111111111111111000011101100101
111111111111111111111111000011011101000
111111111111111111111111000011001101011
111111111111111111111111000010111101110
111111111111111111111111000010101110001
111111111111111111111111000010011110100
111111111111111111111111000010001110111
111111111111111111111111000001111111010
111111111111111111111111000001101111101
