000000000000000000000000000000000000000
000000000000000000000000000000001101000
000000000000000000000000000000011010000
000000000000000000000000000000100111000
000000000000000000000000000000110100000
000000000000000000000000000001000001000
000000000000000000000000000001001110000
000000000000000000000000000001011011000
000000000000000000000000000001101000000
000000000000000000000000000001110101000
000000000000000000000000000010000010000
000000000000000000000000000010001111000
000000000000000000000000000010011100000
000000000000000000000000000010101001000
000000000000000000000000000010110110000
000000000000000000000000000011000011000
000000000000000000000000000011010000000
000000000000000000000000000011011101000
000000000000000000000000000011101010000
000000000000000000000000000011110111000
000000000000000000000000000100000100000
000000000000000000000000000100010001000
000000000000000000000000000100011110000
000000000000000000000000000100101011000
000000000000000000000000000100111000000
000000000000000000000000000101000101000
000000000000000000000000000101010010000
000000000000000000000000000101011111000
000000000000000000000000000101101100000
000000000000000000000000000101111001000
000000000000000000000000000110000110000
000000000000000000000000000110010011000
000000000000000000000000000110100000000
000000000000000000000000000110101101000
000000000000000000000000000110111010000
000000000000000000000000000111000111000
000000000000000000000000000111010100000
000000000000000000000000000111100001000
000000000000000000000000000111101110000
000000000000000000000000000111111011000
000000000000000000000000001000001000000
000000000000000000000000001000010101000
000000000000000000000000001000100010000
000000000000000000000000001000101111000
000000000000000000000000001000111100000
000000000000000000000000001001001001000
000000000000000000000000001001010110000
000000000000000000000000001001100011000
000000000000000000000000001001110000000
000000000000000000000000001001111101000
000000000000000000000000001010001010000
000000000000000000000000001010010111000
000000000000000000000000001010100100000
000000000000000000000000001010110001000
000000000000000000000000001010111110000
000000000000000000000000001011001011000
000000000000000000000000001011011000000
000000000000000000000000001011100101000
000000000000000000000000001011110010000
000000000000000000000000001011111111000
000000000000000000000000001100001100000
000000000000000000000000001100011001000
000000000000000000000000001100100110000
000000000000000000000000001100110011000
000000000000000000000000001101000000000
000000000000000000000000001101001101000
000000000000000000000000001101011010000
000000000000000000000000001101100111000
000000000000000000000000001101110100000
000000000000000000000000001110000001000
000000000000000000000000001110001110000
000000000000000000000000001110011011000
000000000000000000000000001110101000000
000000000000000000000000001110110101000
000000000000000000000000001111000010000
000000000000000000000000001111001111000
000000000000000000000000001111011100000
000000000000000000000000001111101001000
000000000000000000000000001111110110000
000000000000000000000000010000000011000
000000000000000000000000010000010000000
000000000000000000000000010000011101000
000000000000000000000000010000101010000
000000000000000000000000010000110111000
000000000000000000000000010001000100000
000000000000000000000000010001010001000
000000000000000000000000010001011110000
000000000000000000000000010001101011000
000000000000000000000000010001111000000
000000000000000000000000010010000101000
000000000000000000000000010010010010000
000000000000000000000000010010011111000
000000000000000000000000010010101100000
000000000000000000000000010010111001000
000000000000000000000000010011000110000
000000000000000000000000010011010011000
000000000000000000000000010011100000000
000000000000000000000000010011101101000
000000000000000000000000010011111010000
000000000000000000000000010100000111000
000000000000000000000000010100010100000
000000000000000000000000010100100001000
000000000000000000000000010100101110000
000000000000000000000000010100111011000
000000000000000000000000010101001000000
000000000000000000000000010101010101000
000000000000000000000000010101100010000
000000000000000000000000010101101111000
000000000000000000000000010101111100000
000000000000000000000000010110001001000
000000000000000000000000010110010110000
000000000000000000000000010110100011000
000000000000000000000000010110110000000
000000000000000000000000010110111101000
000000000000000000000000010111001010000
000000000000000000000000010111010111000
000000000000000000000000010111100100000
000000000000000000000000010111110001000
000000000000000000000000010111111110000
000000000000000000000000011000001011000
000000000000000000000000011000011000000
000000000000000000000000011000100101000
000000000000000000000000011000110010000
000000000000000000000000011000111111000
000000000000000000000000011001001100000
000000000000000000000000011001011001000
000000000000000000000000011001100110000
000000000000000000000000011001110011000
000000000000000000000000011010000000000
000000000000000000000000011010001101000
000000000000000000000000011010011010000
000000000000000000000000011010100111000
000000000000000000000000011010110100000
000000000000000000000000011011000001000
000000000000000000000000011011001110000
000000000000000000000000011011011011000
000000000000000000000000011011101000000
000000000000000000000000011011110101000
000000000000000000000000011100000010000
000000000000000000000000011100001111000
000000000000000000000000011100011100000
000000000000000000000000011100101001000
000000000000000000000000011100110110000
000000000000000000000000011101000011000
000000000000000000000000011101010000000
000000000000000000000000011101011101000
000000000000000000000000011101101010000
000000000000000000000000011101110111000
000000000000000000000000011110000100000
000000000000000000000000011110010001000
000000000000000000000000011110011110000
000000000000000000000000011110101011000
000000000000000000000000011110111000000
000000000000000000000000011111000101000
000000000000000000000000011111010010000
000000000000000000000000011111011111000
000000000000000000000000011111101100000
000000000000000000000000011111111001000
000000000000000000000000100000000110000
000000000000000000000000100000010011000
000000000000000000000000100000100000000
000000000000000000000000100000101101000
000000000000000000000000100000111010000
000000000000000000000000100001000111000
000000000000000000000000100001010100000
000000000000000000000000100001100001000
000000000000000000000000100001101110000
000000000000000000000000100001111011000
000000000000000000000000100010001000000
000000000000000000000000100010010101000
000000000000000000000000100010100010000
000000000000000000000000100010101111000
000000000000000000000000100010111100000
000000000000000000000000100011001001000
000000000000000000000000100011010110000
000000000000000000000000100011100011000
000000000000000000000000100011110000000
000000000000000000000000100011111101000
000000000000000000000000100100001010000
000000000000000000000000100100010111000
000000000000000000000000100100100100000
000000000000000000000000100100110001000
000000000000000000000000100100111110000
000000000000000000000000100101001011000
000000000000000000000000100101011000000
000000000000000000000000100101100101000
000000000000000000000000100101110010000
000000000000000000000000100101111111000
000000000000000000000000100110001100000
000000000000000000000000100110011001000
000000000000000000000000100110100110000
000000000000000000000000100110110011000
000000000000000000000000100111000000000
000000000000000000000000100111001101000
000000000000000000000000100111011010000
000000000000000000000000100111100111000
000000000000000000000000100111110100000
000000000000000000000000101000000001000
000000000000000000000000101000001110000
000000000000000000000000101000011011000
000000000000000000000000101000101000000
000000000000000000000000101000110101000
000000000000000000000000101001000010000
000000000000000000000000101001001111000
000000000000000000000000101001011100000
000000000000000000000000101001101001000
000000000000000000000000101001110110000
000000000000000000000000101010000011000
000000000000000000000000101010010000000
000000000000000000000000101010011101000
000000000000000000000000101010101010000
000000000000000000000000101010110111000
000000000000000000000000101011000100000
000000000000000000000000101011010001000
000000000000000000000000101011011110000
000000000000000000000000101011101011000
000000000000000000000000101011111000000
000000000000000000000000101100000101000
000000000000000000000000101100010010000
000000000000000000000000101100011111000
000000000000000000000000101100101100000
000000000000000000000000101100111001000
000000000000000000000000101101000110000
000000000000000000000000101101010011000
000000000000000000000000101101100000000
000000000000000000000000101101101101000
000000000000000000000000101101111010000
000000000000000000000000101110000111000
000000000000000000000000101110010100000
000000000000000000000000101110100001000
000000000000000000000000101110101110000
000000000000000000000000101110111011000
000000000000000000000000101111001000000
000000000000000000000000101111010101000
000000000000000000000000101111100010000
000000000000000000000000101111101111000
000000000000000000000000101111111100000
000000000000000000000000110000001001000
000000000000000000000000110000010110000
000000000000000000000000110000100011000
000000000000000000000000110000110000000
000000000000000000000000110000111101000
000000000000000000000000110001001010000
000000000000000000000000110001010111000
000000000000000000000000110001100100000
000000000000000000000000110001110001000
000000000000000000000000110001111110000
000000000000000000000000110010001011000
000000000000000000000000110010011000000
000000000000000000000000110010100101000
000000000000000000000000110010110010000
000000000000000000000000110010111111000
000000000000000000000000110011001100000
000000000000000000000000110011011001000
000000000000000000000000110011100110000
000000000000000000000000110011110011000
