000000000000000000000000000000000000000
111111111111111111111111111111110010100
111111111111111111111111111111100101000
111111111111111111111111111111010111100
111111111111111111111111111111001010000
111111111111111111111111111110111100100
111111111111111111111111111110101111000
111111111111111111111111111110100001100
111111111111111111111111111110010100000
111111111111111111111111111110000110100
111111111111111111111111111101111001000
111111111111111111111111111101101011100
111111111111111111111111111101011110000
111111111111111111111111111101010000100
111111111111111111111111111101000011000
111111111111111111111111111100110101100
111111111111111111111111111100101000000
111111111111111111111111111100011010100
111111111111111111111111111100001101000
111111111111111111111111111011111111100
111111111111111111111111111011110010000
111111111111111111111111111011100100100
111111111111111111111111111011010111000
111111111111111111111111111011001001100
111111111111111111111111111010111100000
111111111111111111111111111010101110100
111111111111111111111111111010100001000
111111111111111111111111111010010011100
111111111111111111111111111010000110000
111111111111111111111111111001111000100
111111111111111111111111111001101011000
111111111111111111111111111001011101100
111111111111111111111111111001010000000
111111111111111111111111111001000010100
111111111111111111111111111000110101000
111111111111111111111111111000100111100
111111111111111111111111111000011010000
111111111111111111111111111000001100100
111111111111111111111111110111111111000
111111111111111111111111110111110001100
111111111111111111111111110111100100000
111111111111111111111111110111010110100
111111111111111111111111110111001001000
111111111111111111111111110110111011100
111111111111111111111111110110101110000
111111111111111111111111110110100000100
111111111111111111111111110110010011000
111111111111111111111111110110000101100
111111111111111111111111110101111000000
111111111111111111111111110101101010100
111111111111111111111111110101011101000
111111111111111111111111110101001111100
111111111111111111111111110101000010000
111111111111111111111111110100110100100
111111111111111111111111110100100111000
111111111111111111111111110100011001100
111111111111111111111111110100001100000
111111111111111111111111110011111110100
111111111111111111111111110011110001000
111111111111111111111111110011100011100
111111111111111111111111110011010110000
111111111111111111111111110011001000100
111111111111111111111111110010111011000
111111111111111111111111110010101101100
111111111111111111111111110010100000000
111111111111111111111111110010010010100
111111111111111111111111110010000101000
111111111111111111111111110001110111100
111111111111111111111111110001101010000
111111111111111111111111110001011100100
111111111111111111111111110001001111000
111111111111111111111111110001000001100
111111111111111111111111110000110100000
111111111111111111111111110000100110100
111111111111111111111111110000011001000
111111111111111111111111110000001011100
111111111111111111111111101111111110000
111111111111111111111111101111110000100
111111111111111111111111101111100011000
111111111111111111111111101111010101100
111111111111111111111111101111001000000
111111111111111111111111101110111010100
111111111111111111111111101110101101000
111111111111111111111111101110011111100
111111111111111111111111101110010010000
111111111111111111111111101110000100100
111111111111111111111111101101110111000
111111111111111111111111101101101001100
111111111111111111111111101101011100000
111111111111111111111111101101001110100
111111111111111111111111101101000001000
111111111111111111111111101100110011100
111111111111111111111111101100100110000
111111111111111111111111101100011000100
111111111111111111111111101100001011000
111111111111111111111111101011111101100
111111111111111111111111101011110000000
111111111111111111111111101011100010100
111111111111111111111111101011010101000
111111111111111111111111101011000111100
111111111111111111111111101010111010000
111111111111111111111111101010101100100
111111111111111111111111101010011111000
111111111111111111111111101010010001100
111111111111111111111111101010000100000
111111111111111111111111101001110110100
111111111111111111111111101001101001000
111111111111111111111111101001011011100
111111111111111111111111101001001110000
111111111111111111111111101001000000100
111111111111111111111111101000110011000
111111111111111111111111101000100101100
111111111111111111111111101000011000000
111111111111111111111111101000001010100
111111111111111111111111100111111101000
111111111111111111111111100111101111100
111111111111111111111111100111100010000
111111111111111111111111100111010100100
111111111111111111111111100111000111000
111111111111111111111111100110111001100
111111111111111111111111100110101100000
111111111111111111111111100110011110100
111111111111111111111111100110010001000
111111111111111111111111100110000011100
111111111111111111111111100101110110000
111111111111111111111111100101101000100
111111111111111111111111100101011011000
111111111111111111111111100101001101100
111111111111111111111111100101000000000
111111111111111111111111100100110010100
111111111111111111111111100100100101000
111111111111111111111111100100010111100
111111111111111111111111100100001010000
111111111111111111111111100011111100100
111111111111111111111111100011101111000
111111111111111111111111100011100001100
111111111111111111111111100011010100000
111111111111111111111111100011000110100
111111111111111111111111100010111001000
111111111111111111111111100010101011100
111111111111111111111111100010011110000
111111111111111111111111100010010000100
111111111111111111111111100010000011000
111111111111111111111111100001110101100
111111111111111111111111100001101000000
111111111111111111111111100001011010100
111111111111111111111111100001001101000
111111111111111111111111100000111111100
111111111111111111111111100000110010000
111111111111111111111111100000100100100
111111111111111111111111100000010111000
111111111111111111111111100000001001100
111111111111111111111111011111111100000
111111111111111111111111011111101110100
111111111111111111111111011111100001000
111111111111111111111111011111010011100
111111111111111111111111011111000110000
111111111111111111111111011110111000100
111111111111111111111111011110101011000
111111111111111111111111011110011101100
111111111111111111111111011110010000000
111111111111111111111111011110000010100
111111111111111111111111011101110101000
111111111111111111111111011101100111100
111111111111111111111111011101011010000
111111111111111111111111011101001100100
111111111111111111111111011100111111000
111111111111111111111111011100110001100
111111111111111111111111011100100100000
111111111111111111111111011100010110100
111111111111111111111111011100001001000
111111111111111111111111011011111011100
111111111111111111111111011011101110000
111111111111111111111111011011100000100
111111111111111111111111011011010011000
111111111111111111111111011011000101100
111111111111111111111111011010111000000
111111111111111111111111011010101010100
111111111111111111111111011010011101000
111111111111111111111111011010001111100
111111111111111111111111011010000010000
111111111111111111111111011001110100100
111111111111111111111111011001100111000
111111111111111111111111011001011001100
111111111111111111111111011001001100000
111111111111111111111111011000111110100
111111111111111111111111011000110001000
111111111111111111111111011000100011100
111111111111111111111111011000010110000
111111111111111111111111011000001000100
111111111111111111111111010111111011000
111111111111111111111111010111101101100
111111111111111111111111010111100000000
111111111111111111111111010111010010100
111111111111111111111111010111000101000
111111111111111111111111010110110111100
111111111111111111111111010110101010000
111111111111111111111111010110011100100
111111111111111111111111010110001111000
111111111111111111111111010110000001100
111111111111111111111111010101110100000
111111111111111111111111010101100110100
111111111111111111111111010101011001000
111111111111111111111111010101001011100
111111111111111111111111010100111110000
111111111111111111111111010100110000100
111111111111111111111111010100100011000
111111111111111111111111010100010101100
111111111111111111111111010100001000000
111111111111111111111111010011111010100
111111111111111111111111010011101101000
111111111111111111111111010011011111100
111111111111111111111111010011010010000
111111111111111111111111010011000100100
111111111111111111111111010010110111000
111111111111111111111111010010101001100
111111111111111111111111010010011100000
111111111111111111111111010010001110100
111111111111111111111111010010000001000
111111111111111111111111010001110011100
111111111111111111111111010001100110000
111111111111111111111111010001011000100
111111111111111111111111010001001011000
111111111111111111111111010000111101100
111111111111111111111111010000110000000
111111111111111111111111010000100010100
111111111111111111111111010000010101000
111111111111111111111111010000000111100
111111111111111111111111001111111010000
111111111111111111111111001111101100100
111111111111111111111111001111011111000
111111111111111111111111001111010001100
111111111111111111111111001111000100000
111111111111111111111111001110110110100
111111111111111111111111001110101001000
111111111111111111111111001110011011100
111111111111111111111111001110001110000
111111111111111111111111001110000000100
111111111111111111111111001101110011000
111111111111111111111111001101100101100
111111111111111111111111001101011000000
111111111111111111111111001101001010100
111111111111111111111111001100111101000
111111111111111111111111001100101111100
111111111111111111111111001100100010000
111111111111111111111111001100010100100
111111111111111111111111001100000111000
111111111111111111111111001011111001100
111111111111111111111111001011101100000
111111111111111111111111001011011110100
111111111111111111111111001011010001000
111111111111111111111111001011000011100
111111111111111111111111001010110110000
111111111111111111111111001010101000100
111111111111111111111111001010011011000
111111111111111111111111001010001101100
