000000000000000000000000000000000000000
111111111111111111111111111111110101110
111111111111111111111111111111101011100
111111111111111111111111111111100001010
111111111111111111111111111111010111000
111111111111111111111111111111001100110
111111111111111111111111111111000010100
111111111111111111111111111110111000010
111111111111111111111111111110101110000
111111111111111111111111111110100011110
111111111111111111111111111110011001100
111111111111111111111111111110001111010
111111111111111111111111111110000101000
111111111111111111111111111101111010110
111111111111111111111111111101110000100
111111111111111111111111111101100110010
111111111111111111111111111101011100000
111111111111111111111111111101010001110
111111111111111111111111111101000111100
111111111111111111111111111100111101010
111111111111111111111111111100110011000
111111111111111111111111111100101000110
111111111111111111111111111100011110100
111111111111111111111111111100010100010
111111111111111111111111111100001010000
111111111111111111111111111011111111110
111111111111111111111111111011110101100
111111111111111111111111111011101011010
111111111111111111111111111011100001000
111111111111111111111111111011010110110
111111111111111111111111111011001100100
111111111111111111111111111011000010010
111111111111111111111111111010111000000
111111111111111111111111111010101101110
111111111111111111111111111010100011100
111111111111111111111111111010011001010
111111111111111111111111111010001111000
111111111111111111111111111010000100110
111111111111111111111111111001111010100
111111111111111111111111111001110000010
111111111111111111111111111001100110000
111111111111111111111111111001011011110
111111111111111111111111111001010001100
111111111111111111111111111001000111010
111111111111111111111111111000111101000
111111111111111111111111111000110010110
111111111111111111111111111000101000100
111111111111111111111111111000011110010
111111111111111111111111111000010100000
111111111111111111111111111000001001110
111111111111111111111111110111111111100
111111111111111111111111110111110101010
111111111111111111111111110111101011000
111111111111111111111111110111100000110
111111111111111111111111110111010110100
111111111111111111111111110111001100010
111111111111111111111111110111000010000
111111111111111111111111110110110111110
111111111111111111111111110110101101100
111111111111111111111111110110100011010
111111111111111111111111110110011001000
111111111111111111111111110110001110110
111111111111111111111111110110000100100
111111111111111111111111110101111010010
111111111111111111111111110101110000000
111111111111111111111111110101100101110
111111111111111111111111110101011011100
111111111111111111111111110101010001010
111111111111111111111111110101000111000
111111111111111111111111110100111100110
111111111111111111111111110100110010100
111111111111111111111111110100101000010
111111111111111111111111110100011110000
111111111111111111111111110100010011110
111111111111111111111111110100001001100
111111111111111111111111110011111111010
111111111111111111111111110011110101000
111111111111111111111111110011101010110
111111111111111111111111110011100000100
111111111111111111111111110011010110010
111111111111111111111111110011001100000
111111111111111111111111110011000001110
111111111111111111111111110010110111100
111111111111111111111111110010101101010
111111111111111111111111110010100011000
111111111111111111111111110010011000110
111111111111111111111111110010001110100
111111111111111111111111110010000100010
111111111111111111111111110001111010000
111111111111111111111111110001101111110
111111111111111111111111110001100101100
111111111111111111111111110001011011010
111111111111111111111111110001010001000
111111111111111111111111110001000110110
111111111111111111111111110000111100100
111111111111111111111111110000110010010
111111111111111111111111110000101000000
111111111111111111111111110000011101110
111111111111111111111111110000010011100
111111111111111111111111110000001001010
111111111111111111111111101111111111000
111111111111111111111111101111110100110
111111111111111111111111101111101010100
111111111111111111111111101111100000010
111111111111111111111111101111010110000
111111111111111111111111101111001011110
111111111111111111111111101111000001100
111111111111111111111111101110110111010
111111111111111111111111101110101101000
111111111111111111111111101110100010110
111111111111111111111111101110011000100
111111111111111111111111101110001110010
111111111111111111111111101110000100000
111111111111111111111111101101111001110
111111111111111111111111101101101111100
111111111111111111111111101101100101010
111111111111111111111111101101011011000
111111111111111111111111101101010000110
111111111111111111111111101101000110100
111111111111111111111111101100111100010
111111111111111111111111101100110010000
111111111111111111111111101100100111110
111111111111111111111111101100011101100
111111111111111111111111101100010011010
111111111111111111111111101100001001000
111111111111111111111111101011111110110
111111111111111111111111101011110100100
111111111111111111111111101011101010010
111111111111111111111111101011100000000
111111111111111111111111101011010101110
111111111111111111111111101011001011100
111111111111111111111111101011000001010
111111111111111111111111101010110111000
111111111111111111111111101010101100110
111111111111111111111111101010100010100
111111111111111111111111101010011000010
111111111111111111111111101010001110000
111111111111111111111111101010000011110
111111111111111111111111101001111001100
111111111111111111111111101001101111010
111111111111111111111111101001100101000
111111111111111111111111101001011010110
111111111111111111111111101001010000100
111111111111111111111111101001000110010
111111111111111111111111101000111100000
111111111111111111111111101000110001110
111111111111111111111111101000100111100
111111111111111111111111101000011101010
111111111111111111111111101000010011000
111111111111111111111111101000001000110
111111111111111111111111100111111110100
111111111111111111111111100111110100010
111111111111111111111111100111101010000
111111111111111111111111100111011111110
111111111111111111111111100111010101100
111111111111111111111111100111001011010
111111111111111111111111100111000001000
111111111111111111111111100110110110110
111111111111111111111111100110101100100
111111111111111111111111100110100010010
111111111111111111111111100110011000000
111111111111111111111111100110001101110
111111111111111111111111100110000011100
111111111111111111111111100101111001010
111111111111111111111111100101101111000
111111111111111111111111100101100100110
111111111111111111111111100101011010100
111111111111111111111111100101010000010
111111111111111111111111100101000110000
111111111111111111111111100100111011110
111111111111111111111111100100110001100
111111111111111111111111100100100111010
111111111111111111111111100100011101000
111111111111111111111111100100010010110
111111111111111111111111100100001000100
111111111111111111111111100011111110010
111111111111111111111111100011110100000
111111111111111111111111100011101001110
111111111111111111111111100011011111100
111111111111111111111111100011010101010
111111111111111111111111100011001011000
111111111111111111111111100011000000110
111111111111111111111111100010110110100
111111111111111111111111100010101100010
111111111111111111111111100010100010000
111111111111111111111111100010010111110
111111111111111111111111100010001101100
111111111111111111111111100010000011010
111111111111111111111111100001111001000
111111111111111111111111100001101110110
111111111111111111111111100001100100100
111111111111111111111111100001011010010
111111111111111111111111100001010000000
111111111111111111111111100001000101110
111111111111111111111111100000111011100
111111111111111111111111100000110001010
111111111111111111111111100000100111000
111111111111111111111111100000011100110
111111111111111111111111100000010010100
111111111111111111111111100000001000010
111111111111111111111111011111111110000
111111111111111111111111011111110011110
111111111111111111111111011111101001100
111111111111111111111111011111011111010
111111111111111111111111011111010101000
111111111111111111111111011111001010110
111111111111111111111111011111000000100
111111111111111111111111011110110110010
111111111111111111111111011110101100000
111111111111111111111111011110100001110
111111111111111111111111011110010111100
111111111111111111111111011110001101010
111111111111111111111111011110000011000
111111111111111111111111011101111000110
111111111111111111111111011101101110100
111111111111111111111111011101100100010
111111111111111111111111011101011010000
111111111111111111111111011101001111110
111111111111111111111111011101000101100
111111111111111111111111011100111011010
111111111111111111111111011100110001000
111111111111111111111111011100100110110
111111111111111111111111011100011100100
111111111111111111111111011100010010010
111111111111111111111111011100001000000
111111111111111111111111011011111101110
111111111111111111111111011011110011100
111111111111111111111111011011101001010
111111111111111111111111011011011111000
111111111111111111111111011011010100110
111111111111111111111111011011001010100
111111111111111111111111011011000000010
111111111111111111111111011010110110000
111111111111111111111111011010101011110
111111111111111111111111011010100001100
111111111111111111111111011010010111010
111111111111111111111111011010001101000
111111111111111111111111011010000010110
111111111111111111111111011001111000100
111111111111111111111111011001101110010
111111111111111111111111011001100100000
111111111111111111111111011001011001110
111111111111111111111111011001001111100
111111111111111111111111011001000101010
111111111111111111111111011000111011000
111111111111111111111111011000110000110
111111111111111111111111011000100110100
111111111111111111111111011000011100010
111111111111111111111111011000010010000
111111111111111111111111011000000111110
111111111111111111111111010111111101100
111111111111111111111111010111110011010
111111111111111111111111010111101001000
111111111111111111111111010111011110110
111111111111111111111111010111010100100
111111111111111111111111010111001010010
