000000000000000000000000000000000000000
111111111111111111111111111111111111100
111111111111111111111111111111111111000
111111111111111111111111111111111110100
111111111111111111111111111111111110000
111111111111111111111111111111111101100
111111111111111111111111111111111101000
111111111111111111111111111111111100100
111111111111111111111111111111111100000
111111111111111111111111111111111011100
111111111111111111111111111111111011000
111111111111111111111111111111111010100
111111111111111111111111111111111010000
111111111111111111111111111111111001100
111111111111111111111111111111111001000
111111111111111111111111111111111000100
111111111111111111111111111111111000000
111111111111111111111111111111110111100
111111111111111111111111111111110111000
111111111111111111111111111111110110100
111111111111111111111111111111110110000
111111111111111111111111111111110101100
111111111111111111111111111111110101000
111111111111111111111111111111110100100
111111111111111111111111111111110100000
111111111111111111111111111111110011100
111111111111111111111111111111110011000
111111111111111111111111111111110010100
111111111111111111111111111111110010000
111111111111111111111111111111110001100
111111111111111111111111111111110001000
111111111111111111111111111111110000100
111111111111111111111111111111110000000
111111111111111111111111111111101111100
111111111111111111111111111111101111000
111111111111111111111111111111101110100
111111111111111111111111111111101110000
111111111111111111111111111111101101100
111111111111111111111111111111101101000
111111111111111111111111111111101100100
111111111111111111111111111111101100000
111111111111111111111111111111101011100
111111111111111111111111111111101011000
111111111111111111111111111111101010100
111111111111111111111111111111101010000
111111111111111111111111111111101001100
111111111111111111111111111111101001000
111111111111111111111111111111101000100
111111111111111111111111111111101000000
111111111111111111111111111111100111100
111111111111111111111111111111100111000
111111111111111111111111111111100110100
111111111111111111111111111111100110000
111111111111111111111111111111100101100
111111111111111111111111111111100101000
111111111111111111111111111111100100100
111111111111111111111111111111100100000
111111111111111111111111111111100011100
111111111111111111111111111111100011000
111111111111111111111111111111100010100
111111111111111111111111111111100010000
111111111111111111111111111111100001100
111111111111111111111111111111100001000
111111111111111111111111111111100000100
111111111111111111111111111111100000000
111111111111111111111111111111011111100
111111111111111111111111111111011111000
111111111111111111111111111111011110100
111111111111111111111111111111011110000
111111111111111111111111111111011101100
111111111111111111111111111111011101000
111111111111111111111111111111011100100
111111111111111111111111111111011100000
111111111111111111111111111111011011100
111111111111111111111111111111011011000
111111111111111111111111111111011010100
111111111111111111111111111111011010000
111111111111111111111111111111011001100
111111111111111111111111111111011001000
111111111111111111111111111111011000100
111111111111111111111111111111011000000
111111111111111111111111111111010111100
111111111111111111111111111111010111000
111111111111111111111111111111010110100
111111111111111111111111111111010110000
111111111111111111111111111111010101100
111111111111111111111111111111010101000
111111111111111111111111111111010100100
111111111111111111111111111111010100000
111111111111111111111111111111010011100
111111111111111111111111111111010011000
111111111111111111111111111111010010100
111111111111111111111111111111010010000
111111111111111111111111111111010001100
111111111111111111111111111111010001000
111111111111111111111111111111010000100
111111111111111111111111111111010000000
111111111111111111111111111111001111100
111111111111111111111111111111001111000
111111111111111111111111111111001110100
111111111111111111111111111111001110000
111111111111111111111111111111001101100
111111111111111111111111111111001101000
111111111111111111111111111111001100100
111111111111111111111111111111001100000
111111111111111111111111111111001011100
111111111111111111111111111111001011000
111111111111111111111111111111001010100
111111111111111111111111111111001010000
111111111111111111111111111111001001100
111111111111111111111111111111001001000
111111111111111111111111111111001000100
111111111111111111111111111111001000000
111111111111111111111111111111000111100
111111111111111111111111111111000111000
111111111111111111111111111111000110100
111111111111111111111111111111000110000
111111111111111111111111111111000101100
111111111111111111111111111111000101000
111111111111111111111111111111000100100
111111111111111111111111111111000100000
111111111111111111111111111111000011100
111111111111111111111111111111000011000
111111111111111111111111111111000010100
111111111111111111111111111111000010000
111111111111111111111111111111000001100
111111111111111111111111111111000001000
111111111111111111111111111111000000100
111111111111111111111111111111000000000
111111111111111111111111111110111111100
111111111111111111111111111110111111000
111111111111111111111111111110111110100
111111111111111111111111111110111110000
111111111111111111111111111110111101100
111111111111111111111111111110111101000
111111111111111111111111111110111100100
111111111111111111111111111110111100000
111111111111111111111111111110111011100
111111111111111111111111111110111011000
111111111111111111111111111110111010100
111111111111111111111111111110111010000
111111111111111111111111111110111001100
111111111111111111111111111110111001000
111111111111111111111111111110111000100
111111111111111111111111111110111000000
111111111111111111111111111110110111100
111111111111111111111111111110110111000
111111111111111111111111111110110110100
111111111111111111111111111110110110000
111111111111111111111111111110110101100
111111111111111111111111111110110101000
111111111111111111111111111110110100100
111111111111111111111111111110110100000
111111111111111111111111111110110011100
111111111111111111111111111110110011000
111111111111111111111111111110110010100
111111111111111111111111111110110010000
111111111111111111111111111110110001100
111111111111111111111111111110110001000
111111111111111111111111111110110000100
111111111111111111111111111110110000000
111111111111111111111111111110101111100
111111111111111111111111111110101111000
111111111111111111111111111110101110100
111111111111111111111111111110101110000
111111111111111111111111111110101101100
111111111111111111111111111110101101000
111111111111111111111111111110101100100
111111111111111111111111111110101100000
111111111111111111111111111110101011100
111111111111111111111111111110101011000
111111111111111111111111111110101010100
111111111111111111111111111110101010000
111111111111111111111111111110101001100
111111111111111111111111111110101001000
111111111111111111111111111110101000100
111111111111111111111111111110101000000
111111111111111111111111111110100111100
111111111111111111111111111110100111000
111111111111111111111111111110100110100
111111111111111111111111111110100110000
111111111111111111111111111110100101100
111111111111111111111111111110100101000
111111111111111111111111111110100100100
111111111111111111111111111110100100000
111111111111111111111111111110100011100
111111111111111111111111111110100011000
111111111111111111111111111110100010100
111111111111111111111111111110100010000
111111111111111111111111111110100001100
111111111111111111111111111110100001000
111111111111111111111111111110100000100
111111111111111111111111111110100000000
111111111111111111111111111110011111100
111111111111111111111111111110011111000
111111111111111111111111111110011110100
111111111111111111111111111110011110000
111111111111111111111111111110011101100
111111111111111111111111111110011101000
111111111111111111111111111110011100100
111111111111111111111111111110011100000
111111111111111111111111111110011011100
111111111111111111111111111110011011000
111111111111111111111111111110011010100
111111111111111111111111111110011010000
111111111111111111111111111110011001100
111111111111111111111111111110011001000
111111111111111111111111111110011000100
111111111111111111111111111110011000000
111111111111111111111111111110010111100
111111111111111111111111111110010111000
111111111111111111111111111110010110100
111111111111111111111111111110010110000
111111111111111111111111111110010101100
111111111111111111111111111110010101000
111111111111111111111111111110010100100
111111111111111111111111111110010100000
111111111111111111111111111110010011100
111111111111111111111111111110010011000
111111111111111111111111111110010010100
111111111111111111111111111110010010000
111111111111111111111111111110010001100
111111111111111111111111111110010001000
111111111111111111111111111110010000100
111111111111111111111111111110010000000
111111111111111111111111111110001111100
111111111111111111111111111110001111000
111111111111111111111111111110001110100
111111111111111111111111111110001110000
111111111111111111111111111110001101100
111111111111111111111111111110001101000
111111111111111111111111111110001100100
111111111111111111111111111110001100000
111111111111111111111111111110001011100
111111111111111111111111111110001011000
111111111111111111111111111110001010100
111111111111111111111111111110001010000
111111111111111111111111111110001001100
111111111111111111111111111110001001000
111111111111111111111111111110001000100
111111111111111111111111111110001000000
111111111111111111111111111110000111100
111111111111111111111111111110000111000
111111111111111111111111111110000110100
111111111111111111111111111110000110000
111111111111111111111111111110000101100
111111111111111111111111111110000101000
111111111111111111111111111110000100100
111111111111111111111111111110000100000
111111111111111111111111111110000011100
111111111111111111111111111110000011000
111111111111111111111111111110000010100
111111111111111111111111111110000010000
111111111111111111111111111110000001100
111111111111111111111111111110000001000
111111111111111111111111111110000000100
