000000000000000000000000000000000000000
000000000000000000000000000000010010011
000000000000000000000000000000100100110
000000000000000000000000000000110111001
000000000000000000000000000001001001100
000000000000000000000000000001011011111
000000000000000000000000000001101110010
000000000000000000000000000010000000101
000000000000000000000000000010010011000
000000000000000000000000000010100101011
000000000000000000000000000010110111110
000000000000000000000000000011001010001
000000000000000000000000000011011100100
000000000000000000000000000011101110111
000000000000000000000000000100000001010
000000000000000000000000000100010011101
000000000000000000000000000100100110000
000000000000000000000000000100111000011
000000000000000000000000000101001010110
000000000000000000000000000101011101001
000000000000000000000000000101101111100
000000000000000000000000000110000001111
000000000000000000000000000110010100010
000000000000000000000000000110100110101
000000000000000000000000000110111001000
000000000000000000000000000111001011011
000000000000000000000000000111011101110
000000000000000000000000000111110000001
000000000000000000000000001000000010100
000000000000000000000000001000010100111
000000000000000000000000001000100111010
000000000000000000000000001000111001101
000000000000000000000000001001001100000
000000000000000000000000001001011110011
000000000000000000000000001001110000110
000000000000000000000000001010000011001
000000000000000000000000001010010101100
000000000000000000000000001010100111111
000000000000000000000000001010111010010
000000000000000000000000001011001100101
000000000000000000000000001011011111000
000000000000000000000000001011110001011
000000000000000000000000001100000011110
000000000000000000000000001100010110001
000000000000000000000000001100101000100
000000000000000000000000001100111010111
000000000000000000000000001101001101010
000000000000000000000000001101011111101
000000000000000000000000001101110010000
000000000000000000000000001110000100011
000000000000000000000000001110010110110
000000000000000000000000001110101001001
000000000000000000000000001110111011100
000000000000000000000000001111001101111
000000000000000000000000001111100000010
000000000000000000000000001111110010101
000000000000000000000000010000000101000
000000000000000000000000010000010111011
000000000000000000000000010000101001110
000000000000000000000000010000111100001
000000000000000000000000010001001110100
000000000000000000000000010001100000111
000000000000000000000000010001110011010
000000000000000000000000010010000101101
000000000000000000000000010010011000000
000000000000000000000000010010101010011
000000000000000000000000010010111100110
000000000000000000000000010011001111001
000000000000000000000000010011100001100
000000000000000000000000010011110011111
000000000000000000000000010100000110010
000000000000000000000000010100011000101
000000000000000000000000010100101011000
000000000000000000000000010100111101011
000000000000000000000000010101001111110
000000000000000000000000010101100010001
000000000000000000000000010101110100100
000000000000000000000000010110000110111
000000000000000000000000010110011001010
000000000000000000000000010110101011101
000000000000000000000000010110111110000
000000000000000000000000010111010000011
000000000000000000000000010111100010110
000000000000000000000000010111110101001
000000000000000000000000011000000111100
000000000000000000000000011000011001111
000000000000000000000000011000101100010
000000000000000000000000011000111110101
000000000000000000000000011001010001000
000000000000000000000000011001100011011
000000000000000000000000011001110101110
000000000000000000000000011010001000001
000000000000000000000000011010011010100
000000000000000000000000011010101100111
000000000000000000000000011010111111010
000000000000000000000000011011010001101
000000000000000000000000011011100100000
000000000000000000000000011011110110011
000000000000000000000000011100001000110
000000000000000000000000011100011011001
000000000000000000000000011100101101100
000000000000000000000000011100111111111
000000000000000000000000011101010010010
000000000000000000000000011101100100101
000000000000000000000000011101110111000
000000000000000000000000011110001001011
000000000000000000000000011110011011110
000000000000000000000000011110101110001
000000000000000000000000011111000000100
000000000000000000000000011111010010111
000000000000000000000000011111100101010
000000000000000000000000011111110111101
000000000000000000000000100000001010000
000000000000000000000000100000011100011
000000000000000000000000100000101110110
000000000000000000000000100001000001001
000000000000000000000000100001010011100
000000000000000000000000100001100101111
000000000000000000000000100001111000010
000000000000000000000000100010001010101
000000000000000000000000100010011101000
000000000000000000000000100010101111011
000000000000000000000000100011000001110
000000000000000000000000100011010100001
000000000000000000000000100011100110100
000000000000000000000000100011111000111
000000000000000000000000100100001011010
000000000000000000000000100100011101101
000000000000000000000000100100110000000
000000000000000000000000100101000010011
000000000000000000000000100101010100110
000000000000000000000000100101100111001
000000000000000000000000100101111001100
000000000000000000000000100110001011111
000000000000000000000000100110011110010
000000000000000000000000100110110000101
000000000000000000000000100111000011000
000000000000000000000000100111010101011
000000000000000000000000100111100111110
000000000000000000000000100111111010001
000000000000000000000000101000001100100
000000000000000000000000101000011110111
000000000000000000000000101000110001010
000000000000000000000000101001000011101
000000000000000000000000101001010110000
000000000000000000000000101001101000011
000000000000000000000000101001111010110
000000000000000000000000101010001101001
000000000000000000000000101010011111100
000000000000000000000000101010110001111
000000000000000000000000101011000100010
000000000000000000000000101011010110101
000000000000000000000000101011101001000
000000000000000000000000101011111011011
000000000000000000000000101100001101110
000000000000000000000000101100100000001
000000000000000000000000101100110010100
000000000000000000000000101101000100111
000000000000000000000000101101010111010
000000000000000000000000101101101001101
000000000000000000000000101101111100000
000000000000000000000000101110001110011
000000000000000000000000101110100000110
000000000000000000000000101110110011001
000000000000000000000000101111000101100
000000000000000000000000101111010111111
000000000000000000000000101111101010010
000000000000000000000000101111111100101
000000000000000000000000110000001111000
000000000000000000000000110000100001011
000000000000000000000000110000110011110
000000000000000000000000110001000110001
000000000000000000000000110001011000100
000000000000000000000000110001101010111
000000000000000000000000110001111101010
000000000000000000000000110010001111101
000000000000000000000000110010100010000
000000000000000000000000110010110100011
000000000000000000000000110011000110110
000000000000000000000000110011011001001
000000000000000000000000110011101011100
000000000000000000000000110011111101111
000000000000000000000000110100010000010
000000000000000000000000110100100010101
000000000000000000000000110100110101000
000000000000000000000000110101000111011
000000000000000000000000110101011001110
000000000000000000000000110101101100001
000000000000000000000000110101111110100
000000000000000000000000110110010000111
000000000000000000000000110110100011010
000000000000000000000000110110110101101
000000000000000000000000110111001000000
000000000000000000000000110111011010011
000000000000000000000000110111101100110
000000000000000000000000110111111111001
000000000000000000000000111000010001100
000000000000000000000000111000100011111
000000000000000000000000111000110110010
000000000000000000000000111001001000101
000000000000000000000000111001011011000
000000000000000000000000111001101101011
000000000000000000000000111001111111110
000000000000000000000000111010010010001
000000000000000000000000111010100100100
000000000000000000000000111010110110111
000000000000000000000000111011001001010
000000000000000000000000111011011011101
000000000000000000000000111011101110000
000000000000000000000000111100000000011
000000000000000000000000111100010010110
000000000000000000000000111100100101001
000000000000000000000000111100110111100
000000000000000000000000111101001001111
000000000000000000000000111101011100010
000000000000000000000000111101101110101
000000000000000000000000111110000001000
000000000000000000000000111110010011011
000000000000000000000000111110100101110
000000000000000000000000111110111000001
000000000000000000000000111111001010100
000000000000000000000000111111011100111
000000000000000000000000111111101111010
000000000000000000000001000000000001101
000000000000000000000001000000010100000
000000000000000000000001000000100110011
000000000000000000000001000000111000110
000000000000000000000001000001001011001
000000000000000000000001000001011101100
000000000000000000000001000001101111111
000000000000000000000001000010000010010
000000000000000000000001000010010100101
000000000000000000000001000010100111000
000000000000000000000001000010111001011
000000000000000000000001000011001011110
000000000000000000000001000011011110001
000000000000000000000001000011110000100
000000000000000000000001000100000010111
000000000000000000000001000100010101010
000000000000000000000001000100100111101
000000000000000000000001000100111010000
000000000000000000000001000101001100011
000000000000000000000001000101011110110
000000000000000000000001000101110001001
000000000000000000000001000110000011100
000000000000000000000001000110010101111
000000000000000000000001000110101000010
000000000000000000000001000110111010101
000000000000000000000001000111001101000
000000000000000000000001000111011111011
000000000000000000000001000111110001110
000000000000000000000001001000000100001
000000000000000000000001001000010110100
000000000000000000000001001000101000111
000000000000000000000001001000111011010
000000000000000000000001001001001101101
