000000000000000000000000000000000000000
000000000000000000000000000000000010100
000000000000000000000000000000000101000
000000000000000000000000000000000111100
000000000000000000000000000000001010000
000000000000000000000000000000001100100
000000000000000000000000000000001111000
000000000000000000000000000000010001100
000000000000000000000000000000010100000
000000000000000000000000000000010110100
000000000000000000000000000000011001000
000000000000000000000000000000011011100
000000000000000000000000000000011110000
000000000000000000000000000000100000100
000000000000000000000000000000100011000
000000000000000000000000000000100101100
000000000000000000000000000000101000000
000000000000000000000000000000101010100
000000000000000000000000000000101101000
000000000000000000000000000000101111100
000000000000000000000000000000110010000
000000000000000000000000000000110100100
000000000000000000000000000000110111000
000000000000000000000000000000111001100
000000000000000000000000000000111100000
000000000000000000000000000000111110100
000000000000000000000000000001000001000
000000000000000000000000000001000011100
000000000000000000000000000001000110000
000000000000000000000000000001001000100
000000000000000000000000000001001011000
000000000000000000000000000001001101100
000000000000000000000000000001010000000
000000000000000000000000000001010010100
000000000000000000000000000001010101000
000000000000000000000000000001010111100
000000000000000000000000000001011010000
000000000000000000000000000001011100100
000000000000000000000000000001011111000
000000000000000000000000000001100001100
000000000000000000000000000001100100000
000000000000000000000000000001100110100
000000000000000000000000000001101001000
000000000000000000000000000001101011100
000000000000000000000000000001101110000
000000000000000000000000000001110000100
000000000000000000000000000001110011000
000000000000000000000000000001110101100
000000000000000000000000000001111000000
000000000000000000000000000001111010100
000000000000000000000000000001111101000
000000000000000000000000000001111111100
000000000000000000000000000010000010000
000000000000000000000000000010000100100
000000000000000000000000000010000111000
000000000000000000000000000010001001100
000000000000000000000000000010001100000
000000000000000000000000000010001110100
000000000000000000000000000010010001000
000000000000000000000000000010010011100
000000000000000000000000000010010110000
000000000000000000000000000010011000100
000000000000000000000000000010011011000
000000000000000000000000000010011101100
000000000000000000000000000010100000000
000000000000000000000000000010100010100
000000000000000000000000000010100101000
000000000000000000000000000010100111100
000000000000000000000000000010101010000
000000000000000000000000000010101100100
000000000000000000000000000010101111000
000000000000000000000000000010110001100
000000000000000000000000000010110100000
000000000000000000000000000010110110100
000000000000000000000000000010111001000
000000000000000000000000000010111011100
000000000000000000000000000010111110000
000000000000000000000000000011000000100
000000000000000000000000000011000011000
000000000000000000000000000011000101100
000000000000000000000000000011001000000
000000000000000000000000000011001010100
000000000000000000000000000011001101000
000000000000000000000000000011001111100
000000000000000000000000000011010010000
000000000000000000000000000011010100100
000000000000000000000000000011010111000
000000000000000000000000000011011001100
000000000000000000000000000011011100000
000000000000000000000000000011011110100
000000000000000000000000000011100001000
000000000000000000000000000011100011100
000000000000000000000000000011100110000
000000000000000000000000000011101000100
000000000000000000000000000011101011000
000000000000000000000000000011101101100
000000000000000000000000000011110000000
000000000000000000000000000011110010100
000000000000000000000000000011110101000
000000000000000000000000000011110111100
000000000000000000000000000011111010000
000000000000000000000000000011111100100
000000000000000000000000000011111111000
000000000000000000000000000100000001100
000000000000000000000000000100000100000
000000000000000000000000000100000110100
000000000000000000000000000100001001000
000000000000000000000000000100001011100
000000000000000000000000000100001110000
000000000000000000000000000100010000100
000000000000000000000000000100010011000
000000000000000000000000000100010101100
000000000000000000000000000100011000000
000000000000000000000000000100011010100
000000000000000000000000000100011101000
000000000000000000000000000100011111100
000000000000000000000000000100100010000
000000000000000000000000000100100100100
000000000000000000000000000100100111000
000000000000000000000000000100101001100
000000000000000000000000000100101100000
000000000000000000000000000100101110100
000000000000000000000000000100110001000
000000000000000000000000000100110011100
000000000000000000000000000100110110000
000000000000000000000000000100111000100
000000000000000000000000000100111011000
000000000000000000000000000100111101100
000000000000000000000000000101000000000
000000000000000000000000000101000010100
000000000000000000000000000101000101000
000000000000000000000000000101000111100
000000000000000000000000000101001010000
000000000000000000000000000101001100100
000000000000000000000000000101001111000
000000000000000000000000000101010001100
000000000000000000000000000101010100000
000000000000000000000000000101010110100
000000000000000000000000000101011001000
000000000000000000000000000101011011100
000000000000000000000000000101011110000
000000000000000000000000000101100000100
000000000000000000000000000101100011000
000000000000000000000000000101100101100
000000000000000000000000000101101000000
000000000000000000000000000101101010100
000000000000000000000000000101101101000
000000000000000000000000000101101111100
000000000000000000000000000101110010000
000000000000000000000000000101110100100
000000000000000000000000000101110111000
000000000000000000000000000101111001100
000000000000000000000000000101111100000
000000000000000000000000000101111110100
000000000000000000000000000110000001000
000000000000000000000000000110000011100
000000000000000000000000000110000110000
000000000000000000000000000110001000100
000000000000000000000000000110001011000
000000000000000000000000000110001101100
000000000000000000000000000110010000000
000000000000000000000000000110010010100
000000000000000000000000000110010101000
000000000000000000000000000110010111100
000000000000000000000000000110011010000
000000000000000000000000000110011100100
000000000000000000000000000110011111000
000000000000000000000000000110100001100
000000000000000000000000000110100100000
000000000000000000000000000110100110100
000000000000000000000000000110101001000
000000000000000000000000000110101011100
000000000000000000000000000110101110000
000000000000000000000000000110110000100
000000000000000000000000000110110011000
000000000000000000000000000110110101100
000000000000000000000000000110111000000
000000000000000000000000000110111010100
000000000000000000000000000110111101000
000000000000000000000000000110111111100
000000000000000000000000000111000010000
000000000000000000000000000111000100100
000000000000000000000000000111000111000
000000000000000000000000000111001001100
000000000000000000000000000111001100000
000000000000000000000000000111001110100
000000000000000000000000000111010001000
000000000000000000000000000111010011100
000000000000000000000000000111010110000
000000000000000000000000000111011000100
000000000000000000000000000111011011000
000000000000000000000000000111011101100
000000000000000000000000000111100000000
000000000000000000000000000111100010100
000000000000000000000000000111100101000
000000000000000000000000000111100111100
000000000000000000000000000111101010000
000000000000000000000000000111101100100
000000000000000000000000000111101111000
000000000000000000000000000111110001100
000000000000000000000000000111110100000
000000000000000000000000000111110110100
000000000000000000000000000111111001000
000000000000000000000000000111111011100
000000000000000000000000000111111110000
000000000000000000000000001000000000100
000000000000000000000000001000000011000
000000000000000000000000001000000101100
000000000000000000000000001000001000000
000000000000000000000000001000001010100
000000000000000000000000001000001101000
000000000000000000000000001000001111100
000000000000000000000000001000010010000
000000000000000000000000001000010100100
000000000000000000000000001000010111000
000000000000000000000000001000011001100
000000000000000000000000001000011100000
000000000000000000000000001000011110100
000000000000000000000000001000100001000
000000000000000000000000001000100011100
000000000000000000000000001000100110000
000000000000000000000000001000101000100
000000000000000000000000001000101011000
000000000000000000000000001000101101100
000000000000000000000000001000110000000
000000000000000000000000001000110010100
000000000000000000000000001000110101000
000000000000000000000000001000110111100
000000000000000000000000001000111010000
000000000000000000000000001000111100100
000000000000000000000000001000111111000
000000000000000000000000001001000001100
000000000000000000000000001001000100000
000000000000000000000000001001000110100
000000000000000000000000001001001001000
000000000000000000000000001001001011100
000000000000000000000000001001001110000
000000000000000000000000001001010000100
000000000000000000000000001001010011000
000000000000000000000000001001010101100
000000000000000000000000001001011000000
000000000000000000000000001001011010100
000000000000000000000000001001011101000
000000000000000000000000001001011111100
000000000000000000000000001001100010000
000000000000000000000000001001100100100
000000000000000000000000001001100111000
000000000000000000000000001001101001100
000000000000000000000000001001101100000
000000000000000000000000001001101110100
000000000000000000000000001001110001000
000000000000000000000000001001110011100
000000000000000000000000001001110110000
000000000000000000000000001001111000100
000000000000000000000000001001111011000
000000000000000000000000001001111101100
