000000000000000000000000000000000000000
000000000000000000000000000000010001000
000000000000000000000000000000100010000
000000000000000000000000000000110011000
000000000000000000000000000001000100000
000000000000000000000000000001010101000
000000000000000000000000000001100110000
000000000000000000000000000001110111000
000000000000000000000000000010001000000
000000000000000000000000000010011001000
000000000000000000000000000010101010000
000000000000000000000000000010111011000
000000000000000000000000000011001100000
000000000000000000000000000011011101000
000000000000000000000000000011101110000
000000000000000000000000000011111111000
000000000000000000000000000100010000000
000000000000000000000000000100100001000
000000000000000000000000000100110010000
000000000000000000000000000101000011000
000000000000000000000000000101010100000
000000000000000000000000000101100101000
000000000000000000000000000101110110000
000000000000000000000000000110000111000
000000000000000000000000000110011000000
000000000000000000000000000110101001000
000000000000000000000000000110111010000
000000000000000000000000000111001011000
000000000000000000000000000111011100000
000000000000000000000000000111101101000
000000000000000000000000000111111110000
000000000000000000000000001000001111000
000000000000000000000000001000100000000
000000000000000000000000001000110001000
000000000000000000000000001001000010000
000000000000000000000000001001010011000
000000000000000000000000001001100100000
000000000000000000000000001001110101000
000000000000000000000000001010000110000
000000000000000000000000001010010111000
000000000000000000000000001010101000000
000000000000000000000000001010111001000
000000000000000000000000001011001010000
000000000000000000000000001011011011000
000000000000000000000000001011101100000
000000000000000000000000001011111101000
000000000000000000000000001100001110000
000000000000000000000000001100011111000
000000000000000000000000001100110000000
000000000000000000000000001101000001000
000000000000000000000000001101010010000
000000000000000000000000001101100011000
000000000000000000000000001101110100000
000000000000000000000000001110000101000
000000000000000000000000001110010110000
000000000000000000000000001110100111000
000000000000000000000000001110111000000
000000000000000000000000001111001001000
000000000000000000000000001111011010000
000000000000000000000000001111101011000
000000000000000000000000001111111100000
000000000000000000000000010000001101000
000000000000000000000000010000011110000
000000000000000000000000010000101111000
000000000000000000000000010001000000000
000000000000000000000000010001010001000
000000000000000000000000010001100010000
000000000000000000000000010001110011000
000000000000000000000000010010000100000
000000000000000000000000010010010101000
000000000000000000000000010010100110000
000000000000000000000000010010110111000
000000000000000000000000010011001000000
000000000000000000000000010011011001000
000000000000000000000000010011101010000
000000000000000000000000010011111011000
000000000000000000000000010100001100000
000000000000000000000000010100011101000
000000000000000000000000010100101110000
000000000000000000000000010100111111000
000000000000000000000000010101010000000
000000000000000000000000010101100001000
000000000000000000000000010101110010000
000000000000000000000000010110000011000
000000000000000000000000010110010100000
000000000000000000000000010110100101000
000000000000000000000000010110110110000
000000000000000000000000010111000111000
000000000000000000000000010111011000000
000000000000000000000000010111101001000
000000000000000000000000010111111010000
000000000000000000000000011000001011000
000000000000000000000000011000011100000
000000000000000000000000011000101101000
000000000000000000000000011000111110000
000000000000000000000000011001001111000
000000000000000000000000011001100000000
000000000000000000000000011001110001000
000000000000000000000000011010000010000
000000000000000000000000011010010011000
000000000000000000000000011010100100000
000000000000000000000000011010110101000
000000000000000000000000011011000110000
000000000000000000000000011011010111000
000000000000000000000000011011101000000
000000000000000000000000011011111001000
000000000000000000000000011100001010000
000000000000000000000000011100011011000
000000000000000000000000011100101100000
000000000000000000000000011100111101000
000000000000000000000000011101001110000
000000000000000000000000011101011111000
000000000000000000000000011101110000000
000000000000000000000000011110000001000
000000000000000000000000011110010010000
000000000000000000000000011110100011000
000000000000000000000000011110110100000
000000000000000000000000011111000101000
000000000000000000000000011111010110000
000000000000000000000000011111100111000
000000000000000000000000011111111000000
000000000000000000000000100000001001000
000000000000000000000000100000011010000
000000000000000000000000100000101011000
000000000000000000000000100000111100000
000000000000000000000000100001001101000
000000000000000000000000100001011110000
000000000000000000000000100001101111000
000000000000000000000000100010000000000
000000000000000000000000100010010001000
000000000000000000000000100010100010000
000000000000000000000000100010110011000
000000000000000000000000100011000100000
000000000000000000000000100011010101000
000000000000000000000000100011100110000
000000000000000000000000100011110111000
000000000000000000000000100100001000000
000000000000000000000000100100011001000
000000000000000000000000100100101010000
000000000000000000000000100100111011000
000000000000000000000000100101001100000
000000000000000000000000100101011101000
000000000000000000000000100101101110000
000000000000000000000000100101111111000
000000000000000000000000100110010000000
000000000000000000000000100110100001000
000000000000000000000000100110110010000
000000000000000000000000100111000011000
000000000000000000000000100111010100000
000000000000000000000000100111100101000
000000000000000000000000100111110110000
000000000000000000000000101000000111000
000000000000000000000000101000011000000
000000000000000000000000101000101001000
000000000000000000000000101000111010000
000000000000000000000000101001001011000
000000000000000000000000101001011100000
000000000000000000000000101001101101000
000000000000000000000000101001111110000
000000000000000000000000101010001111000
000000000000000000000000101010100000000
000000000000000000000000101010110001000
000000000000000000000000101011000010000
000000000000000000000000101011010011000
000000000000000000000000101011100100000
000000000000000000000000101011110101000
000000000000000000000000101100000110000
000000000000000000000000101100010111000
000000000000000000000000101100101000000
000000000000000000000000101100111001000
000000000000000000000000101101001010000
000000000000000000000000101101011011000
000000000000000000000000101101101100000
000000000000000000000000101101111101000
000000000000000000000000101110001110000
000000000000000000000000101110011111000
000000000000000000000000101110110000000
000000000000000000000000101111000001000
000000000000000000000000101111010010000
000000000000000000000000101111100011000
000000000000000000000000101111110100000
000000000000000000000000110000000101000
000000000000000000000000110000010110000
000000000000000000000000110000100111000
000000000000000000000000110000111000000
000000000000000000000000110001001001000
000000000000000000000000110001011010000
000000000000000000000000110001101011000
000000000000000000000000110001111100000
000000000000000000000000110010001101000
000000000000000000000000110010011110000
000000000000000000000000110010101111000
000000000000000000000000110011000000000
000000000000000000000000110011010001000
000000000000000000000000110011100010000
000000000000000000000000110011110011000
000000000000000000000000110100000100000
000000000000000000000000110100010101000
000000000000000000000000110100100110000
000000000000000000000000110100110111000
000000000000000000000000110101001000000
000000000000000000000000110101011001000
000000000000000000000000110101101010000
000000000000000000000000110101111011000
000000000000000000000000110110001100000
000000000000000000000000110110011101000
000000000000000000000000110110101110000
000000000000000000000000110110111111000
000000000000000000000000110111010000000
000000000000000000000000110111100001000
000000000000000000000000110111110010000
000000000000000000000000111000000011000
000000000000000000000000111000010100000
000000000000000000000000111000100101000
000000000000000000000000111000110110000
000000000000000000000000111001000111000
000000000000000000000000111001011000000
000000000000000000000000111001101001000
000000000000000000000000111001111010000
000000000000000000000000111010001011000
000000000000000000000000111010011100000
000000000000000000000000111010101101000
000000000000000000000000111010111110000
000000000000000000000000111011001111000
000000000000000000000000111011100000000
000000000000000000000000111011110001000
000000000000000000000000111100000010000
000000000000000000000000111100010011000
000000000000000000000000111100100100000
000000000000000000000000111100110101000
000000000000000000000000111101000110000
000000000000000000000000111101010111000
000000000000000000000000111101101000000
000000000000000000000000111101111001000
000000000000000000000000111110001010000
000000000000000000000000111110011011000
000000000000000000000000111110101100000
000000000000000000000000111110111101000
000000000000000000000000111111001110000
000000000000000000000000111111011111000
000000000000000000000000111111110000000
000000000000000000000001000000000001000
000000000000000000000001000000010010000
000000000000000000000001000000100011000
000000000000000000000001000000110100000
000000000000000000000001000001000101000
000000000000000000000001000001010110000
000000000000000000000001000001100111000
000000000000000000000001000001111000000
000000000000000000000001000010001001000
000000000000000000000001000010011010000
000000000000000000000001000010101011000
000000000000000000000001000010111100000
000000000000000000000001000011001101000
000000000000000000000001000011011110000
000000000000000000000001000011101111000
