000000000000000000000000000000000000000
000000000000000000000000000000010110001
000000000000000000000000000000101100010
000000000000000000000000000001000010011
000000000000000000000000000001011000100
000000000000000000000000000001101110101
000000000000000000000000000010000100110
000000000000000000000000000010011010111
000000000000000000000000000010110001000
000000000000000000000000000011000111001
000000000000000000000000000011011101010
000000000000000000000000000011110011011
000000000000000000000000000100001001100
000000000000000000000000000100011111101
000000000000000000000000000100110101110
000000000000000000000000000101001011111
000000000000000000000000000101100010000
000000000000000000000000000101111000001
000000000000000000000000000110001110010
000000000000000000000000000110100100011
000000000000000000000000000110111010100
000000000000000000000000000111010000101
000000000000000000000000000111100110110
000000000000000000000000000111111100111
000000000000000000000000001000010011000
000000000000000000000000001000101001001
000000000000000000000000001000111111010
000000000000000000000000001001010101011
000000000000000000000000001001101011100
000000000000000000000000001010000001101
000000000000000000000000001010010111110
000000000000000000000000001010101101111
000000000000000000000000001011000100000
000000000000000000000000001011011010001
000000000000000000000000001011110000010
000000000000000000000000001100000110011
000000000000000000000000001100011100100
000000000000000000000000001100110010101
000000000000000000000000001101001000110
000000000000000000000000001101011110111
000000000000000000000000001101110101000
000000000000000000000000001110001011001
000000000000000000000000001110100001010
000000000000000000000000001110110111011
000000000000000000000000001111001101100
000000000000000000000000001111100011101
000000000000000000000000001111111001110
000000000000000000000000010000001111111
000000000000000000000000010000100110000
000000000000000000000000010000111100001
000000000000000000000000010001010010010
000000000000000000000000010001101000011
000000000000000000000000010001111110100
000000000000000000000000010010010100101
000000000000000000000000010010101010110
000000000000000000000000010011000000111
000000000000000000000000010011010111000
000000000000000000000000010011101101001
000000000000000000000000010100000011010
000000000000000000000000010100011001011
000000000000000000000000010100101111100
000000000000000000000000010101000101101
000000000000000000000000010101011011110
000000000000000000000000010101110001111
000000000000000000000000010110001000000
000000000000000000000000010110011110001
000000000000000000000000010110110100010
000000000000000000000000010111001010011
000000000000000000000000010111100000100
000000000000000000000000010111110110101
000000000000000000000000011000001100110
000000000000000000000000011000100010111
000000000000000000000000011000111001000
000000000000000000000000011001001111001
000000000000000000000000011001100101010
000000000000000000000000011001111011011
000000000000000000000000011010010001100
000000000000000000000000011010100111101
000000000000000000000000011010111101110
000000000000000000000000011011010011111
000000000000000000000000011011101010000
000000000000000000000000011100000000001
000000000000000000000000011100010110010
000000000000000000000000011100101100011
000000000000000000000000011101000010100
000000000000000000000000011101011000101
000000000000000000000000011101101110110
000000000000000000000000011110000100111
000000000000000000000000011110011011000
000000000000000000000000011110110001001
000000000000000000000000011111000111010
000000000000000000000000011111011101011
000000000000000000000000011111110011100
000000000000000000000000100000001001101
000000000000000000000000100000011111110
000000000000000000000000100000110101111
000000000000000000000000100001001100000
000000000000000000000000100001100010001
000000000000000000000000100001111000010
000000000000000000000000100010001110011
000000000000000000000000100010100100100
000000000000000000000000100010111010101
000000000000000000000000100011010000110
000000000000000000000000100011100110111
000000000000000000000000100011111101000
000000000000000000000000100100010011001
000000000000000000000000100100101001010
000000000000000000000000100100111111011
000000000000000000000000100101010101100
000000000000000000000000100101101011101
000000000000000000000000100110000001110
000000000000000000000000100110010111111
000000000000000000000000100110101110000
000000000000000000000000100111000100001
000000000000000000000000100111011010010
000000000000000000000000100111110000011
000000000000000000000000101000000110100
000000000000000000000000101000011100101
000000000000000000000000101000110010110
000000000000000000000000101001001000111
000000000000000000000000101001011111000
000000000000000000000000101001110101001
000000000000000000000000101010001011010
000000000000000000000000101010100001011
000000000000000000000000101010110111100
000000000000000000000000101011001101101
000000000000000000000000101011100011110
000000000000000000000000101011111001111
000000000000000000000000101100010000000
000000000000000000000000101100100110001
000000000000000000000000101100111100010
000000000000000000000000101101010010011
000000000000000000000000101101101000100
000000000000000000000000101101111110101
000000000000000000000000101110010100110
000000000000000000000000101110101010111
000000000000000000000000101111000001000
000000000000000000000000101111010111001
000000000000000000000000101111101101010
000000000000000000000000110000000011011
000000000000000000000000110000011001100
000000000000000000000000110000101111101
000000000000000000000000110001000101110
000000000000000000000000110001011011111
000000000000000000000000110001110010000
000000000000000000000000110010001000001
000000000000000000000000110010011110010
000000000000000000000000110010110100011
000000000000000000000000110011001010100
000000000000000000000000110011100000101
000000000000000000000000110011110110110
000000000000000000000000110100001100111
000000000000000000000000110100100011000
000000000000000000000000110100111001001
000000000000000000000000110101001111010
000000000000000000000000110101100101011
000000000000000000000000110101111011100
000000000000000000000000110110010001101
000000000000000000000000110110100111110
000000000000000000000000110110111101111
000000000000000000000000110111010100000
000000000000000000000000110111101010001
000000000000000000000000111000000000010
000000000000000000000000111000010110011
000000000000000000000000111000101100100
000000000000000000000000111001000010101
000000000000000000000000111001011000110
000000000000000000000000111001101110111
000000000000000000000000111010000101000
000000000000000000000000111010011011001
000000000000000000000000111010110001010
000000000000000000000000111011000111011
000000000000000000000000111011011101100
000000000000000000000000111011110011101
000000000000000000000000111100001001110
000000000000000000000000111100011111111
000000000000000000000000111100110110000
000000000000000000000000111101001100001
000000000000000000000000111101100010010
000000000000000000000000111101111000011
000000000000000000000000111110001110100
000000000000000000000000111110100100101
000000000000000000000000111110111010110
000000000000000000000000111111010000111
000000000000000000000000111111100111000
000000000000000000000000111111111101001
000000000000000000000001000000010011010
000000000000000000000001000000101001011
000000000000000000000001000000111111100
000000000000000000000001000001010101101
000000000000000000000001000001101011110
000000000000000000000001000010000001111
000000000000000000000001000010011000000
000000000000000000000001000010101110001
000000000000000000000001000011000100010
000000000000000000000001000011011010011
000000000000000000000001000011110000100
000000000000000000000001000100000110101
000000000000000000000001000100011100110
000000000000000000000001000100110010111
000000000000000000000001000101001001000
000000000000000000000001000101011111001
000000000000000000000001000101110101010
000000000000000000000001000110001011011
000000000000000000000001000110100001100
000000000000000000000001000110110111101
000000000000000000000001000111001101110
000000000000000000000001000111100011111
000000000000000000000001000111111010000
000000000000000000000001001000010000001
000000000000000000000001001000100110010
000000000000000000000001001000111100011
000000000000000000000001001001010010100
000000000000000000000001001001101000101
000000000000000000000001001001111110110
000000000000000000000001001010010100111
000000000000000000000001001010101011000
000000000000000000000001001011000001001
000000000000000000000001001011010111010
000000000000000000000001001011101101011
000000000000000000000001001100000011100
000000000000000000000001001100011001101
000000000000000000000001001100101111110
000000000000000000000001001101000101111
000000000000000000000001001101011100000
000000000000000000000001001101110010001
000000000000000000000001001110001000010
000000000000000000000001001110011110011
000000000000000000000001001110110100100
000000000000000000000001001111001010101
000000000000000000000001001111100000110
000000000000000000000001001111110110111
000000000000000000000001010000001101000
000000000000000000000001010000100011001
000000000000000000000001010000111001010
000000000000000000000001010001001111011
000000000000000000000001010001100101100
000000000000000000000001010001111011101
000000000000000000000001010010010001110
000000000000000000000001010010100111111
000000000000000000000001010010111110000
000000000000000000000001010011010100001
000000000000000000000001010011101010010
000000000000000000000001010100000000011
000000000000000000000001010100010110100
000000000000000000000001010100101100101
000000000000000000000001010101000010110
000000000000000000000001010101011000111
000000000000000000000001010101101111000
000000000000000000000001010110000101001
000000000000000000000001010110011011010
000000000000000000000001010110110001011
000000000000000000000001010111000111100
000000000000000000000001010111011101101
000000000000000000000001010111110011110
000000000000000000000001011000001001111
