000000000000000000000000000000000000000
000000000000000000000000000000001010001
000000000000000000000000000000010100010
000000000000000000000000000000011110011
000000000000000000000000000000101000100
000000000000000000000000000000110010101
000000000000000000000000000000111100110
000000000000000000000000000001000110111
000000000000000000000000000001010001000
000000000000000000000000000001011011001
000000000000000000000000000001100101010
000000000000000000000000000001101111011
000000000000000000000000000001111001100
000000000000000000000000000010000011101
000000000000000000000000000010001101110
000000000000000000000000000010010111111
000000000000000000000000000010100010000
000000000000000000000000000010101100001
000000000000000000000000000010110110010
000000000000000000000000000011000000011
000000000000000000000000000011001010100
000000000000000000000000000011010100101
000000000000000000000000000011011110110
000000000000000000000000000011101000111
000000000000000000000000000011110011000
000000000000000000000000000011111101001
000000000000000000000000000100000111010
000000000000000000000000000100010001011
000000000000000000000000000100011011100
000000000000000000000000000100100101101
000000000000000000000000000100101111110
000000000000000000000000000100111001111
000000000000000000000000000101000100000
000000000000000000000000000101001110001
000000000000000000000000000101011000010
000000000000000000000000000101100010011
000000000000000000000000000101101100100
000000000000000000000000000101110110101
000000000000000000000000000110000000110
000000000000000000000000000110001010111
000000000000000000000000000110010101000
000000000000000000000000000110011111001
000000000000000000000000000110101001010
000000000000000000000000000110110011011
000000000000000000000000000110111101100
000000000000000000000000000111000111101
000000000000000000000000000111010001110
000000000000000000000000000111011011111
000000000000000000000000000111100110000
000000000000000000000000000111110000001
000000000000000000000000000111111010010
000000000000000000000000001000000100011
000000000000000000000000001000001110100
000000000000000000000000001000011000101
000000000000000000000000001000100010110
000000000000000000000000001000101100111
000000000000000000000000001000110111000
000000000000000000000000001001000001001
000000000000000000000000001001001011010
000000000000000000000000001001010101011
000000000000000000000000001001011111100
000000000000000000000000001001101001101
000000000000000000000000001001110011110
000000000000000000000000001001111101111
000000000000000000000000001010001000000
000000000000000000000000001010010010001
000000000000000000000000001010011100010
000000000000000000000000001010100110011
000000000000000000000000001010110000100
000000000000000000000000001010111010101
000000000000000000000000001011000100110
000000000000000000000000001011001110111
000000000000000000000000001011011001000
000000000000000000000000001011100011001
000000000000000000000000001011101101010
000000000000000000000000001011110111011
000000000000000000000000001100000001100
000000000000000000000000001100001011101
000000000000000000000000001100010101110
000000000000000000000000001100011111111
000000000000000000000000001100101010000
000000000000000000000000001100110100001
000000000000000000000000001100111110010
000000000000000000000000001101001000011
000000000000000000000000001101010010100
000000000000000000000000001101011100101
000000000000000000000000001101100110110
000000000000000000000000001101110000111
000000000000000000000000001101111011000
000000000000000000000000001110000101001
000000000000000000000000001110001111010
000000000000000000000000001110011001011
000000000000000000000000001110100011100
000000000000000000000000001110101101101
000000000000000000000000001110110111110
000000000000000000000000001111000001111
000000000000000000000000001111001100000
000000000000000000000000001111010110001
000000000000000000000000001111100000010
000000000000000000000000001111101010011
000000000000000000000000001111110100100
000000000000000000000000001111111110101
000000000000000000000000010000001000110
000000000000000000000000010000010010111
000000000000000000000000010000011101000
000000000000000000000000010000100111001
000000000000000000000000010000110001010
000000000000000000000000010000111011011
000000000000000000000000010001000101100
000000000000000000000000010001001111101
000000000000000000000000010001011001110
000000000000000000000000010001100011111
000000000000000000000000010001101110000
000000000000000000000000010001111000001
000000000000000000000000010010000010010
000000000000000000000000010010001100011
000000000000000000000000010010010110100
000000000000000000000000010010100000101
000000000000000000000000010010101010110
000000000000000000000000010010110100111
000000000000000000000000010010111111000
000000000000000000000000010011001001001
000000000000000000000000010011010011010
000000000000000000000000010011011101011
000000000000000000000000010011100111100
000000000000000000000000010011110001101
000000000000000000000000010011111011110
000000000000000000000000010100000101111
000000000000000000000000010100010000000
000000000000000000000000010100011010001
000000000000000000000000010100100100010
000000000000000000000000010100101110011
000000000000000000000000010100111000100
000000000000000000000000010101000010101
000000000000000000000000010101001100110
000000000000000000000000010101010110111
000000000000000000000000010101100001000
000000000000000000000000010101101011001
000000000000000000000000010101110101010
000000000000000000000000010101111111011
000000000000000000000000010110001001100
000000000000000000000000010110010011101
000000000000000000000000010110011101110
000000000000000000000000010110100111111
000000000000000000000000010110110010000
000000000000000000000000010110111100001
000000000000000000000000010111000110010
000000000000000000000000010111010000011
000000000000000000000000010111011010100
000000000000000000000000010111100100101
000000000000000000000000010111101110110
000000000000000000000000010111111000111
000000000000000000000000011000000011000
000000000000000000000000011000001101001
000000000000000000000000011000010111010
000000000000000000000000011000100001011
000000000000000000000000011000101011100
000000000000000000000000011000110101101
000000000000000000000000011000111111110
000000000000000000000000011001001001111
000000000000000000000000011001010100000
000000000000000000000000011001011110001
000000000000000000000000011001101000010
000000000000000000000000011001110010011
000000000000000000000000011001111100100
000000000000000000000000011010000110101
000000000000000000000000011010010000110
000000000000000000000000011010011010111
000000000000000000000000011010100101000
000000000000000000000000011010101111001
000000000000000000000000011010111001010
000000000000000000000000011011000011011
000000000000000000000000011011001101100
000000000000000000000000011011010111101
000000000000000000000000011011100001110
000000000000000000000000011011101011111
000000000000000000000000011011110110000
000000000000000000000000011100000000001
000000000000000000000000011100001010010
000000000000000000000000011100010100011
000000000000000000000000011100011110100
000000000000000000000000011100101000101
000000000000000000000000011100110010110
000000000000000000000000011100111100111
000000000000000000000000011101000111000
000000000000000000000000011101010001001
000000000000000000000000011101011011010
000000000000000000000000011101100101011
000000000000000000000000011101101111100
000000000000000000000000011101111001101
000000000000000000000000011110000011110
000000000000000000000000011110001101111
000000000000000000000000011110011000000
000000000000000000000000011110100010001
000000000000000000000000011110101100010
000000000000000000000000011110110110011
000000000000000000000000011111000000100
000000000000000000000000011111001010101
000000000000000000000000011111010100110
000000000000000000000000011111011110111
000000000000000000000000011111101001000
000000000000000000000000011111110011001
000000000000000000000000011111111101010
000000000000000000000000100000000111011
000000000000000000000000100000010001100
000000000000000000000000100000011011101
000000000000000000000000100000100101110
000000000000000000000000100000101111111
000000000000000000000000100000111010000
000000000000000000000000100001000100001
000000000000000000000000100001001110010
000000000000000000000000100001011000011
000000000000000000000000100001100010100
000000000000000000000000100001101100101
000000000000000000000000100001110110110
000000000000000000000000100010000000111
000000000000000000000000100010001011000
000000000000000000000000100010010101001
000000000000000000000000100010011111010
000000000000000000000000100010101001011
000000000000000000000000100010110011100
000000000000000000000000100010111101101
000000000000000000000000100011000111110
000000000000000000000000100011010001111
000000000000000000000000100011011100000
000000000000000000000000100011100110001
000000000000000000000000100011110000010
000000000000000000000000100011111010011
000000000000000000000000100100000100100
000000000000000000000000100100001110101
000000000000000000000000100100011000110
000000000000000000000000100100100010111
000000000000000000000000100100101101000
000000000000000000000000100100110111001
000000000000000000000000100101000001010
000000000000000000000000100101001011011
000000000000000000000000100101010101100
000000000000000000000000100101011111101
000000000000000000000000100101101001110
000000000000000000000000100101110011111
000000000000000000000000100101111110000
000000000000000000000000100110001000001
000000000000000000000000100110010010010
000000000000000000000000100110011100011
000000000000000000000000100110100110100
000000000000000000000000100110110000101
000000000000000000000000100110111010110
000000000000000000000000100111000100111
000000000000000000000000100111001111000
000000000000000000000000100111011001001
000000000000000000000000100111100011010
000000000000000000000000100111101101011
000000000000000000000000100111110111100
000000000000000000000000101000000001101
000000000000000000000000101000001011110
000000000000000000000000101000010101111
