000000000000000000000000000000000000000
000000000000000000000000000000010100110
000000000000000000000000000000101001100
000000000000000000000000000000111110010
000000000000000000000000000001010011000
000000000000000000000000000001100111110
000000000000000000000000000001111100100
000000000000000000000000000010010001010
000000000000000000000000000010100110000
000000000000000000000000000010111010110
000000000000000000000000000011001111100
000000000000000000000000000011100100010
000000000000000000000000000011111001000
000000000000000000000000000100001101110
000000000000000000000000000100100010100
000000000000000000000000000100110111010
000000000000000000000000000101001100000
000000000000000000000000000101100000110
000000000000000000000000000101110101100
000000000000000000000000000110001010010
000000000000000000000000000110011111000
000000000000000000000000000110110011110
000000000000000000000000000111001000100
000000000000000000000000000111011101010
000000000000000000000000000111110010000
000000000000000000000000001000000110110
000000000000000000000000001000011011100
000000000000000000000000001000110000010
000000000000000000000000001001000101000
000000000000000000000000001001011001110
000000000000000000000000001001101110100
000000000000000000000000001010000011010
000000000000000000000000001010011000000
000000000000000000000000001010101100110
000000000000000000000000001011000001100
000000000000000000000000001011010110010
000000000000000000000000001011101011000
000000000000000000000000001011111111110
000000000000000000000000001100010100100
000000000000000000000000001100101001010
000000000000000000000000001100111110000
000000000000000000000000001101010010110
000000000000000000000000001101100111100
000000000000000000000000001101111100010
000000000000000000000000001110010001000
000000000000000000000000001110100101110
000000000000000000000000001110111010100
000000000000000000000000001111001111010
000000000000000000000000001111100100000
000000000000000000000000001111111000110
000000000000000000000000010000001101100
000000000000000000000000010000100010010
000000000000000000000000010000110111000
000000000000000000000000010001001011110
000000000000000000000000010001100000100
000000000000000000000000010001110101010
000000000000000000000000010010001010000
000000000000000000000000010010011110110
000000000000000000000000010010110011100
000000000000000000000000010011001000010
000000000000000000000000010011011101000
000000000000000000000000010011110001110
000000000000000000000000010100000110100
000000000000000000000000010100011011010
000000000000000000000000010100110000000
000000000000000000000000010101000100110
000000000000000000000000010101011001100
000000000000000000000000010101101110010
000000000000000000000000010110000011000
000000000000000000000000010110010111110
000000000000000000000000010110101100100
000000000000000000000000010111000001010
000000000000000000000000010111010110000
000000000000000000000000010111101010110
000000000000000000000000010111111111100
000000000000000000000000011000010100010
000000000000000000000000011000101001000
000000000000000000000000011000111101110
000000000000000000000000011001010010100
000000000000000000000000011001100111010
000000000000000000000000011001111100000
000000000000000000000000011010010000110
000000000000000000000000011010100101100
000000000000000000000000011010111010010
000000000000000000000000011011001111000
000000000000000000000000011011100011110
000000000000000000000000011011111000100
000000000000000000000000011100001101010
000000000000000000000000011100100010000
000000000000000000000000011100110110110
000000000000000000000000011101001011100
000000000000000000000000011101100000010
000000000000000000000000011101110101000
000000000000000000000000011110001001110
000000000000000000000000011110011110100
000000000000000000000000011110110011010
000000000000000000000000011111001000000
000000000000000000000000011111011100110
000000000000000000000000011111110001100
000000000000000000000000100000000110010
000000000000000000000000100000011011000
000000000000000000000000100000101111110
000000000000000000000000100001000100100
000000000000000000000000100001011001010
000000000000000000000000100001101110000
000000000000000000000000100010000010110
000000000000000000000000100010010111100
000000000000000000000000100010101100010
000000000000000000000000100011000001000
000000000000000000000000100011010101110
000000000000000000000000100011101010100
000000000000000000000000100011111111010
000000000000000000000000100100010100000
000000000000000000000000100100101000110
000000000000000000000000100100111101100
000000000000000000000000100101010010010
000000000000000000000000100101100111000
000000000000000000000000100101111011110
000000000000000000000000100110010000100
000000000000000000000000100110100101010
000000000000000000000000100110111010000
000000000000000000000000100111001110110
000000000000000000000000100111100011100
000000000000000000000000100111111000010
000000000000000000000000101000001101000
000000000000000000000000101000100001110
000000000000000000000000101000110110100
000000000000000000000000101001001011010
000000000000000000000000101001100000000
000000000000000000000000101001110100110
000000000000000000000000101010001001100
000000000000000000000000101010011110010
000000000000000000000000101010110011000
000000000000000000000000101011000111110
000000000000000000000000101011011100100
000000000000000000000000101011110001010
000000000000000000000000101100000110000
000000000000000000000000101100011010110
000000000000000000000000101100101111100
000000000000000000000000101101000100010
000000000000000000000000101101011001000
000000000000000000000000101101101101110
000000000000000000000000101110000010100
000000000000000000000000101110010111010
000000000000000000000000101110101100000
000000000000000000000000101111000000110
000000000000000000000000101111010101100
000000000000000000000000101111101010010
000000000000000000000000101111111111000
000000000000000000000000110000010011110
000000000000000000000000110000101000100
000000000000000000000000110000111101010
000000000000000000000000110001010010000
000000000000000000000000110001100110110
000000000000000000000000110001111011100
000000000000000000000000110010010000010
000000000000000000000000110010100101000
000000000000000000000000110010111001110
000000000000000000000000110011001110100
000000000000000000000000110011100011010
000000000000000000000000110011111000000
000000000000000000000000110100001100110
000000000000000000000000110100100001100
000000000000000000000000110100110110010
000000000000000000000000110101001011000
000000000000000000000000110101011111110
000000000000000000000000110101110100100
000000000000000000000000110110001001010
000000000000000000000000110110011110000
000000000000000000000000110110110010110
000000000000000000000000110111000111100
000000000000000000000000110111011100010
000000000000000000000000110111110001000
000000000000000000000000111000000101110
000000000000000000000000111000011010100
000000000000000000000000111000101111010
000000000000000000000000111001000100000
000000000000000000000000111001011000110
000000000000000000000000111001101101100
000000000000000000000000111010000010010
000000000000000000000000111010010111000
000000000000000000000000111010101011110
000000000000000000000000111011000000100
000000000000000000000000111011010101010
000000000000000000000000111011101010000
000000000000000000000000111011111110110
000000000000000000000000111100010011100
000000000000000000000000111100101000010
000000000000000000000000111100111101000
000000000000000000000000111101010001110
000000000000000000000000111101100110100
000000000000000000000000111101111011010
000000000000000000000000111110010000000
000000000000000000000000111110100100110
000000000000000000000000111110111001100
000000000000000000000000111111001110010
000000000000000000000000111111100011000
000000000000000000000000111111110111110
000000000000000000000001000000001100100
000000000000000000000001000000100001010
000000000000000000000001000000110110000
000000000000000000000001000001001010110
000000000000000000000001000001011111100
000000000000000000000001000001110100010
000000000000000000000001000010001001000
000000000000000000000001000010011101110
000000000000000000000001000010110010100
000000000000000000000001000011000111010
000000000000000000000001000011011100000
000000000000000000000001000011110000110
000000000000000000000001000100000101100
000000000000000000000001000100011010010
000000000000000000000001000100101111000
000000000000000000000001000101000011110
000000000000000000000001000101011000100
000000000000000000000001000101101101010
000000000000000000000001000110000010000
000000000000000000000001000110010110110
000000000000000000000001000110101011100
000000000000000000000001000111000000010
000000000000000000000001000111010101000
000000000000000000000001000111101001110
000000000000000000000001000111111110100
000000000000000000000001001000010011010
000000000000000000000001001000101000000
000000000000000000000001001000111100110
000000000000000000000001001001010001100
000000000000000000000001001001100110010
000000000000000000000001001001111011000
000000000000000000000001001010001111110
000000000000000000000001001010100100100
000000000000000000000001001010111001010
000000000000000000000001001011001110000
000000000000000000000001001011100010110
000000000000000000000001001011110111100
000000000000000000000001001100001100010
000000000000000000000001001100100001000
000000000000000000000001001100110101110
000000000000000000000001001101001010100
000000000000000000000001001101011111010
000000000000000000000001001101110100000
000000000000000000000001001110001000110
000000000000000000000001001110011101100
000000000000000000000001001110110010010
000000000000000000000001001111000111000
000000000000000000000001001111011011110
000000000000000000000001001111110000100
000000000000000000000001010000000101010
000000000000000000000001010000011010000
000000000000000000000001010000101110110
000000000000000000000001010001000011100
000000000000000000000001010001011000010
000000000000000000000001010001101101000
000000000000000000000001010010000001110
000000000000000000000001010010010110100
000000000000000000000001010010101011010
