000000000000000000000000000000000000000
111111111111111111111111111111101010001
111111111111111111111111111111010100010
111111111111111111111111111110111110011
111111111111111111111111111110101000100
111111111111111111111111111110010010101
111111111111111111111111111101111100110
111111111111111111111111111101100110111
111111111111111111111111111101010001000
111111111111111111111111111100111011001
111111111111111111111111111100100101010
111111111111111111111111111100001111011
111111111111111111111111111011111001100
111111111111111111111111111011100011101
111111111111111111111111111011001101110
111111111111111111111111111010110111111
111111111111111111111111111010100010000
111111111111111111111111111010001100001
111111111111111111111111111001110110010
111111111111111111111111111001100000011
111111111111111111111111111001001010100
111111111111111111111111111000110100101
111111111111111111111111111000011110110
111111111111111111111111111000001000111
111111111111111111111111110111110011000
111111111111111111111111110111011101001
111111111111111111111111110111000111010
111111111111111111111111110110110001011
111111111111111111111111110110011011100
111111111111111111111111110110000101101
111111111111111111111111110101101111110
111111111111111111111111110101011001111
111111111111111111111111110101000100000
111111111111111111111111110100101110001
111111111111111111111111110100011000010
111111111111111111111111110100000010011
111111111111111111111111110011101100100
111111111111111111111111110011010110101
111111111111111111111111110011000000110
111111111111111111111111110010101010111
111111111111111111111111110010010101000
111111111111111111111111110001111111001
111111111111111111111111110001101001010
111111111111111111111111110001010011011
111111111111111111111111110000111101100
111111111111111111111111110000100111101
111111111111111111111111110000010001110
111111111111111111111111101111111011111
111111111111111111111111101111100110000
111111111111111111111111101111010000001
111111111111111111111111101110111010010
111111111111111111111111101110100100011
111111111111111111111111101110001110100
111111111111111111111111101101111000101
111111111111111111111111101101100010110
111111111111111111111111101101001100111
111111111111111111111111101100110111000
111111111111111111111111101100100001001
111111111111111111111111101100001011010
111111111111111111111111101011110101011
111111111111111111111111101011011111100
111111111111111111111111101011001001101
111111111111111111111111101010110011110
111111111111111111111111101010011101111
111111111111111111111111101010001000000
111111111111111111111111101001110010001
111111111111111111111111101001011100010
111111111111111111111111101001000110011
111111111111111111111111101000110000100
111111111111111111111111101000011010101
111111111111111111111111101000000100110
111111111111111111111111100111101110111
111111111111111111111111100111011001000
111111111111111111111111100111000011001
111111111111111111111111100110101101010
111111111111111111111111100110010111011
111111111111111111111111100110000001100
111111111111111111111111100101101011101
111111111111111111111111100101010101110
111111111111111111111111100100111111111
111111111111111111111111100100101010000
111111111111111111111111100100010100001
111111111111111111111111100011111110010
111111111111111111111111100011101000011
111111111111111111111111100011010010100
111111111111111111111111100010111100101
111111111111111111111111100010100110110
111111111111111111111111100010010000111
111111111111111111111111100001111011000
111111111111111111111111100001100101001
111111111111111111111111100001001111010
111111111111111111111111100000111001011
111111111111111111111111100000100011100
111111111111111111111111100000001101101
111111111111111111111111011111110111110
111111111111111111111111011111100001111
111111111111111111111111011111001100000
111111111111111111111111011110110110001
111111111111111111111111011110100000010
111111111111111111111111011110001010011
111111111111111111111111011101110100100
111111111111111111111111011101011110101
111111111111111111111111011101001000110
111111111111111111111111011100110010111
111111111111111111111111011100011101000
111111111111111111111111011100000111001
111111111111111111111111011011110001010
111111111111111111111111011011011011011
111111111111111111111111011011000101100
111111111111111111111111011010101111101
111111111111111111111111011010011001110
111111111111111111111111011010000011111
111111111111111111111111011001101110000
111111111111111111111111011001011000001
111111111111111111111111011001000010010
111111111111111111111111011000101100011
111111111111111111111111011000010110100
111111111111111111111111011000000000101
111111111111111111111111010111101010110
111111111111111111111111010111010100111
111111111111111111111111010110111111000
111111111111111111111111010110101001001
111111111111111111111111010110010011010
111111111111111111111111010101111101011
111111111111111111111111010101100111100
111111111111111111111111010101010001101
111111111111111111111111010100111011110
111111111111111111111111010100100101111
111111111111111111111111010100010000000
111111111111111111111111010011111010001
111111111111111111111111010011100100010
111111111111111111111111010011001110011
111111111111111111111111010010111000100
111111111111111111111111010010100010101
111111111111111111111111010010001100110
111111111111111111111111010001110110111
111111111111111111111111010001100001000
111111111111111111111111010001001011001
111111111111111111111111010000110101010
111111111111111111111111010000011111011
111111111111111111111111010000001001100
111111111111111111111111001111110011101
111111111111111111111111001111011101110
111111111111111111111111001111000111111
111111111111111111111111001110110010000
111111111111111111111111001110011100001
111111111111111111111111001110000110010
111111111111111111111111001101110000011
111111111111111111111111001101011010100
111111111111111111111111001101000100101
111111111111111111111111001100101110110
111111111111111111111111001100011000111
111111111111111111111111001100000011000
111111111111111111111111001011101101001
111111111111111111111111001011010111010
111111111111111111111111001011000001011
111111111111111111111111001010101011100
111111111111111111111111001010010101101
111111111111111111111111001001111111110
111111111111111111111111001001101001111
111111111111111111111111001001010100000
111111111111111111111111001000111110001
111111111111111111111111001000101000010
111111111111111111111111001000010010011
111111111111111111111111000111111100100
111111111111111111111111000111100110101
111111111111111111111111000111010000110
111111111111111111111111000110111010111
111111111111111111111111000110100101000
111111111111111111111111000110001111001
111111111111111111111111000101111001010
111111111111111111111111000101100011011
111111111111111111111111000101001101100
111111111111111111111111000100110111101
111111111111111111111111000100100001110
111111111111111111111111000100001011111
111111111111111111111111000011110110000
111111111111111111111111000011100000001
111111111111111111111111000011001010010
111111111111111111111111000010110100011
111111111111111111111111000010011110100
111111111111111111111111000010001000101
111111111111111111111111000001110010110
111111111111111111111111000001011100111
111111111111111111111111000001000111000
111111111111111111111111000000110001001
111111111111111111111111000000011011010
111111111111111111111111000000000101011
111111111111111111111110111111101111100
111111111111111111111110111111011001101
111111111111111111111110111111000011110
111111111111111111111110111110101101111
111111111111111111111110111110011000000
111111111111111111111110111110000010001
111111111111111111111110111101101100010
111111111111111111111110111101010110011
111111111111111111111110111101000000100
111111111111111111111110111100101010101
111111111111111111111110111100010100110
111111111111111111111110111011111110111
111111111111111111111110111011101001000
111111111111111111111110111011010011001
111111111111111111111110111010111101010
111111111111111111111110111010100111011
111111111111111111111110111010010001100
111111111111111111111110111001111011101
111111111111111111111110111001100101110
111111111111111111111110111001001111111
111111111111111111111110111000111010000
111111111111111111111110111000100100001
111111111111111111111110111000001110010
111111111111111111111110110111111000011
111111111111111111111110110111100010100
111111111111111111111110110111001100101
111111111111111111111110110110110110110
111111111111111111111110110110100000111
111111111111111111111110110110001011000
111111111111111111111110110101110101001
111111111111111111111110110101011111010
111111111111111111111110110101001001011
111111111111111111111110110100110011100
111111111111111111111110110100011101101
111111111111111111111110110100000111110
111111111111111111111110110011110001111
111111111111111111111110110011011100000
111111111111111111111110110011000110001
111111111111111111111110110010110000010
111111111111111111111110110010011010011
111111111111111111111110110010000100100
111111111111111111111110110001101110101
111111111111111111111110110001011000110
111111111111111111111110110001000010111
111111111111111111111110110000101101000
111111111111111111111110110000010111001
111111111111111111111110110000000001010
111111111111111111111110101111101011011
111111111111111111111110101111010101100
111111111111111111111110101110111111101
111111111111111111111110101110101001110
111111111111111111111110101110010011111
111111111111111111111110101101111110000
111111111111111111111110101101101000001
111111111111111111111110101101010010010
111111111111111111111110101100111100011
111111111111111111111110101100100110100
111111111111111111111110101100010000101
111111111111111111111110101011111010110
111111111111111111111110101011100100111
111111111111111111111110101011001111000
111111111111111111111110101010111001001
111111111111111111111110101010100011010
111111111111111111111110101010001101011
111111111111111111111110101001110111100
111111111111111111111110101001100001101
111111111111111111111110101001001011110
111111111111111111111110101000110101111
