000000000000000000000000000000000000000
000000000000000000000000000000001000100
000000000000000000000000000000010001000
000000000000000000000000000000011001100
000000000000000000000000000000100010000
000000000000000000000000000000101010100
000000000000000000000000000000110011000
000000000000000000000000000000111011100
000000000000000000000000000001000100000
000000000000000000000000000001001100100
000000000000000000000000000001010101000
000000000000000000000000000001011101100
000000000000000000000000000001100110000
000000000000000000000000000001101110100
000000000000000000000000000001110111000
000000000000000000000000000001111111100
000000000000000000000000000010001000000
000000000000000000000000000010010000100
000000000000000000000000000010011001000
000000000000000000000000000010100001100
000000000000000000000000000010101010000
000000000000000000000000000010110010100
000000000000000000000000000010111011000
000000000000000000000000000011000011100
000000000000000000000000000011001100000
000000000000000000000000000011010100100
000000000000000000000000000011011101000
000000000000000000000000000011100101100
000000000000000000000000000011101110000
000000000000000000000000000011110110100
000000000000000000000000000011111111000
000000000000000000000000000100000111100
000000000000000000000000000100010000000
000000000000000000000000000100011000100
000000000000000000000000000100100001000
000000000000000000000000000100101001100
000000000000000000000000000100110010000
000000000000000000000000000100111010100
000000000000000000000000000101000011000
000000000000000000000000000101001011100
000000000000000000000000000101010100000
000000000000000000000000000101011100100
000000000000000000000000000101100101000
000000000000000000000000000101101101100
000000000000000000000000000101110110000
000000000000000000000000000101111110100
000000000000000000000000000110000111000
000000000000000000000000000110001111100
000000000000000000000000000110011000000
000000000000000000000000000110100000100
000000000000000000000000000110101001000
000000000000000000000000000110110001100
000000000000000000000000000110111010000
000000000000000000000000000111000010100
000000000000000000000000000111001011000
000000000000000000000000000111010011100
000000000000000000000000000111011100000
000000000000000000000000000111100100100
000000000000000000000000000111101101000
000000000000000000000000000111110101100
000000000000000000000000000111111110000
000000000000000000000000001000000110100
000000000000000000000000001000001111000
000000000000000000000000001000010111100
000000000000000000000000001000100000000
000000000000000000000000001000101000100
000000000000000000000000001000110001000
000000000000000000000000001000111001100
000000000000000000000000001001000010000
000000000000000000000000001001001010100
000000000000000000000000001001010011000
000000000000000000000000001001011011100
000000000000000000000000001001100100000
000000000000000000000000001001101100100
000000000000000000000000001001110101000
000000000000000000000000001001111101100
000000000000000000000000001010000110000
000000000000000000000000001010001110100
000000000000000000000000001010010111000
000000000000000000000000001010011111100
000000000000000000000000001010101000000
000000000000000000000000001010110000100
000000000000000000000000001010111001000
000000000000000000000000001011000001100
000000000000000000000000001011001010000
000000000000000000000000001011010010100
000000000000000000000000001011011011000
000000000000000000000000001011100011100
000000000000000000000000001011101100000
000000000000000000000000001011110100100
000000000000000000000000001011111101000
000000000000000000000000001100000101100
000000000000000000000000001100001110000
000000000000000000000000001100010110100
000000000000000000000000001100011111000
000000000000000000000000001100100111100
000000000000000000000000001100110000000
000000000000000000000000001100111000100
000000000000000000000000001101000001000
000000000000000000000000001101001001100
000000000000000000000000001101010010000
000000000000000000000000001101011010100
000000000000000000000000001101100011000
000000000000000000000000001101101011100
000000000000000000000000001101110100000
000000000000000000000000001101111100100
000000000000000000000000001110000101000
000000000000000000000000001110001101100
000000000000000000000000001110010110000
000000000000000000000000001110011110100
000000000000000000000000001110100111000
000000000000000000000000001110101111100
000000000000000000000000001110111000000
000000000000000000000000001111000000100
000000000000000000000000001111001001000
000000000000000000000000001111010001100
000000000000000000000000001111011010000
000000000000000000000000001111100010100
000000000000000000000000001111101011000
000000000000000000000000001111110011100
000000000000000000000000001111111100000
000000000000000000000000010000000100100
000000000000000000000000010000001101000
000000000000000000000000010000010101100
000000000000000000000000010000011110000
000000000000000000000000010000100110100
000000000000000000000000010000101111000
000000000000000000000000010000110111100
000000000000000000000000010001000000000
000000000000000000000000010001001000100
000000000000000000000000010001010001000
000000000000000000000000010001011001100
000000000000000000000000010001100010000
000000000000000000000000010001101010100
000000000000000000000000010001110011000
000000000000000000000000010001111011100
000000000000000000000000010010000100000
000000000000000000000000010010001100100
000000000000000000000000010010010101000
000000000000000000000000010010011101100
000000000000000000000000010010100110000
000000000000000000000000010010101110100
000000000000000000000000010010110111000
000000000000000000000000010010111111100
000000000000000000000000010011001000000
000000000000000000000000010011010000100
000000000000000000000000010011011001000
000000000000000000000000010011100001100
000000000000000000000000010011101010000
000000000000000000000000010011110010100
000000000000000000000000010011111011000
000000000000000000000000010100000011100
000000000000000000000000010100001100000
000000000000000000000000010100010100100
000000000000000000000000010100011101000
000000000000000000000000010100100101100
000000000000000000000000010100101110000
000000000000000000000000010100110110100
000000000000000000000000010100111111000
000000000000000000000000010101000111100
000000000000000000000000010101010000000
000000000000000000000000010101011000100
000000000000000000000000010101100001000
000000000000000000000000010101101001100
000000000000000000000000010101110010000
000000000000000000000000010101111010100
000000000000000000000000010110000011000
000000000000000000000000010110001011100
000000000000000000000000010110010100000
000000000000000000000000010110011100100
000000000000000000000000010110100101000
000000000000000000000000010110101101100
000000000000000000000000010110110110000
000000000000000000000000010110111110100
000000000000000000000000010111000111000
000000000000000000000000010111001111100
000000000000000000000000010111011000000
000000000000000000000000010111100000100
000000000000000000000000010111101001000
000000000000000000000000010111110001100
000000000000000000000000010111111010000
000000000000000000000000011000000010100
000000000000000000000000011000001011000
000000000000000000000000011000010011100
000000000000000000000000011000011100000
000000000000000000000000011000100100100
000000000000000000000000011000101101000
000000000000000000000000011000110101100
000000000000000000000000011000111110000
000000000000000000000000011001000110100
000000000000000000000000011001001111000
000000000000000000000000011001010111100
000000000000000000000000011001100000000
000000000000000000000000011001101000100
000000000000000000000000011001110001000
000000000000000000000000011001111001100
000000000000000000000000011010000010000
000000000000000000000000011010001010100
000000000000000000000000011010010011000
000000000000000000000000011010011011100
000000000000000000000000011010100100000
000000000000000000000000011010101100100
000000000000000000000000011010110101000
000000000000000000000000011010111101100
000000000000000000000000011011000110000
000000000000000000000000011011001110100
000000000000000000000000011011010111000
000000000000000000000000011011011111100
000000000000000000000000011011101000000
000000000000000000000000011011110000100
000000000000000000000000011011111001000
000000000000000000000000011100000001100
000000000000000000000000011100001010000
000000000000000000000000011100010010100
000000000000000000000000011100011011000
000000000000000000000000011100100011100
000000000000000000000000011100101100000
000000000000000000000000011100110100100
000000000000000000000000011100111101000
000000000000000000000000011101000101100
000000000000000000000000011101001110000
000000000000000000000000011101010110100
000000000000000000000000011101011111000
000000000000000000000000011101100111100
000000000000000000000000011101110000000
000000000000000000000000011101111000100
000000000000000000000000011110000001000
000000000000000000000000011110001001100
000000000000000000000000011110010010000
000000000000000000000000011110011010100
000000000000000000000000011110100011000
000000000000000000000000011110101011100
000000000000000000000000011110110100000
000000000000000000000000011110111100100
000000000000000000000000011111000101000
000000000000000000000000011111001101100
000000000000000000000000011111010110000
000000000000000000000000011111011110100
000000000000000000000000011111100111000
000000000000000000000000011111101111100
000000000000000000000000011111111000000
000000000000000000000000100000000000100
000000000000000000000000100000001001000
000000000000000000000000100000010001100
000000000000000000000000100000011010000
000000000000000000000000100000100010100
000000000000000000000000100000101011000
000000000000000000000000100000110011100
000000000000000000000000100000111100000
000000000000000000000000100001000100100
000000000000000000000000100001001101000
000000000000000000000000100001010101100
000000000000000000000000100001011110000
000000000000000000000000100001100110100
000000000000000000000000100001101111000
000000000000000000000000100001110111100
