000000000000000000000000000000000000000
111111111111111111111111111111111110010
111111111111111111111111111111111100100
111111111111111111111111111111111010110
111111111111111111111111111111111001000
111111111111111111111111111111110111010
111111111111111111111111111111110101100
111111111111111111111111111111110011110
111111111111111111111111111111110010000
111111111111111111111111111111110000010
111111111111111111111111111111101110100
111111111111111111111111111111101100110
111111111111111111111111111111101011000
111111111111111111111111111111101001010
111111111111111111111111111111100111100
111111111111111111111111111111100101110
111111111111111111111111111111100100000
111111111111111111111111111111100010010
111111111111111111111111111111100000100
111111111111111111111111111111011110110
111111111111111111111111111111011101000
111111111111111111111111111111011011010
111111111111111111111111111111011001100
111111111111111111111111111111010111110
111111111111111111111111111111010110000
111111111111111111111111111111010100010
111111111111111111111111111111010010100
111111111111111111111111111111010000110
111111111111111111111111111111001111000
111111111111111111111111111111001101010
111111111111111111111111111111001011100
111111111111111111111111111111001001110
111111111111111111111111111111001000000
111111111111111111111111111111000110010
111111111111111111111111111111000100100
111111111111111111111111111111000010110
111111111111111111111111111111000001000
111111111111111111111111111110111111010
111111111111111111111111111110111101100
111111111111111111111111111110111011110
111111111111111111111111111110111010000
111111111111111111111111111110111000010
111111111111111111111111111110110110100
111111111111111111111111111110110100110
111111111111111111111111111110110011000
111111111111111111111111111110110001010
111111111111111111111111111110101111100
111111111111111111111111111110101101110
111111111111111111111111111110101100000
111111111111111111111111111110101010010
111111111111111111111111111110101000100
111111111111111111111111111110100110110
111111111111111111111111111110100101000
111111111111111111111111111110100011010
111111111111111111111111111110100001100
111111111111111111111111111110011111110
111111111111111111111111111110011110000
111111111111111111111111111110011100010
111111111111111111111111111110011010100
111111111111111111111111111110011000110
111111111111111111111111111110010111000
111111111111111111111111111110010101010
111111111111111111111111111110010011100
111111111111111111111111111110010001110
111111111111111111111111111110010000000
111111111111111111111111111110001110010
111111111111111111111111111110001100100
111111111111111111111111111110001010110
111111111111111111111111111110001001000
111111111111111111111111111110000111010
111111111111111111111111111110000101100
111111111111111111111111111110000011110
111111111111111111111111111110000010000
111111111111111111111111111110000000010
111111111111111111111111111101111110100
111111111111111111111111111101111100110
111111111111111111111111111101111011000
111111111111111111111111111101111001010
111111111111111111111111111101110111100
111111111111111111111111111101110101110
111111111111111111111111111101110100000
111111111111111111111111111101110010010
111111111111111111111111111101110000100
111111111111111111111111111101101110110
111111111111111111111111111101101101000
111111111111111111111111111101101011010
111111111111111111111111111101101001100
111111111111111111111111111101100111110
111111111111111111111111111101100110000
111111111111111111111111111101100100010
111111111111111111111111111101100010100
111111111111111111111111111101100000110
111111111111111111111111111101011111000
111111111111111111111111111101011101010
111111111111111111111111111101011011100
111111111111111111111111111101011001110
111111111111111111111111111101011000000
111111111111111111111111111101010110010
111111111111111111111111111101010100100
111111111111111111111111111101010010110
111111111111111111111111111101010001000
111111111111111111111111111101001111010
111111111111111111111111111101001101100
111111111111111111111111111101001011110
111111111111111111111111111101001010000
111111111111111111111111111101001000010
111111111111111111111111111101000110100
111111111111111111111111111101000100110
111111111111111111111111111101000011000
111111111111111111111111111101000001010
111111111111111111111111111100111111100
111111111111111111111111111100111101110
111111111111111111111111111100111100000
111111111111111111111111111100111010010
111111111111111111111111111100111000100
111111111111111111111111111100110110110
111111111111111111111111111100110101000
111111111111111111111111111100110011010
111111111111111111111111111100110001100
111111111111111111111111111100101111110
111111111111111111111111111100101110000
111111111111111111111111111100101100010
111111111111111111111111111100101010100
111111111111111111111111111100101000110
111111111111111111111111111100100111000
111111111111111111111111111100100101010
111111111111111111111111111100100011100
111111111111111111111111111100100001110
111111111111111111111111111100100000000
111111111111111111111111111100011110010
111111111111111111111111111100011100100
111111111111111111111111111100011010110
111111111111111111111111111100011001000
111111111111111111111111111100010111010
111111111111111111111111111100010101100
111111111111111111111111111100010011110
111111111111111111111111111100010010000
111111111111111111111111111100010000010
111111111111111111111111111100001110100
111111111111111111111111111100001100110
111111111111111111111111111100001011000
111111111111111111111111111100001001010
111111111111111111111111111100000111100
111111111111111111111111111100000101110
111111111111111111111111111100000100000
111111111111111111111111111100000010010
111111111111111111111111111100000000100
111111111111111111111111111011111110110
111111111111111111111111111011111101000
111111111111111111111111111011111011010
111111111111111111111111111011111001100
111111111111111111111111111011110111110
111111111111111111111111111011110110000
111111111111111111111111111011110100010
111111111111111111111111111011110010100
111111111111111111111111111011110000110
111111111111111111111111111011101111000
111111111111111111111111111011101101010
111111111111111111111111111011101011100
111111111111111111111111111011101001110
111111111111111111111111111011101000000
111111111111111111111111111011100110010
111111111111111111111111111011100100100
111111111111111111111111111011100010110
111111111111111111111111111011100001000
111111111111111111111111111011011111010
111111111111111111111111111011011101100
111111111111111111111111111011011011110
111111111111111111111111111011011010000
111111111111111111111111111011011000010
111111111111111111111111111011010110100
111111111111111111111111111011010100110
111111111111111111111111111011010011000
111111111111111111111111111011010001010
111111111111111111111111111011001111100
111111111111111111111111111011001101110
111111111111111111111111111011001100000
111111111111111111111111111011001010010
111111111111111111111111111011001000100
111111111111111111111111111011000110110
111111111111111111111111111011000101000
111111111111111111111111111011000011010
111111111111111111111111111011000001100
111111111111111111111111111010111111110
111111111111111111111111111010111110000
111111111111111111111111111010111100010
111111111111111111111111111010111010100
111111111111111111111111111010111000110
111111111111111111111111111010110111000
111111111111111111111111111010110101010
111111111111111111111111111010110011100
111111111111111111111111111010110001110
111111111111111111111111111010110000000
111111111111111111111111111010101110010
111111111111111111111111111010101100100
111111111111111111111111111010101010110
111111111111111111111111111010101001000
111111111111111111111111111010100111010
111111111111111111111111111010100101100
111111111111111111111111111010100011110
111111111111111111111111111010100010000
111111111111111111111111111010100000010
111111111111111111111111111010011110100
111111111111111111111111111010011100110
111111111111111111111111111010011011000
111111111111111111111111111010011001010
111111111111111111111111111010010111100
111111111111111111111111111010010101110
111111111111111111111111111010010100000
111111111111111111111111111010010010010
111111111111111111111111111010010000100
111111111111111111111111111010001110110
111111111111111111111111111010001101000
111111111111111111111111111010001011010
111111111111111111111111111010001001100
111111111111111111111111111010000111110
111111111111111111111111111010000110000
111111111111111111111111111010000100010
111111111111111111111111111010000010100
111111111111111111111111111010000000110
111111111111111111111111111001111111000
111111111111111111111111111001111101010
111111111111111111111111111001111011100
111111111111111111111111111001111001110
111111111111111111111111111001111000000
111111111111111111111111111001110110010
111111111111111111111111111001110100100
111111111111111111111111111001110010110
111111111111111111111111111001110001000
111111111111111111111111111001101111010
111111111111111111111111111001101101100
111111111111111111111111111001101011110
111111111111111111111111111001101010000
111111111111111111111111111001101000010
111111111111111111111111111001100110100
111111111111111111111111111001100100110
111111111111111111111111111001100011000
111111111111111111111111111001100001010
111111111111111111111111111001011111100
111111111111111111111111111001011101110
111111111111111111111111111001011100000
111111111111111111111111111001011010010
111111111111111111111111111001011000100
111111111111111111111111111001010110110
111111111111111111111111111001010101000
111111111111111111111111111001010011010
111111111111111111111111111001010001100
111111111111111111111111111001001111110
111111111111111111111111111001001110000
111111111111111111111111111001001100010
111111111111111111111111111001001010100
111111111111111111111111111001001000110
111111111111111111111111111001000111000
111111111111111111111111111001000101010
111111111111111111111111111001000011100
111111111111111111111111111001000001110
