000000000000000000000000000000000000000
111111111111111111111111111111111000101
111111111111111111111111111111110001010
111111111111111111111111111111101001111
111111111111111111111111111111100010100
111111111111111111111111111111011011001
111111111111111111111111111111010011110
111111111111111111111111111111001100011
111111111111111111111111111111000101000
111111111111111111111111111110111101101
111111111111111111111111111110110110010
111111111111111111111111111110101110111
111111111111111111111111111110100111100
111111111111111111111111111110100000001
111111111111111111111111111110011000110
111111111111111111111111111110010001011
111111111111111111111111111110001010000
111111111111111111111111111110000010101
111111111111111111111111111101111011010
111111111111111111111111111101110011111
111111111111111111111111111101101100100
111111111111111111111111111101100101001
111111111111111111111111111101011101110
111111111111111111111111111101010110011
111111111111111111111111111101001111000
111111111111111111111111111101000111101
111111111111111111111111111101000000010
111111111111111111111111111100111000111
111111111111111111111111111100110001100
111111111111111111111111111100101010001
111111111111111111111111111100100010110
111111111111111111111111111100011011011
111111111111111111111111111100010100000
111111111111111111111111111100001100101
111111111111111111111111111100000101010
111111111111111111111111111011111101111
111111111111111111111111111011110110100
111111111111111111111111111011101111001
111111111111111111111111111011100111110
111111111111111111111111111011100000011
111111111111111111111111111011011001000
111111111111111111111111111011010001101
111111111111111111111111111011001010010
111111111111111111111111111011000010111
111111111111111111111111111010111011100
111111111111111111111111111010110100001
111111111111111111111111111010101100110
111111111111111111111111111010100101011
111111111111111111111111111010011110000
111111111111111111111111111010010110101
111111111111111111111111111010001111010
111111111111111111111111111010000111111
111111111111111111111111111010000000100
111111111111111111111111111001111001001
111111111111111111111111111001110001110
111111111111111111111111111001101010011
111111111111111111111111111001100011000
111111111111111111111111111001011011101
111111111111111111111111111001010100010
111111111111111111111111111001001100111
111111111111111111111111111001000101100
111111111111111111111111111000111110001
111111111111111111111111111000110110110
111111111111111111111111111000101111011
111111111111111111111111111000101000000
111111111111111111111111111000100000101
111111111111111111111111111000011001010
111111111111111111111111111000010001111
111111111111111111111111111000001010100
111111111111111111111111111000000011001
111111111111111111111111110111111011110
111111111111111111111111110111110100011
111111111111111111111111110111101101000
111111111111111111111111110111100101101
111111111111111111111111110111011110010
111111111111111111111111110111010110111
111111111111111111111111110111001111100
111111111111111111111111110111001000001
111111111111111111111111110111000000110
111111111111111111111111110110111001011
111111111111111111111111110110110010000
111111111111111111111111110110101010101
111111111111111111111111110110100011010
111111111111111111111111110110011011111
111111111111111111111111110110010100100
111111111111111111111111110110001101001
111111111111111111111111110110000101110
111111111111111111111111110101111110011
111111111111111111111111110101110111000
111111111111111111111111110101101111101
111111111111111111111111110101101000010
111111111111111111111111110101100000111
111111111111111111111111110101011001100
111111111111111111111111110101010010001
111111111111111111111111110101001010110
111111111111111111111111110101000011011
111111111111111111111111110100111100000
111111111111111111111111110100110100101
111111111111111111111111110100101101010
111111111111111111111111110100100101111
111111111111111111111111110100011110100
111111111111111111111111110100010111001
111111111111111111111111110100001111110
111111111111111111111111110100001000011
111111111111111111111111110100000001000
111111111111111111111111110011111001101
111111111111111111111111110011110010010
111111111111111111111111110011101010111
111111111111111111111111110011100011100
111111111111111111111111110011011100001
111111111111111111111111110011010100110
111111111111111111111111110011001101011
111111111111111111111111110011000110000
111111111111111111111111110010111110101
111111111111111111111111110010110111010
111111111111111111111111110010101111111
111111111111111111111111110010101000100
111111111111111111111111110010100001001
111111111111111111111111110010011001110
111111111111111111111111110010010010011
111111111111111111111111110010001011000
111111111111111111111111110010000011101
111111111111111111111111110001111100010
111111111111111111111111110001110100111
111111111111111111111111110001101101100
111111111111111111111111110001100110001
111111111111111111111111110001011110110
111111111111111111111111110001010111011
111111111111111111111111110001010000000
111111111111111111111111110001001000101
111111111111111111111111110001000001010
111111111111111111111111110000111001111
111111111111111111111111110000110010100
111111111111111111111111110000101011001
111111111111111111111111110000100011110
111111111111111111111111110000011100011
111111111111111111111111110000010101000
111111111111111111111111110000001101101
111111111111111111111111110000000110010
111111111111111111111111101111111110111
111111111111111111111111101111110111100
111111111111111111111111101111110000001
111111111111111111111111101111101000110
111111111111111111111111101111100001011
111111111111111111111111101111011010000
111111111111111111111111101111010010101
111111111111111111111111101111001011010
111111111111111111111111101111000011111
111111111111111111111111101110111100100
111111111111111111111111101110110101001
111111111111111111111111101110101101110
111111111111111111111111101110100110011
111111111111111111111111101110011111000
111111111111111111111111101110010111101
111111111111111111111111101110010000010
111111111111111111111111101110001000111
111111111111111111111111101110000001100
111111111111111111111111101101111010001
111111111111111111111111101101110010110
111111111111111111111111101101101011011
111111111111111111111111101101100100000
111111111111111111111111101101011100101
111111111111111111111111101101010101010
111111111111111111111111101101001101111
111111111111111111111111101101000110100
111111111111111111111111101100111111001
111111111111111111111111101100110111110
111111111111111111111111101100110000011
111111111111111111111111101100101001000
111111111111111111111111101100100001101
111111111111111111111111101100011010010
111111111111111111111111101100010010111
111111111111111111111111101100001011100
111111111111111111111111101100000100001
111111111111111111111111101011111100110
111111111111111111111111101011110101011
111111111111111111111111101011101110000
111111111111111111111111101011100110101
111111111111111111111111101011011111010
111111111111111111111111101011010111111
111111111111111111111111101011010000100
111111111111111111111111101011001001001
111111111111111111111111101011000001110
111111111111111111111111101010111010011
111111111111111111111111101010110011000
111111111111111111111111101010101011101
111111111111111111111111101010100100010
111111111111111111111111101010011100111
111111111111111111111111101010010101100
111111111111111111111111101010001110001
111111111111111111111111101010000110110
111111111111111111111111101001111111011
111111111111111111111111101001111000000
111111111111111111111111101001110000101
111111111111111111111111101001101001010
111111111111111111111111101001100001111
111111111111111111111111101001011010100
111111111111111111111111101001010011001
111111111111111111111111101001001011110
111111111111111111111111101001000100011
111111111111111111111111101000111101000
111111111111111111111111101000110101101
111111111111111111111111101000101110010
111111111111111111111111101000100110111
111111111111111111111111101000011111100
111111111111111111111111101000011000001
111111111111111111111111101000010000110
111111111111111111111111101000001001011
111111111111111111111111101000000010000
111111111111111111111111100111111010101
111111111111111111111111100111110011010
111111111111111111111111100111101011111
111111111111111111111111100111100100100
111111111111111111111111100111011101001
111111111111111111111111100111010101110
111111111111111111111111100111001110011
111111111111111111111111100111000111000
111111111111111111111111100110111111101
111111111111111111111111100110111000010
111111111111111111111111100110110000111
111111111111111111111111100110101001100
111111111111111111111111100110100010001
111111111111111111111111100110011010110
111111111111111111111111100110010011011
111111111111111111111111100110001100000
111111111111111111111111100110000100101
111111111111111111111111100101111101010
111111111111111111111111100101110101111
111111111111111111111111100101101110100
111111111111111111111111100101100111001
111111111111111111111111100101011111110
111111111111111111111111100101011000011
111111111111111111111111100101010001000
111111111111111111111111100101001001101
111111111111111111111111100101000010010
111111111111111111111111100100111010111
111111111111111111111111100100110011100
111111111111111111111111100100101100001
111111111111111111111111100100100100110
111111111111111111111111100100011101011
111111111111111111111111100100010110000
111111111111111111111111100100001110101
111111111111111111111111100100000111010
111111111111111111111111100011111111111
111111111111111111111111100011111000100
111111111111111111111111100011110001001
111111111111111111111111100011101001110
111111111111111111111111100011100010011
111111111111111111111111100011011011000
111111111111111111111111100011010011101
111111111111111111111111100011001100010
111111111111111111111111100011000100111
111111111111111111111111100010111101100
111111111111111111111111100010110110001
111111111111111111111111100010101110110
111111111111111111111111100010100111011
