000000000000000000000000000000000000000
111111111111111111111111111111111010100
111111111111111111111111111111110101000
111111111111111111111111111111101111100
111111111111111111111111111111101010000
111111111111111111111111111111100100100
111111111111111111111111111111011111000
111111111111111111111111111111011001100
111111111111111111111111111111010100000
111111111111111111111111111111001110100
111111111111111111111111111111001001000
111111111111111111111111111111000011100
111111111111111111111111111110111110000
111111111111111111111111111110111000100
111111111111111111111111111110110011000
111111111111111111111111111110101101100
111111111111111111111111111110101000000
111111111111111111111111111110100010100
111111111111111111111111111110011101000
111111111111111111111111111110010111100
111111111111111111111111111110010010000
111111111111111111111111111110001100100
111111111111111111111111111110000111000
111111111111111111111111111110000001100
111111111111111111111111111101111100000
111111111111111111111111111101110110100
111111111111111111111111111101110001000
111111111111111111111111111101101011100
111111111111111111111111111101100110000
111111111111111111111111111101100000100
111111111111111111111111111101011011000
111111111111111111111111111101010101100
111111111111111111111111111101010000000
111111111111111111111111111101001010100
111111111111111111111111111101000101000
111111111111111111111111111100111111100
111111111111111111111111111100111010000
111111111111111111111111111100110100100
111111111111111111111111111100101111000
111111111111111111111111111100101001100
111111111111111111111111111100100100000
111111111111111111111111111100011110100
111111111111111111111111111100011001000
111111111111111111111111111100010011100
111111111111111111111111111100001110000
111111111111111111111111111100001000100
111111111111111111111111111100000011000
111111111111111111111111111011111101100
111111111111111111111111111011111000000
111111111111111111111111111011110010100
111111111111111111111111111011101101000
111111111111111111111111111011100111100
111111111111111111111111111011100010000
111111111111111111111111111011011100100
111111111111111111111111111011010111000
111111111111111111111111111011010001100
111111111111111111111111111011001100000
111111111111111111111111111011000110100
111111111111111111111111111011000001000
111111111111111111111111111010111011100
111111111111111111111111111010110110000
111111111111111111111111111010110000100
111111111111111111111111111010101011000
111111111111111111111111111010100101100
111111111111111111111111111010100000000
111111111111111111111111111010011010100
111111111111111111111111111010010101000
111111111111111111111111111010001111100
111111111111111111111111111010001010000
111111111111111111111111111010000100100
111111111111111111111111111001111111000
111111111111111111111111111001111001100
111111111111111111111111111001110100000
111111111111111111111111111001101110100
111111111111111111111111111001101001000
111111111111111111111111111001100011100
111111111111111111111111111001011110000
111111111111111111111111111001011000100
111111111111111111111111111001010011000
111111111111111111111111111001001101100
111111111111111111111111111001001000000
111111111111111111111111111001000010100
111111111111111111111111111000111101000
111111111111111111111111111000110111100
111111111111111111111111111000110010000
111111111111111111111111111000101100100
111111111111111111111111111000100111000
111111111111111111111111111000100001100
111111111111111111111111111000011100000
111111111111111111111111111000010110100
111111111111111111111111111000010001000
111111111111111111111111111000001011100
111111111111111111111111111000000110000
111111111111111111111111111000000000100
111111111111111111111111110111111011000
111111111111111111111111110111110101100
111111111111111111111111110111110000000
111111111111111111111111110111101010100
111111111111111111111111110111100101000
111111111111111111111111110111011111100
111111111111111111111111110111011010000
111111111111111111111111110111010100100
111111111111111111111111110111001111000
111111111111111111111111110111001001100
111111111111111111111111110111000100000
111111111111111111111111110110111110100
111111111111111111111111110110111001000
111111111111111111111111110110110011100
111111111111111111111111110110101110000
111111111111111111111111110110101000100
111111111111111111111111110110100011000
111111111111111111111111110110011101100
111111111111111111111111110110011000000
111111111111111111111111110110010010100
111111111111111111111111110110001101000
111111111111111111111111110110000111100
111111111111111111111111110110000010000
111111111111111111111111110101111100100
111111111111111111111111110101110111000
111111111111111111111111110101110001100
111111111111111111111111110101101100000
111111111111111111111111110101100110100
111111111111111111111111110101100001000
111111111111111111111111110101011011100
111111111111111111111111110101010110000
111111111111111111111111110101010000100
111111111111111111111111110101001011000
111111111111111111111111110101000101100
111111111111111111111111110101000000000
111111111111111111111111110100111010100
111111111111111111111111110100110101000
111111111111111111111111110100101111100
111111111111111111111111110100101010000
111111111111111111111111110100100100100
111111111111111111111111110100011111000
111111111111111111111111110100011001100
111111111111111111111111110100010100000
111111111111111111111111110100001110100
111111111111111111111111110100001001000
111111111111111111111111110100000011100
111111111111111111111111110011111110000
111111111111111111111111110011111000100
111111111111111111111111110011110011000
111111111111111111111111110011101101100
111111111111111111111111110011101000000
111111111111111111111111110011100010100
111111111111111111111111110011011101000
111111111111111111111111110011010111100
111111111111111111111111110011010010000
111111111111111111111111110011001100100
111111111111111111111111110011000111000
111111111111111111111111110011000001100
111111111111111111111111110010111100000
111111111111111111111111110010110110100
111111111111111111111111110010110001000
111111111111111111111111110010101011100
111111111111111111111111110010100110000
111111111111111111111111110010100000100
111111111111111111111111110010011011000
111111111111111111111111110010010101100
111111111111111111111111110010010000000
111111111111111111111111110010001010100
111111111111111111111111110010000101000
111111111111111111111111110001111111100
111111111111111111111111110001111010000
111111111111111111111111110001110100100
111111111111111111111111110001101111000
111111111111111111111111110001101001100
111111111111111111111111110001100100000
111111111111111111111111110001011110100
111111111111111111111111110001011001000
111111111111111111111111110001010011100
111111111111111111111111110001001110000
111111111111111111111111110001001000100
111111111111111111111111110001000011000
111111111111111111111111110000111101100
111111111111111111111111110000111000000
111111111111111111111111110000110010100
111111111111111111111111110000101101000
111111111111111111111111110000100111100
111111111111111111111111110000100010000
111111111111111111111111110000011100100
111111111111111111111111110000010111000
111111111111111111111111110000010001100
111111111111111111111111110000001100000
111111111111111111111111110000000110100
111111111111111111111111110000000001000
111111111111111111111111101111111011100
111111111111111111111111101111110110000
111111111111111111111111101111110000100
111111111111111111111111101111101011000
111111111111111111111111101111100101100
111111111111111111111111101111100000000
111111111111111111111111101111011010100
111111111111111111111111101111010101000
111111111111111111111111101111001111100
111111111111111111111111101111001010000
111111111111111111111111101111000100100
111111111111111111111111101110111111000
111111111111111111111111101110111001100
111111111111111111111111101110110100000
111111111111111111111111101110101110100
111111111111111111111111101110101001000
111111111111111111111111101110100011100
111111111111111111111111101110011110000
111111111111111111111111101110011000100
111111111111111111111111101110010011000
111111111111111111111111101110001101100
111111111111111111111111101110001000000
111111111111111111111111101110000010100
111111111111111111111111101101111101000
111111111111111111111111101101110111100
111111111111111111111111101101110010000
111111111111111111111111101101101100100
111111111111111111111111101101100111000
111111111111111111111111101101100001100
111111111111111111111111101101011100000
111111111111111111111111101101010110100
111111111111111111111111101101010001000
111111111111111111111111101101001011100
111111111111111111111111101101000110000
111111111111111111111111101101000000100
111111111111111111111111101100111011000
111111111111111111111111101100110101100
111111111111111111111111101100110000000
111111111111111111111111101100101010100
111111111111111111111111101100100101000
111111111111111111111111101100011111100
111111111111111111111111101100011010000
111111111111111111111111101100010100100
111111111111111111111111101100001111000
111111111111111111111111101100001001100
111111111111111111111111101100000100000
111111111111111111111111101011111110100
111111111111111111111111101011111001000
111111111111111111111111101011110011100
111111111111111111111111101011101110000
111111111111111111111111101011101000100
111111111111111111111111101011100011000
111111111111111111111111101011011101100
111111111111111111111111101011011000000
111111111111111111111111101011010010100
111111111111111111111111101011001101000
111111111111111111111111101011000111100
111111111111111111111111101011000010000
111111111111111111111111101010111100100
111111111111111111111111101010110111000
111111111111111111111111101010110001100
111111111111111111111111101010101100000
111111111111111111111111101010100110100
111111111111111111111111101010100001000
111111111111111111111111101010011011100
111111111111111111111111101010010110000
111111111111111111111111101010010000100
111111111111111111111111101010001011000
111111111111111111111111101010000101100
