000000000000000000000000000000000000000
000000000000000000000000000000011010111
000000000000000000000000000000110101110
000000000000000000000000000001010000101
000000000000000000000000000001101011100
000000000000000000000000000010000110011
000000000000000000000000000010100001010
000000000000000000000000000010111100001
000000000000000000000000000011010111000
000000000000000000000000000011110001111
000000000000000000000000000100001100110
000000000000000000000000000100100111101
000000000000000000000000000101000010100
000000000000000000000000000101011101011
000000000000000000000000000101111000010
000000000000000000000000000110010011001
000000000000000000000000000110101110000
000000000000000000000000000111001000111
000000000000000000000000000111100011110
000000000000000000000000000111111110101
000000000000000000000000001000011001100
000000000000000000000000001000110100011
000000000000000000000000001001001111010
000000000000000000000000001001101010001
000000000000000000000000001010000101000
000000000000000000000000001010011111111
000000000000000000000000001010111010110
000000000000000000000000001011010101101
000000000000000000000000001011110000100
000000000000000000000000001100001011011
000000000000000000000000001100100110010
000000000000000000000000001101000001001
000000000000000000000000001101011100000
000000000000000000000000001101110110111
000000000000000000000000001110010001110
000000000000000000000000001110101100101
000000000000000000000000001111000111100
000000000000000000000000001111100010011
000000000000000000000000001111111101010
000000000000000000000000010000011000001
000000000000000000000000010000110011000
000000000000000000000000010001001101111
000000000000000000000000010001101000110
000000000000000000000000010010000011101
000000000000000000000000010010011110100
000000000000000000000000010010111001011
000000000000000000000000010011010100010
000000000000000000000000010011101111001
000000000000000000000000010100001010000
000000000000000000000000010100100100111
000000000000000000000000010100111111110
000000000000000000000000010101011010101
000000000000000000000000010101110101100
000000000000000000000000010110010000011
000000000000000000000000010110101011010
000000000000000000000000010111000110001
000000000000000000000000010111100001000
000000000000000000000000010111111011111
000000000000000000000000011000010110110
000000000000000000000000011000110001101
000000000000000000000000011001001100100
000000000000000000000000011001100111011
000000000000000000000000011010000010010
000000000000000000000000011010011101001
000000000000000000000000011010111000000
000000000000000000000000011011010010111
000000000000000000000000011011101101110
000000000000000000000000011100001000101
000000000000000000000000011100100011100
000000000000000000000000011100111110011
000000000000000000000000011101011001010
000000000000000000000000011101110100001
000000000000000000000000011110001111000
000000000000000000000000011110101001111
000000000000000000000000011111000100110
000000000000000000000000011111011111101
000000000000000000000000011111111010100
000000000000000000000000100000010101011
000000000000000000000000100000110000010
000000000000000000000000100001001011001
000000000000000000000000100001100110000
000000000000000000000000100010000000111
000000000000000000000000100010011011110
000000000000000000000000100010110110101
000000000000000000000000100011010001100
000000000000000000000000100011101100011
000000000000000000000000100100000111010
000000000000000000000000100100100010001
000000000000000000000000100100111101000
000000000000000000000000100101010111111
000000000000000000000000100101110010110
000000000000000000000000100110001101101
000000000000000000000000100110101000100
000000000000000000000000100111000011011
000000000000000000000000100111011110010
000000000000000000000000100111111001001
000000000000000000000000101000010100000
000000000000000000000000101000101110111
000000000000000000000000101001001001110
000000000000000000000000101001100100101
000000000000000000000000101001111111100
000000000000000000000000101010011010011
000000000000000000000000101010110101010
000000000000000000000000101011010000001
000000000000000000000000101011101011000
000000000000000000000000101100000101111
000000000000000000000000101100100000110
000000000000000000000000101100111011101
000000000000000000000000101101010110100
000000000000000000000000101101110001011
000000000000000000000000101110001100010
000000000000000000000000101110100111001
000000000000000000000000101111000010000
000000000000000000000000101111011100111
000000000000000000000000101111110111110
000000000000000000000000110000010010101
000000000000000000000000110000101101100
000000000000000000000000110001001000011
000000000000000000000000110001100011010
000000000000000000000000110001111110001
000000000000000000000000110010011001000
000000000000000000000000110010110011111
000000000000000000000000110011001110110
000000000000000000000000110011101001101
000000000000000000000000110100000100100
000000000000000000000000110100011111011
000000000000000000000000110100111010010
000000000000000000000000110101010101001
000000000000000000000000110101110000000
000000000000000000000000110110001010111
000000000000000000000000110110100101110
000000000000000000000000110111000000101
000000000000000000000000110111011011100
000000000000000000000000110111110110011
000000000000000000000000111000010001010
000000000000000000000000111000101100001
000000000000000000000000111001000111000
000000000000000000000000111001100001111
000000000000000000000000111001111100110
000000000000000000000000111010010111101
000000000000000000000000111010110010100
000000000000000000000000111011001101011
000000000000000000000000111011101000010
000000000000000000000000111100000011001
000000000000000000000000111100011110000
000000000000000000000000111100111000111
000000000000000000000000111101010011110
000000000000000000000000111101101110101
000000000000000000000000111110001001100
000000000000000000000000111110100100011
000000000000000000000000111110111111010
000000000000000000000000111111011010001
000000000000000000000000111111110101000
000000000000000000000001000000001111111
000000000000000000000001000000101010110
000000000000000000000001000001000101101
000000000000000000000001000001100000100
000000000000000000000001000001111011011
000000000000000000000001000010010110010
000000000000000000000001000010110001001
000000000000000000000001000011001100000
000000000000000000000001000011100110111
000000000000000000000001000100000001110
000000000000000000000001000100011100101
000000000000000000000001000100110111100
000000000000000000000001000101010010011
000000000000000000000001000101101101010
000000000000000000000001000110001000001
000000000000000000000001000110100011000
000000000000000000000001000110111101111
000000000000000000000001000111011000110
000000000000000000000001000111110011101
000000000000000000000001001000001110100
000000000000000000000001001000101001011
000000000000000000000001001001000100010
000000000000000000000001001001011111001
000000000000000000000001001001111010000
000000000000000000000001001010010100111
000000000000000000000001001010101111110
000000000000000000000001001011001010101
000000000000000000000001001011100101100
000000000000000000000001001100000000011
000000000000000000000001001100011011010
000000000000000000000001001100110110001
000000000000000000000001001101010001000
000000000000000000000001001101101011111
000000000000000000000001001110000110110
000000000000000000000001001110100001101
000000000000000000000001001110111100100
000000000000000000000001001111010111011
000000000000000000000001001111110010010
000000000000000000000001010000001101001
000000000000000000000001010000101000000
000000000000000000000001010001000010111
000000000000000000000001010001011101110
000000000000000000000001010001111000101
000000000000000000000001010010010011100
000000000000000000000001010010101110011
000000000000000000000001010011001001010
000000000000000000000001010011100100001
000000000000000000000001010011111111000
000000000000000000000001010100011001111
000000000000000000000001010100110100110
000000000000000000000001010101001111101
000000000000000000000001010101101010100
000000000000000000000001010110000101011
000000000000000000000001010110100000010
000000000000000000000001010110111011001
000000000000000000000001010111010110000
000000000000000000000001010111110000111
000000000000000000000001011000001011110
000000000000000000000001011000100110101
000000000000000000000001011001000001100
000000000000000000000001011001011100011
000000000000000000000001011001110111010
000000000000000000000001011010010010001
000000000000000000000001011010101101000
000000000000000000000001011011000111111
000000000000000000000001011011100010110
000000000000000000000001011011111101101
000000000000000000000001011100011000100
000000000000000000000001011100110011011
000000000000000000000001011101001110010
000000000000000000000001011101101001001
000000000000000000000001011110000100000
000000000000000000000001011110011110111
000000000000000000000001011110111001110
000000000000000000000001011111010100101
000000000000000000000001011111101111100
000000000000000000000001100000001010011
000000000000000000000001100000100101010
000000000000000000000001100001000000001
000000000000000000000001100001011011000
000000000000000000000001100001110101111
000000000000000000000001100010010000110
000000000000000000000001100010101011101
000000000000000000000001100011000110100
000000000000000000000001100011100001011
000000000000000000000001100011111100010
000000000000000000000001100100010111001
000000000000000000000001100100110010000
000000000000000000000001100101001100111
000000000000000000000001100101100111110
000000000000000000000001100110000010101
000000000000000000000001100110011101100
000000000000000000000001100110111000011
000000000000000000000001100111010011010
000000000000000000000001100111101110001
000000000000000000000001101000001001000
000000000000000000000001101000100011111
000000000000000000000001101000111110110
000000000000000000000001101001011001101
000000000000000000000001101001110100100
000000000000000000000001101010001111011
000000000000000000000001101010101010010
000000000000000000000001101011000101001
