000000000000000000000000000000000000000
111111111111111111111111111111101101110
111111111111111111111111111111011011100
111111111111111111111111111111001001010
111111111111111111111111111110110111000
111111111111111111111111111110100100110
111111111111111111111111111110010010100
111111111111111111111111111110000000010
111111111111111111111111111101101110000
111111111111111111111111111101011011110
111111111111111111111111111101001001100
111111111111111111111111111100110111010
111111111111111111111111111100100101000
111111111111111111111111111100010010110
111111111111111111111111111100000000100
111111111111111111111111111011101110010
111111111111111111111111111011011100000
111111111111111111111111111011001001110
111111111111111111111111111010110111100
111111111111111111111111111010100101010
111111111111111111111111111010010011000
111111111111111111111111111010000000110
111111111111111111111111111001101110100
111111111111111111111111111001011100010
111111111111111111111111111001001010000
111111111111111111111111111000110111110
111111111111111111111111111000100101100
111111111111111111111111111000010011010
111111111111111111111111111000000001000
111111111111111111111111110111101110110
111111111111111111111111110111011100100
111111111111111111111111110111001010010
111111111111111111111111110110111000000
111111111111111111111111110110100101110
111111111111111111111111110110010011100
111111111111111111111111110110000001010
111111111111111111111111110101101111000
111111111111111111111111110101011100110
111111111111111111111111110101001010100
111111111111111111111111110100111000010
111111111111111111111111110100100110000
111111111111111111111111110100010011110
111111111111111111111111110100000001100
111111111111111111111111110011101111010
111111111111111111111111110011011101000
111111111111111111111111110011001010110
111111111111111111111111110010111000100
111111111111111111111111110010100110010
111111111111111111111111110010010100000
111111111111111111111111110010000001110
111111111111111111111111110001101111100
111111111111111111111111110001011101010
111111111111111111111111110001001011000
111111111111111111111111110000111000110
111111111111111111111111110000100110100
111111111111111111111111110000010100010
111111111111111111111111110000000010000
111111111111111111111111101111101111110
111111111111111111111111101111011101100
111111111111111111111111101111001011010
111111111111111111111111101110111001000
111111111111111111111111101110100110110
111111111111111111111111101110010100100
111111111111111111111111101110000010010
111111111111111111111111101101110000000
111111111111111111111111101101011101110
111111111111111111111111101101001011100
111111111111111111111111101100111001010
111111111111111111111111101100100111000
111111111111111111111111101100010100110
111111111111111111111111101100000010100
111111111111111111111111101011110000010
111111111111111111111111101011011110000
111111111111111111111111101011001011110
111111111111111111111111101010111001100
111111111111111111111111101010100111010
111111111111111111111111101010010101000
111111111111111111111111101010000010110
111111111111111111111111101001110000100
111111111111111111111111101001011110010
111111111111111111111111101001001100000
111111111111111111111111101000111001110
111111111111111111111111101000100111100
111111111111111111111111101000010101010
111111111111111111111111101000000011000
111111111111111111111111100111110000110
111111111111111111111111100111011110100
111111111111111111111111100111001100010
111111111111111111111111100110111010000
111111111111111111111111100110100111110
111111111111111111111111100110010101100
111111111111111111111111100110000011010
111111111111111111111111100101110001000
111111111111111111111111100101011110110
111111111111111111111111100101001100100
111111111111111111111111100100111010010
111111111111111111111111100100101000000
111111111111111111111111100100010101110
111111111111111111111111100100000011100
111111111111111111111111100011110001010
111111111111111111111111100011011111000
111111111111111111111111100011001100110
111111111111111111111111100010111010100
111111111111111111111111100010101000010
111111111111111111111111100010010110000
111111111111111111111111100010000011110
111111111111111111111111100001110001100
111111111111111111111111100001011111010
111111111111111111111111100001001101000
111111111111111111111111100000111010110
111111111111111111111111100000101000100
111111111111111111111111100000010110010
111111111111111111111111100000000100000
111111111111111111111111011111110001110
111111111111111111111111011111011111100
111111111111111111111111011111001101010
111111111111111111111111011110111011000
111111111111111111111111011110101000110
111111111111111111111111011110010110100
111111111111111111111111011110000100010
111111111111111111111111011101110010000
111111111111111111111111011101011111110
111111111111111111111111011101001101100
111111111111111111111111011100111011010
111111111111111111111111011100101001000
111111111111111111111111011100010110110
111111111111111111111111011100000100100
111111111111111111111111011011110010010
111111111111111111111111011011100000000
111111111111111111111111011011001101110
111111111111111111111111011010111011100
111111111111111111111111011010101001010
111111111111111111111111011010010111000
111111111111111111111111011010000100110
111111111111111111111111011001110010100
111111111111111111111111011001100000010
111111111111111111111111011001001110000
111111111111111111111111011000111011110
111111111111111111111111011000101001100
111111111111111111111111011000010111010
111111111111111111111111011000000101000
111111111111111111111111010111110010110
111111111111111111111111010111100000100
111111111111111111111111010111001110010
111111111111111111111111010110111100000
111111111111111111111111010110101001110
111111111111111111111111010110010111100
111111111111111111111111010110000101010
111111111111111111111111010101110011000
111111111111111111111111010101100000110
111111111111111111111111010101001110100
111111111111111111111111010100111100010
111111111111111111111111010100101010000
111111111111111111111111010100010111110
111111111111111111111111010100000101100
111111111111111111111111010011110011010
111111111111111111111111010011100001000
111111111111111111111111010011001110110
111111111111111111111111010010111100100
111111111111111111111111010010101010010
111111111111111111111111010010011000000
111111111111111111111111010010000101110
111111111111111111111111010001110011100
111111111111111111111111010001100001010
111111111111111111111111010001001111000
111111111111111111111111010000111100110
111111111111111111111111010000101010100
111111111111111111111111010000011000010
111111111111111111111111010000000110000
111111111111111111111111001111110011110
111111111111111111111111001111100001100
111111111111111111111111001111001111010
111111111111111111111111001110111101000
111111111111111111111111001110101010110
111111111111111111111111001110011000100
111111111111111111111111001110000110010
111111111111111111111111001101110100000
111111111111111111111111001101100001110
111111111111111111111111001101001111100
111111111111111111111111001100111101010
111111111111111111111111001100101011000
111111111111111111111111001100011000110
111111111111111111111111001100000110100
111111111111111111111111001011110100010
111111111111111111111111001011100010000
111111111111111111111111001011001111110
111111111111111111111111001010111101100
111111111111111111111111001010101011010
111111111111111111111111001010011001000
111111111111111111111111001010000110110
111111111111111111111111001001110100100
111111111111111111111111001001100010010
111111111111111111111111001001010000000
111111111111111111111111001000111101110
111111111111111111111111001000101011100
111111111111111111111111001000011001010
111111111111111111111111001000000111000
111111111111111111111111000111110100110
111111111111111111111111000111100010100
111111111111111111111111000111010000010
111111111111111111111111000110111110000
111111111111111111111111000110101011110
111111111111111111111111000110011001100
111111111111111111111111000110000111010
111111111111111111111111000101110101000
111111111111111111111111000101100010110
111111111111111111111111000101010000100
111111111111111111111111000100111110010
111111111111111111111111000100101100000
111111111111111111111111000100011001110
111111111111111111111111000100000111100
111111111111111111111111000011110101010
111111111111111111111111000011100011000
111111111111111111111111000011010000110
111111111111111111111111000010111110100
111111111111111111111111000010101100010
111111111111111111111111000010011010000
111111111111111111111111000010000111110
111111111111111111111111000001110101100
111111111111111111111111000001100011010
111111111111111111111111000001010001000
111111111111111111111111000000111110110
111111111111111111111111000000101100100
111111111111111111111111000000011010010
111111111111111111111111000000001000000
111111111111111111111110111111110101110
111111111111111111111110111111100011100
111111111111111111111110111111010001010
111111111111111111111110111110111111000
111111111111111111111110111110101100110
111111111111111111111110111110011010100
111111111111111111111110111110001000010
111111111111111111111110111101110110000
111111111111111111111110111101100011110
111111111111111111111110111101010001100
111111111111111111111110111100111111010
111111111111111111111110111100101101000
111111111111111111111110111100011010110
111111111111111111111110111100001000100
111111111111111111111110111011110110010
111111111111111111111110111011100100000
111111111111111111111110111011010001110
111111111111111111111110111010111111100
111111111111111111111110111010101101010
111111111111111111111110111010011011000
111111111111111111111110111010001000110
111111111111111111111110111001110110100
111111111111111111111110111001100100010
111111111111111111111110111001010010000
111111111111111111111110111000111111110
111111111111111111111110111000101101100
111111111111111111111110111000011011010
111111111111111111111110111000001001000
111111111111111111111110110111110110110
111111111111111111111110110111100100100
111111111111111111111110110111010010010
