000000000000000000000000000000000000000
000000000000000000000000000000011111100
000000000000000000000000000000111111000
000000000000000000000000000001011110100
000000000000000000000000000001111110000
000000000000000000000000000010011101100
000000000000000000000000000010111101000
000000000000000000000000000011011100100
000000000000000000000000000011111100000
000000000000000000000000000100011011100
000000000000000000000000000100111011000
000000000000000000000000000101011010100
000000000000000000000000000101111010000
000000000000000000000000000110011001100
000000000000000000000000000110111001000
000000000000000000000000000111011000100
000000000000000000000000000111111000000
000000000000000000000000001000010111100
000000000000000000000000001000110111000
000000000000000000000000001001010110100
000000000000000000000000001001110110000
000000000000000000000000001010010101100
000000000000000000000000001010110101000
000000000000000000000000001011010100100
000000000000000000000000001011110100000
000000000000000000000000001100010011100
000000000000000000000000001100110011000
000000000000000000000000001101010010100
000000000000000000000000001101110010000
000000000000000000000000001110010001100
000000000000000000000000001110110001000
000000000000000000000000001111010000100
000000000000000000000000001111110000000
000000000000000000000000010000001111100
000000000000000000000000010000101111000
000000000000000000000000010001001110100
000000000000000000000000010001101110000
000000000000000000000000010010001101100
000000000000000000000000010010101101000
000000000000000000000000010011001100100
000000000000000000000000010011101100000
000000000000000000000000010100001011100
000000000000000000000000010100101011000
000000000000000000000000010101001010100
000000000000000000000000010101101010000
000000000000000000000000010110001001100
000000000000000000000000010110101001000
000000000000000000000000010111001000100
000000000000000000000000010111101000000
000000000000000000000000011000000111100
000000000000000000000000011000100111000
000000000000000000000000011001000110100
000000000000000000000000011001100110000
000000000000000000000000011010000101100
000000000000000000000000011010100101000
000000000000000000000000011011000100100
000000000000000000000000011011100100000
000000000000000000000000011100000011100
000000000000000000000000011100100011000
000000000000000000000000011101000010100
000000000000000000000000011101100010000
000000000000000000000000011110000001100
000000000000000000000000011110100001000
000000000000000000000000011111000000100
000000000000000000000000011111100000000
000000000000000000000000011111111111100
000000000000000000000000100000011111000
000000000000000000000000100000111110100
000000000000000000000000100001011110000
000000000000000000000000100001111101100
000000000000000000000000100010011101000
000000000000000000000000100010111100100
000000000000000000000000100011011100000
000000000000000000000000100011111011100
000000000000000000000000100100011011000
000000000000000000000000100100111010100
000000000000000000000000100101011010000
000000000000000000000000100101111001100
000000000000000000000000100110011001000
000000000000000000000000100110111000100
000000000000000000000000100111011000000
000000000000000000000000100111110111100
000000000000000000000000101000010111000
000000000000000000000000101000110110100
000000000000000000000000101001010110000
000000000000000000000000101001110101100
000000000000000000000000101010010101000
000000000000000000000000101010110100100
000000000000000000000000101011010100000
000000000000000000000000101011110011100
000000000000000000000000101100010011000
000000000000000000000000101100110010100
000000000000000000000000101101010010000
000000000000000000000000101101110001100
000000000000000000000000101110010001000
000000000000000000000000101110110000100
000000000000000000000000101111010000000
000000000000000000000000101111101111100
000000000000000000000000110000001111000
000000000000000000000000110000101110100
000000000000000000000000110001001110000
000000000000000000000000110001101101100
000000000000000000000000110010001101000
000000000000000000000000110010101100100
000000000000000000000000110011001100000
000000000000000000000000110011101011100
000000000000000000000000110100001011000
000000000000000000000000110100101010100
000000000000000000000000110101001010000
000000000000000000000000110101101001100
000000000000000000000000110110001001000
000000000000000000000000110110101000100
000000000000000000000000110111001000000
000000000000000000000000110111100111100
000000000000000000000000111000000111000
000000000000000000000000111000100110100
000000000000000000000000111001000110000
000000000000000000000000111001100101100
000000000000000000000000111010000101000
000000000000000000000000111010100100100
000000000000000000000000111011000100000
000000000000000000000000111011100011100
000000000000000000000000111100000011000
000000000000000000000000111100100010100
000000000000000000000000111101000010000
000000000000000000000000111101100001100
000000000000000000000000111110000001000
000000000000000000000000111110100000100
000000000000000000000000111111000000000
000000000000000000000000111111011111100
000000000000000000000000111111111111000
000000000000000000000001000000011110100
000000000000000000000001000000111110000
000000000000000000000001000001011101100
000000000000000000000001000001111101000
000000000000000000000001000010011100100
000000000000000000000001000010111100000
000000000000000000000001000011011011100
000000000000000000000001000011111011000
000000000000000000000001000100011010100
000000000000000000000001000100111010000
000000000000000000000001000101011001100
000000000000000000000001000101111001000
000000000000000000000001000110011000100
000000000000000000000001000110111000000
000000000000000000000001000111010111100
000000000000000000000001000111110111000
000000000000000000000001001000010110100
000000000000000000000001001000110110000
000000000000000000000001001001010101100
000000000000000000000001001001110101000
000000000000000000000001001010010100100
000000000000000000000001001010110100000
000000000000000000000001001011010011100
000000000000000000000001001011110011000
000000000000000000000001001100010010100
000000000000000000000001001100110010000
000000000000000000000001001101010001100
000000000000000000000001001101110001000
000000000000000000000001001110010000100
000000000000000000000001001110110000000
000000000000000000000001001111001111100
000000000000000000000001001111101111000
000000000000000000000001010000001110100
000000000000000000000001010000101110000
000000000000000000000001010001001101100
000000000000000000000001010001101101000
000000000000000000000001010010001100100
000000000000000000000001010010101100000
000000000000000000000001010011001011100
000000000000000000000001010011101011000
000000000000000000000001010100001010100
000000000000000000000001010100101010000
000000000000000000000001010101001001100
000000000000000000000001010101101001000
000000000000000000000001010110001000100
000000000000000000000001010110101000000
000000000000000000000001010111000111100
000000000000000000000001010111100111000
000000000000000000000001011000000110100
000000000000000000000001011000100110000
000000000000000000000001011001000101100
000000000000000000000001011001100101000
000000000000000000000001011010000100100
000000000000000000000001011010100100000
000000000000000000000001011011000011100
000000000000000000000001011011100011000
000000000000000000000001011100000010100
000000000000000000000001011100100010000
000000000000000000000001011101000001100
000000000000000000000001011101100001000
000000000000000000000001011110000000100
000000000000000000000001011110100000000
000000000000000000000001011110111111100
000000000000000000000001011111011111000
000000000000000000000001011111111110100
000000000000000000000001100000011110000
000000000000000000000001100000111101100
000000000000000000000001100001011101000
000000000000000000000001100001111100100
000000000000000000000001100010011100000
000000000000000000000001100010111011100
000000000000000000000001100011011011000
000000000000000000000001100011111010100
000000000000000000000001100100011010000
000000000000000000000001100100111001100
000000000000000000000001100101011001000
000000000000000000000001100101111000100
000000000000000000000001100110011000000
000000000000000000000001100110110111100
000000000000000000000001100111010111000
000000000000000000000001100111110110100
000000000000000000000001101000010110000
000000000000000000000001101000110101100
000000000000000000000001101001010101000
000000000000000000000001101001110100100
000000000000000000000001101010010100000
000000000000000000000001101010110011100
000000000000000000000001101011010011000
000000000000000000000001101011110010100
000000000000000000000001101100010010000
000000000000000000000001101100110001100
000000000000000000000001101101010001000
000000000000000000000001101101110000100
000000000000000000000001101110010000000
000000000000000000000001101110101111100
000000000000000000000001101111001111000
000000000000000000000001101111101110100
000000000000000000000001110000001110000
000000000000000000000001110000101101100
000000000000000000000001110001001101000
000000000000000000000001110001101100100
000000000000000000000001110010001100000
000000000000000000000001110010101011100
000000000000000000000001110011001011000
000000000000000000000001110011101010100
000000000000000000000001110100001010000
000000000000000000000001110100101001100
000000000000000000000001110101001001000
000000000000000000000001110101101000100
000000000000000000000001110110001000000
000000000000000000000001110110100111100
000000000000000000000001110111000111000
000000000000000000000001110111100110100
000000000000000000000001111000000110000
000000000000000000000001111000100101100
000000000000000000000001111001000101000
000000000000000000000001111001100100100
000000000000000000000001111010000100000
000000000000000000000001111010100011100
000000000000000000000001111011000011000
000000000000000000000001111011100010100
000000000000000000000001111100000010000
000000000000000000000001111100100001100
000000000000000000000001111101000001000
000000000000000000000001111101100000100
