000000000000000000000000000000000000000
000000000000000000000000000000011010110
000000000000000000000000000000110101100
000000000000000000000000000001010000010
000000000000000000000000000001101011000
000000000000000000000000000010000101110
000000000000000000000000000010100000100
000000000000000000000000000010111011010
000000000000000000000000000011010110000
000000000000000000000000000011110000110
000000000000000000000000000100001011100
000000000000000000000000000100100110010
000000000000000000000000000101000001000
000000000000000000000000000101011011110
000000000000000000000000000101110110100
000000000000000000000000000110010001010
000000000000000000000000000110101100000
000000000000000000000000000111000110110
000000000000000000000000000111100001100
000000000000000000000000000111111100010
000000000000000000000000001000010111000
000000000000000000000000001000110001110
000000000000000000000000001001001100100
000000000000000000000000001001100111010
000000000000000000000000001010000010000
000000000000000000000000001010011100110
000000000000000000000000001010110111100
000000000000000000000000001011010010010
000000000000000000000000001011101101000
000000000000000000000000001100000111110
000000000000000000000000001100100010100
000000000000000000000000001100111101010
000000000000000000000000001101011000000
000000000000000000000000001101110010110
000000000000000000000000001110001101100
000000000000000000000000001110101000010
000000000000000000000000001111000011000
000000000000000000000000001111011101110
000000000000000000000000001111111000100
000000000000000000000000010000010011010
000000000000000000000000010000101110000
000000000000000000000000010001001000110
000000000000000000000000010001100011100
000000000000000000000000010001111110010
000000000000000000000000010010011001000
000000000000000000000000010010110011110
000000000000000000000000010011001110100
000000000000000000000000010011101001010
000000000000000000000000010100000100000
000000000000000000000000010100011110110
000000000000000000000000010100111001100
000000000000000000000000010101010100010
000000000000000000000000010101101111000
000000000000000000000000010110001001110
000000000000000000000000010110100100100
000000000000000000000000010110111111010
000000000000000000000000010111011010000
000000000000000000000000010111110100110
000000000000000000000000011000001111100
000000000000000000000000011000101010010
000000000000000000000000011001000101000
000000000000000000000000011001011111110
000000000000000000000000011001111010100
000000000000000000000000011010010101010
000000000000000000000000011010110000000
000000000000000000000000011011001010110
000000000000000000000000011011100101100
000000000000000000000000011100000000010
000000000000000000000000011100011011000
000000000000000000000000011100110101110
000000000000000000000000011101010000100
000000000000000000000000011101101011010
000000000000000000000000011110000110000
000000000000000000000000011110100000110
000000000000000000000000011110111011100
000000000000000000000000011111010110010
000000000000000000000000011111110001000
000000000000000000000000100000001011110
000000000000000000000000100000100110100
000000000000000000000000100001000001010
000000000000000000000000100001011100000
000000000000000000000000100001110110110
000000000000000000000000100010010001100
000000000000000000000000100010101100010
000000000000000000000000100011000111000
000000000000000000000000100011100001110
000000000000000000000000100011111100100
000000000000000000000000100100010111010
000000000000000000000000100100110010000
000000000000000000000000100101001100110
000000000000000000000000100101100111100
000000000000000000000000100110000010010
000000000000000000000000100110011101000
000000000000000000000000100110110111110
000000000000000000000000100111010010100
000000000000000000000000100111101101010
000000000000000000000000101000001000000
000000000000000000000000101000100010110
000000000000000000000000101000111101100
000000000000000000000000101001011000010
000000000000000000000000101001110011000
000000000000000000000000101010001101110
000000000000000000000000101010101000100
000000000000000000000000101011000011010
000000000000000000000000101011011110000
000000000000000000000000101011111000110
000000000000000000000000101100010011100
000000000000000000000000101100101110010
000000000000000000000000101101001001000
000000000000000000000000101101100011110
000000000000000000000000101101111110100
000000000000000000000000101110011001010
000000000000000000000000101110110100000
000000000000000000000000101111001110110
000000000000000000000000101111101001100
000000000000000000000000110000000100010
000000000000000000000000110000011111000
000000000000000000000000110000111001110
000000000000000000000000110001010100100
000000000000000000000000110001101111010
000000000000000000000000110010001010000
000000000000000000000000110010100100110
000000000000000000000000110010111111100
000000000000000000000000110011011010010
000000000000000000000000110011110101000
000000000000000000000000110100001111110
000000000000000000000000110100101010100
000000000000000000000000110101000101010
000000000000000000000000110101100000000
000000000000000000000000110101111010110
000000000000000000000000110110010101100
000000000000000000000000110110110000010
000000000000000000000000110111001011000
000000000000000000000000110111100101110
000000000000000000000000111000000000100
000000000000000000000000111000011011010
000000000000000000000000111000110110000
000000000000000000000000111001010000110
000000000000000000000000111001101011100
000000000000000000000000111010000110010
000000000000000000000000111010100001000
000000000000000000000000111010111011110
000000000000000000000000111011010110100
000000000000000000000000111011110001010
000000000000000000000000111100001100000
000000000000000000000000111100100110110
000000000000000000000000111101000001100
000000000000000000000000111101011100010
000000000000000000000000111101110111000
000000000000000000000000111110010001110
000000000000000000000000111110101100100
000000000000000000000000111111000111010
000000000000000000000000111111100010000
000000000000000000000000111111111100110
000000000000000000000001000000010111100
000000000000000000000001000000110010010
000000000000000000000001000001001101000
000000000000000000000001000001100111110
000000000000000000000001000010000010100
000000000000000000000001000010011101010
000000000000000000000001000010111000000
000000000000000000000001000011010010110
000000000000000000000001000011101101100
000000000000000000000001000100001000010
000000000000000000000001000100100011000
000000000000000000000001000100111101110
000000000000000000000001000101011000100
000000000000000000000001000101110011010
000000000000000000000001000110001110000
000000000000000000000001000110101000110
000000000000000000000001000111000011100
000000000000000000000001000111011110010
000000000000000000000001000111111001000
000000000000000000000001001000010011110
000000000000000000000001001000101110100
000000000000000000000001001001001001010
000000000000000000000001001001100100000
000000000000000000000001001001111110110
000000000000000000000001001010011001100
000000000000000000000001001010110100010
000000000000000000000001001011001111000
000000000000000000000001001011101001110
000000000000000000000001001100000100100
000000000000000000000001001100011111010
000000000000000000000001001100111010000
000000000000000000000001001101010100110
000000000000000000000001001101101111100
000000000000000000000001001110001010010
000000000000000000000001001110100101000
000000000000000000000001001110111111110
000000000000000000000001001111011010100
000000000000000000000001001111110101010
000000000000000000000001010000010000000
000000000000000000000001010000101010110
000000000000000000000001010001000101100
000000000000000000000001010001100000010
000000000000000000000001010001111011000
000000000000000000000001010010010101110
000000000000000000000001010010110000100
000000000000000000000001010011001011010
000000000000000000000001010011100110000
000000000000000000000001010100000000110
000000000000000000000001010100011011100
000000000000000000000001010100110110010
000000000000000000000001010101010001000
000000000000000000000001010101101011110
000000000000000000000001010110000110100
000000000000000000000001010110100001010
000000000000000000000001010110111100000
000000000000000000000001010111010110110
000000000000000000000001010111110001100
000000000000000000000001011000001100010
000000000000000000000001011000100111000
000000000000000000000001011001000001110
000000000000000000000001011001011100100
000000000000000000000001011001110111010
000000000000000000000001011010010010000
000000000000000000000001011010101100110
000000000000000000000001011011000111100
000000000000000000000001011011100010010
000000000000000000000001011011111101000
000000000000000000000001011100010111110
000000000000000000000001011100110010100
000000000000000000000001011101001101010
000000000000000000000001011101101000000
000000000000000000000001011110000010110
000000000000000000000001011110011101100
000000000000000000000001011110111000010
000000000000000000000001011111010011000
000000000000000000000001011111101101110
000000000000000000000001100000001000100
000000000000000000000001100000100011010
000000000000000000000001100000111110000
000000000000000000000001100001011000110
000000000000000000000001100001110011100
000000000000000000000001100010001110010
000000000000000000000001100010101001000
000000000000000000000001100011000011110
000000000000000000000001100011011110100
000000000000000000000001100011111001010
000000000000000000000001100100010100000
000000000000000000000001100100101110110
000000000000000000000001100101001001100
000000000000000000000001100101100100010
000000000000000000000001100101111111000
000000000000000000000001100110011001110
000000000000000000000001100110110100100
000000000000000000000001100111001111010
000000000000000000000001100111101010000
000000000000000000000001101000000100110
000000000000000000000001101000011111100
000000000000000000000001101000111010010
000000000000000000000001101001010101000
000000000000000000000001101001101111110
000000000000000000000001101010001010100
000000000000000000000001101010100101010
