000000000000000000000000000000000000000
000000000000000000000000000000000100010
000000000000000000000000000000001000100
000000000000000000000000000000001100110
000000000000000000000000000000010001000
000000000000000000000000000000010101010
000000000000000000000000000000011001100
000000000000000000000000000000011101110
000000000000000000000000000000100010000
000000000000000000000000000000100110010
000000000000000000000000000000101010100
000000000000000000000000000000101110110
000000000000000000000000000000110011000
000000000000000000000000000000110111010
000000000000000000000000000000111011100
000000000000000000000000000000111111110
000000000000000000000000000001000100000
000000000000000000000000000001001000010
000000000000000000000000000001001100100
000000000000000000000000000001010000110
000000000000000000000000000001010101000
000000000000000000000000000001011001010
000000000000000000000000000001011101100
000000000000000000000000000001100001110
000000000000000000000000000001100110000
000000000000000000000000000001101010010
000000000000000000000000000001101110100
000000000000000000000000000001110010110
000000000000000000000000000001110111000
000000000000000000000000000001111011010
000000000000000000000000000001111111100
000000000000000000000000000010000011110
000000000000000000000000000010001000000
000000000000000000000000000010001100010
000000000000000000000000000010010000100
000000000000000000000000000010010100110
000000000000000000000000000010011001000
000000000000000000000000000010011101010
000000000000000000000000000010100001100
000000000000000000000000000010100101110
000000000000000000000000000010101010000
000000000000000000000000000010101110010
000000000000000000000000000010110010100
000000000000000000000000000010110110110
000000000000000000000000000010111011000
000000000000000000000000000010111111010
000000000000000000000000000011000011100
000000000000000000000000000011000111110
000000000000000000000000000011001100000
000000000000000000000000000011010000010
000000000000000000000000000011010100100
000000000000000000000000000011011000110
000000000000000000000000000011011101000
000000000000000000000000000011100001010
000000000000000000000000000011100101100
000000000000000000000000000011101001110
000000000000000000000000000011101110000
000000000000000000000000000011110010010
000000000000000000000000000011110110100
000000000000000000000000000011111010110
000000000000000000000000000011111111000
000000000000000000000000000100000011010
000000000000000000000000000100000111100
000000000000000000000000000100001011110
000000000000000000000000000100010000000
000000000000000000000000000100010100010
000000000000000000000000000100011000100
000000000000000000000000000100011100110
000000000000000000000000000100100001000
000000000000000000000000000100100101010
000000000000000000000000000100101001100
000000000000000000000000000100101101110
000000000000000000000000000100110010000
000000000000000000000000000100110110010
000000000000000000000000000100111010100
000000000000000000000000000100111110110
000000000000000000000000000101000011000
000000000000000000000000000101000111010
000000000000000000000000000101001011100
000000000000000000000000000101001111110
000000000000000000000000000101010100000
000000000000000000000000000101011000010
000000000000000000000000000101011100100
000000000000000000000000000101100000110
000000000000000000000000000101100101000
000000000000000000000000000101101001010
000000000000000000000000000101101101100
000000000000000000000000000101110001110
000000000000000000000000000101110110000
000000000000000000000000000101111010010
000000000000000000000000000101111110100
000000000000000000000000000110000010110
000000000000000000000000000110000111000
000000000000000000000000000110001011010
000000000000000000000000000110001111100
000000000000000000000000000110010011110
000000000000000000000000000110011000000
000000000000000000000000000110011100010
000000000000000000000000000110100000100
000000000000000000000000000110100100110
000000000000000000000000000110101001000
000000000000000000000000000110101101010
000000000000000000000000000110110001100
000000000000000000000000000110110101110
000000000000000000000000000110111010000
000000000000000000000000000110111110010
000000000000000000000000000111000010100
000000000000000000000000000111000110110
000000000000000000000000000111001011000
000000000000000000000000000111001111010
000000000000000000000000000111010011100
000000000000000000000000000111010111110
000000000000000000000000000111011100000
000000000000000000000000000111100000010
000000000000000000000000000111100100100
000000000000000000000000000111101000110
000000000000000000000000000111101101000
000000000000000000000000000111110001010
000000000000000000000000000111110101100
000000000000000000000000000111111001110
000000000000000000000000000111111110000
000000000000000000000000001000000010010
000000000000000000000000001000000110100
000000000000000000000000001000001010110
000000000000000000000000001000001111000
000000000000000000000000001000010011010
000000000000000000000000001000010111100
000000000000000000000000001000011011110
000000000000000000000000001000100000000
000000000000000000000000001000100100010
000000000000000000000000001000101000100
000000000000000000000000001000101100110
000000000000000000000000001000110001000
000000000000000000000000001000110101010
000000000000000000000000001000111001100
000000000000000000000000001000111101110
000000000000000000000000001001000010000
000000000000000000000000001001000110010
000000000000000000000000001001001010100
000000000000000000000000001001001110110
000000000000000000000000001001010011000
000000000000000000000000001001010111010
000000000000000000000000001001011011100
000000000000000000000000001001011111110
000000000000000000000000001001100100000
000000000000000000000000001001101000010
000000000000000000000000001001101100100
000000000000000000000000001001110000110
000000000000000000000000001001110101000
000000000000000000000000001001111001010
000000000000000000000000001001111101100
000000000000000000000000001010000001110
000000000000000000000000001010000110000
000000000000000000000000001010001010010
000000000000000000000000001010001110100
000000000000000000000000001010010010110
000000000000000000000000001010010111000
000000000000000000000000001010011011010
000000000000000000000000001010011111100
000000000000000000000000001010100011110
000000000000000000000000001010101000000
000000000000000000000000001010101100010
000000000000000000000000001010110000100
000000000000000000000000001010110100110
000000000000000000000000001010111001000
000000000000000000000000001010111101010
000000000000000000000000001011000001100
000000000000000000000000001011000101110
000000000000000000000000001011001010000
000000000000000000000000001011001110010
000000000000000000000000001011010010100
000000000000000000000000001011010110110
000000000000000000000000001011011011000
000000000000000000000000001011011111010
000000000000000000000000001011100011100
000000000000000000000000001011100111110
000000000000000000000000001011101100000
000000000000000000000000001011110000010
000000000000000000000000001011110100100
000000000000000000000000001011111000110
000000000000000000000000001011111101000
000000000000000000000000001100000001010
000000000000000000000000001100000101100
000000000000000000000000001100001001110
000000000000000000000000001100001110000
000000000000000000000000001100010010010
000000000000000000000000001100010110100
000000000000000000000000001100011010110
000000000000000000000000001100011111000
000000000000000000000000001100100011010
000000000000000000000000001100100111100
000000000000000000000000001100101011110
000000000000000000000000001100110000000
000000000000000000000000001100110100010
000000000000000000000000001100111000100
000000000000000000000000001100111100110
000000000000000000000000001101000001000
000000000000000000000000001101000101010
000000000000000000000000001101001001100
000000000000000000000000001101001101110
000000000000000000000000001101010010000
000000000000000000000000001101010110010
000000000000000000000000001101011010100
000000000000000000000000001101011110110
000000000000000000000000001101100011000
000000000000000000000000001101100111010
000000000000000000000000001101101011100
000000000000000000000000001101101111110
000000000000000000000000001101110100000
000000000000000000000000001101111000010
000000000000000000000000001101111100100
000000000000000000000000001110000000110
000000000000000000000000001110000101000
000000000000000000000000001110001001010
000000000000000000000000001110001101100
000000000000000000000000001110010001110
000000000000000000000000001110010110000
000000000000000000000000001110011010010
000000000000000000000000001110011110100
000000000000000000000000001110100010110
000000000000000000000000001110100111000
000000000000000000000000001110101011010
000000000000000000000000001110101111100
000000000000000000000000001110110011110
000000000000000000000000001110111000000
000000000000000000000000001110111100010
000000000000000000000000001111000000100
000000000000000000000000001111000100110
000000000000000000000000001111001001000
000000000000000000000000001111001101010
000000000000000000000000001111010001100
000000000000000000000000001111010101110
000000000000000000000000001111011010000
000000000000000000000000001111011110010
000000000000000000000000001111100010100
000000000000000000000000001111100110110
000000000000000000000000001111101011000
000000000000000000000000001111101111010
000000000000000000000000001111110011100
000000000000000000000000001111110111110
000000000000000000000000001111111100000
000000000000000000000000010000000000010
000000000000000000000000010000000100100
000000000000000000000000010000001000110
000000000000000000000000010000001101000
000000000000000000000000010000010001010
000000000000000000000000010000010101100
000000000000000000000000010000011001110
000000000000000000000000010000011110000
000000000000000000000000010000100010010
000000000000000000000000010000100110100
000000000000000000000000010000101010110
000000000000000000000000010000101111000
000000000000000000000000010000110011010
000000000000000000000000010000110111100
000000000000000000000000010000111011110
