000000000000000000000000000000000000000
000000000000000000000000000000011111111
000000000000000000000000000000111111110
000000000000000000000000000001011111101
000000000000000000000000000001111111100
000000000000000000000000000010011111011
000000000000000000000000000010111111010
000000000000000000000000000011011111001
000000000000000000000000000011111111000
000000000000000000000000000100011110111
000000000000000000000000000100111110110
000000000000000000000000000101011110101
000000000000000000000000000101111110100
000000000000000000000000000110011110011
000000000000000000000000000110111110010
000000000000000000000000000111011110001
000000000000000000000000000111111110000
000000000000000000000000001000011101111
000000000000000000000000001000111101110
000000000000000000000000001001011101101
000000000000000000000000001001111101100
000000000000000000000000001010011101011
000000000000000000000000001010111101010
000000000000000000000000001011011101001
000000000000000000000000001011111101000
000000000000000000000000001100011100111
000000000000000000000000001100111100110
000000000000000000000000001101011100101
000000000000000000000000001101111100100
000000000000000000000000001110011100011
000000000000000000000000001110111100010
000000000000000000000000001111011100001
000000000000000000000000001111111100000
000000000000000000000000010000011011111
000000000000000000000000010000111011110
000000000000000000000000010001011011101
000000000000000000000000010001111011100
000000000000000000000000010010011011011
000000000000000000000000010010111011010
000000000000000000000000010011011011001
000000000000000000000000010011111011000
000000000000000000000000010100011010111
000000000000000000000000010100111010110
000000000000000000000000010101011010101
000000000000000000000000010101111010100
000000000000000000000000010110011010011
000000000000000000000000010110111010010
000000000000000000000000010111011010001
000000000000000000000000010111111010000
000000000000000000000000011000011001111
000000000000000000000000011000111001110
000000000000000000000000011001011001101
000000000000000000000000011001111001100
000000000000000000000000011010011001011
000000000000000000000000011010111001010
000000000000000000000000011011011001001
000000000000000000000000011011111001000
000000000000000000000000011100011000111
000000000000000000000000011100111000110
000000000000000000000000011101011000101
000000000000000000000000011101111000100
000000000000000000000000011110011000011
000000000000000000000000011110111000010
000000000000000000000000011111011000001
000000000000000000000000011111111000000
000000000000000000000000100000010111111
000000000000000000000000100000110111110
000000000000000000000000100001010111101
000000000000000000000000100001110111100
000000000000000000000000100010010111011
000000000000000000000000100010110111010
000000000000000000000000100011010111001
000000000000000000000000100011110111000
000000000000000000000000100100010110111
000000000000000000000000100100110110110
000000000000000000000000100101010110101
000000000000000000000000100101110110100
000000000000000000000000100110010110011
000000000000000000000000100110110110010
000000000000000000000000100111010110001
000000000000000000000000100111110110000
000000000000000000000000101000010101111
000000000000000000000000101000110101110
000000000000000000000000101001010101101
000000000000000000000000101001110101100
000000000000000000000000101010010101011
000000000000000000000000101010110101010
000000000000000000000000101011010101001
000000000000000000000000101011110101000
000000000000000000000000101100010100111
000000000000000000000000101100110100110
000000000000000000000000101101010100101
000000000000000000000000101101110100100
000000000000000000000000101110010100011
000000000000000000000000101110110100010
000000000000000000000000101111010100001
000000000000000000000000101111110100000
000000000000000000000000110000010011111
000000000000000000000000110000110011110
000000000000000000000000110001010011101
000000000000000000000000110001110011100
000000000000000000000000110010010011011
000000000000000000000000110010110011010
000000000000000000000000110011010011001
000000000000000000000000110011110011000
000000000000000000000000110100010010111
000000000000000000000000110100110010110
000000000000000000000000110101010010101
000000000000000000000000110101110010100
000000000000000000000000110110010010011
000000000000000000000000110110110010010
000000000000000000000000110111010010001
000000000000000000000000110111110010000
000000000000000000000000111000010001111
000000000000000000000000111000110001110
000000000000000000000000111001010001101
000000000000000000000000111001110001100
000000000000000000000000111010010001011
000000000000000000000000111010110001010
000000000000000000000000111011010001001
000000000000000000000000111011110001000
000000000000000000000000111100010000111
000000000000000000000000111100110000110
000000000000000000000000111101010000101
000000000000000000000000111101110000100
000000000000000000000000111110010000011
000000000000000000000000111110110000010
000000000000000000000000111111010000001
000000000000000000000000111111110000000
000000000000000000000001000000001111111
000000000000000000000001000000101111110
000000000000000000000001000001001111101
000000000000000000000001000001101111100
000000000000000000000001000010001111011
000000000000000000000001000010101111010
000000000000000000000001000011001111001
000000000000000000000001000011101111000
000000000000000000000001000100001110111
000000000000000000000001000100101110110
000000000000000000000001000101001110101
000000000000000000000001000101101110100
000000000000000000000001000110001110011
000000000000000000000001000110101110010
000000000000000000000001000111001110001
000000000000000000000001000111101110000
000000000000000000000001001000001101111
000000000000000000000001001000101101110
000000000000000000000001001001001101101
000000000000000000000001001001101101100
000000000000000000000001001010001101011
000000000000000000000001001010101101010
000000000000000000000001001011001101001
000000000000000000000001001011101101000
000000000000000000000001001100001100111
000000000000000000000001001100101100110
000000000000000000000001001101001100101
000000000000000000000001001101101100100
000000000000000000000001001110001100011
000000000000000000000001001110101100010
000000000000000000000001001111001100001
000000000000000000000001001111101100000
000000000000000000000001010000001011111
000000000000000000000001010000101011110
000000000000000000000001010001001011101
000000000000000000000001010001101011100
000000000000000000000001010010001011011
000000000000000000000001010010101011010
000000000000000000000001010011001011001
000000000000000000000001010011101011000
000000000000000000000001010100001010111
000000000000000000000001010100101010110
000000000000000000000001010101001010101
000000000000000000000001010101101010100
000000000000000000000001010110001010011
000000000000000000000001010110101010010
000000000000000000000001010111001010001
000000000000000000000001010111101010000
000000000000000000000001011000001001111
000000000000000000000001011000101001110
000000000000000000000001011001001001101
000000000000000000000001011001101001100
000000000000000000000001011010001001011
000000000000000000000001011010101001010
000000000000000000000001011011001001001
000000000000000000000001011011101001000
000000000000000000000001011100001000111
000000000000000000000001011100101000110
000000000000000000000001011101001000101
000000000000000000000001011101101000100
000000000000000000000001011110001000011
000000000000000000000001011110101000010
000000000000000000000001011111001000001
000000000000000000000001011111101000000
000000000000000000000001100000000111111
000000000000000000000001100000100111110
000000000000000000000001100001000111101
000000000000000000000001100001100111100
000000000000000000000001100010000111011
000000000000000000000001100010100111010
000000000000000000000001100011000111001
000000000000000000000001100011100111000
000000000000000000000001100100000110111
000000000000000000000001100100100110110
000000000000000000000001100101000110101
000000000000000000000001100101100110100
000000000000000000000001100110000110011
000000000000000000000001100110100110010
000000000000000000000001100111000110001
000000000000000000000001100111100110000
000000000000000000000001101000000101111
000000000000000000000001101000100101110
000000000000000000000001101001000101101
000000000000000000000001101001100101100
000000000000000000000001101010000101011
000000000000000000000001101010100101010
000000000000000000000001101011000101001
000000000000000000000001101011100101000
000000000000000000000001101100000100111
000000000000000000000001101100100100110
000000000000000000000001101101000100101
000000000000000000000001101101100100100
000000000000000000000001101110000100011
000000000000000000000001101110100100010
000000000000000000000001101111000100001
000000000000000000000001101111100100000
000000000000000000000001110000000011111
000000000000000000000001110000100011110
000000000000000000000001110001000011101
000000000000000000000001110001100011100
000000000000000000000001110010000011011
000000000000000000000001110010100011010
000000000000000000000001110011000011001
000000000000000000000001110011100011000
000000000000000000000001110100000010111
000000000000000000000001110100100010110
000000000000000000000001110101000010101
000000000000000000000001110101100010100
000000000000000000000001110110000010011
000000000000000000000001110110100010010
000000000000000000000001110111000010001
000000000000000000000001110111100010000
000000000000000000000001111000000001111
000000000000000000000001111000100001110
000000000000000000000001111001000001101
000000000000000000000001111001100001100
000000000000000000000001111010000001011
000000000000000000000001111010100001010
000000000000000000000001111011000001001
000000000000000000000001111011100001000
000000000000000000000001111100000000111
000000000000000000000001111100100000110
000000000000000000000001111101000000101
000000000000000000000001111101100000100
000000000000000000000001111110000000011
000000000000000000000001111110100000010
000000000000000000000001111111000000001
