000000000000000000000000000000000000000
000000000000000000000000000000010000101
000000000000000000000000000000100001010
000000000000000000000000000000110001111
000000000000000000000000000001000010100
000000000000000000000000000001010011001
000000000000000000000000000001100011110
000000000000000000000000000001110100011
000000000000000000000000000010000101000
000000000000000000000000000010010101101
000000000000000000000000000010100110010
000000000000000000000000000010110110111
000000000000000000000000000011000111100
000000000000000000000000000011011000001
000000000000000000000000000011101000110
000000000000000000000000000011111001011
000000000000000000000000000100001010000
000000000000000000000000000100011010101
000000000000000000000000000100101011010
000000000000000000000000000100111011111
000000000000000000000000000101001100100
000000000000000000000000000101011101001
000000000000000000000000000101101101110
000000000000000000000000000101111110011
000000000000000000000000000110001111000
000000000000000000000000000110011111101
000000000000000000000000000110110000010
000000000000000000000000000111000000111
000000000000000000000000000111010001100
000000000000000000000000000111100010001
000000000000000000000000000111110010110
000000000000000000000000001000000011011
000000000000000000000000001000010100000
000000000000000000000000001000100100101
000000000000000000000000001000110101010
000000000000000000000000001001000101111
000000000000000000000000001001010110100
000000000000000000000000001001100111001
000000000000000000000000001001110111110
000000000000000000000000001010001000011
000000000000000000000000001010011001000
000000000000000000000000001010101001101
000000000000000000000000001010111010010
000000000000000000000000001011001010111
000000000000000000000000001011011011100
000000000000000000000000001011101100001
000000000000000000000000001011111100110
000000000000000000000000001100001101011
000000000000000000000000001100011110000
000000000000000000000000001100101110101
000000000000000000000000001100111111010
000000000000000000000000001101001111111
000000000000000000000000001101100000100
000000000000000000000000001101110001001
000000000000000000000000001110000001110
000000000000000000000000001110010010011
000000000000000000000000001110100011000
000000000000000000000000001110110011101
000000000000000000000000001111000100010
000000000000000000000000001111010100111
000000000000000000000000001111100101100
000000000000000000000000001111110110001
000000000000000000000000010000000110110
000000000000000000000000010000010111011
000000000000000000000000010000101000000
000000000000000000000000010000111000101
000000000000000000000000010001001001010
000000000000000000000000010001011001111
000000000000000000000000010001101010100
000000000000000000000000010001111011001
000000000000000000000000010010001011110
000000000000000000000000010010011100011
000000000000000000000000010010101101000
000000000000000000000000010010111101101
000000000000000000000000010011001110010
000000000000000000000000010011011110111
000000000000000000000000010011101111100
000000000000000000000000010100000000001
000000000000000000000000010100010000110
000000000000000000000000010100100001011
000000000000000000000000010100110010000
000000000000000000000000010101000010101
000000000000000000000000010101010011010
000000000000000000000000010101100011111
000000000000000000000000010101110100100
000000000000000000000000010110000101001
000000000000000000000000010110010101110
000000000000000000000000010110100110011
000000000000000000000000010110110111000
000000000000000000000000010111000111101
000000000000000000000000010111011000010
000000000000000000000000010111101000111
000000000000000000000000010111111001100
000000000000000000000000011000001010001
000000000000000000000000011000011010110
000000000000000000000000011000101011011
000000000000000000000000011000111100000
000000000000000000000000011001001100101
000000000000000000000000011001011101010
000000000000000000000000011001101101111
000000000000000000000000011001111110100
000000000000000000000000011010001111001
000000000000000000000000011010011111110
000000000000000000000000011010110000011
000000000000000000000000011011000001000
000000000000000000000000011011010001101
000000000000000000000000011011100010010
000000000000000000000000011011110010111
000000000000000000000000011100000011100
000000000000000000000000011100010100001
000000000000000000000000011100100100110
000000000000000000000000011100110101011
000000000000000000000000011101000110000
000000000000000000000000011101010110101
000000000000000000000000011101100111010
000000000000000000000000011101110111111
000000000000000000000000011110001000100
000000000000000000000000011110011001001
000000000000000000000000011110101001110
000000000000000000000000011110111010011
000000000000000000000000011111001011000
000000000000000000000000011111011011101
000000000000000000000000011111101100010
000000000000000000000000011111111100111
000000000000000000000000100000001101100
000000000000000000000000100000011110001
000000000000000000000000100000101110110
000000000000000000000000100000111111011
000000000000000000000000100001010000000
000000000000000000000000100001100000101
000000000000000000000000100001110001010
000000000000000000000000100010000001111
000000000000000000000000100010010010100
000000000000000000000000100010100011001
000000000000000000000000100010110011110
000000000000000000000000100011000100011
000000000000000000000000100011010101000
000000000000000000000000100011100101101
000000000000000000000000100011110110010
000000000000000000000000100100000110111
000000000000000000000000100100010111100
000000000000000000000000100100101000001
000000000000000000000000100100111000110
000000000000000000000000100101001001011
000000000000000000000000100101011010000
000000000000000000000000100101101010101
000000000000000000000000100101111011010
000000000000000000000000100110001011111
000000000000000000000000100110011100100
000000000000000000000000100110101101001
000000000000000000000000100110111101110
000000000000000000000000100111001110011
000000000000000000000000100111011111000
000000000000000000000000100111101111101
000000000000000000000000101000000000010
000000000000000000000000101000010000111
000000000000000000000000101000100001100
000000000000000000000000101000110010001
000000000000000000000000101001000010110
000000000000000000000000101001010011011
000000000000000000000000101001100100000
000000000000000000000000101001110100101
000000000000000000000000101010000101010
000000000000000000000000101010010101111
000000000000000000000000101010100110100
000000000000000000000000101010110111001
000000000000000000000000101011000111110
000000000000000000000000101011011000011
000000000000000000000000101011101001000
000000000000000000000000101011111001101
000000000000000000000000101100001010010
000000000000000000000000101100011010111
000000000000000000000000101100101011100
000000000000000000000000101100111100001
000000000000000000000000101101001100110
000000000000000000000000101101011101011
000000000000000000000000101101101110000
000000000000000000000000101101111110101
000000000000000000000000101110001111010
000000000000000000000000101110011111111
000000000000000000000000101110110000100
000000000000000000000000101111000001001
000000000000000000000000101111010001110
000000000000000000000000101111100010011
000000000000000000000000101111110011000
000000000000000000000000110000000011101
000000000000000000000000110000010100010
000000000000000000000000110000100100111
000000000000000000000000110000110101100
000000000000000000000000110001000110001
000000000000000000000000110001010110110
000000000000000000000000110001100111011
000000000000000000000000110001111000000
000000000000000000000000110010001000101
000000000000000000000000110010011001010
000000000000000000000000110010101001111
000000000000000000000000110010111010100
000000000000000000000000110011001011001
000000000000000000000000110011011011110
000000000000000000000000110011101100011
000000000000000000000000110011111101000
000000000000000000000000110100001101101
000000000000000000000000110100011110010
000000000000000000000000110100101110111
000000000000000000000000110100111111100
000000000000000000000000110101010000001
000000000000000000000000110101100000110
000000000000000000000000110101110001011
000000000000000000000000110110000010000
000000000000000000000000110110010010101
000000000000000000000000110110100011010
000000000000000000000000110110110011111
000000000000000000000000110111000100100
000000000000000000000000110111010101001
000000000000000000000000110111100101110
000000000000000000000000110111110110011
000000000000000000000000111000000111000
000000000000000000000000111000010111101
000000000000000000000000111000101000010
000000000000000000000000111000111000111
000000000000000000000000111001001001100
000000000000000000000000111001011010001
000000000000000000000000111001101010110
000000000000000000000000111001111011011
000000000000000000000000111010001100000
000000000000000000000000111010011100101
000000000000000000000000111010101101010
000000000000000000000000111010111101111
000000000000000000000000111011001110100
000000000000000000000000111011011111001
000000000000000000000000111011101111110
000000000000000000000000111100000000011
000000000000000000000000111100010001000
000000000000000000000000111100100001101
000000000000000000000000111100110010010
000000000000000000000000111101000010111
000000000000000000000000111101010011100
000000000000000000000000111101100100001
000000000000000000000000111101110100110
000000000000000000000000111110000101011
000000000000000000000000111110010110000
000000000000000000000000111110100110101
000000000000000000000000111110110111010
000000000000000000000000111111000111111
000000000000000000000000111111011000100
000000000000000000000000111111101001001
000000000000000000000000111111111001110
000000000000000000000001000000001010011
000000000000000000000001000000011011000
000000000000000000000001000000101011101
000000000000000000000001000000111100010
000000000000000000000001000001001100111
000000000000000000000001000001011101100
000000000000000000000001000001101110001
000000000000000000000001000001111110110
000000000000000000000001000010001111011
