000000000000000000000000000000000000000
000000000000000000000000000000011111110
000000000000000000000000000000111111100
000000000000000000000000000001011111010
000000000000000000000000000001111111000
000000000000000000000000000010011110110
000000000000000000000000000010111110100
000000000000000000000000000011011110010
000000000000000000000000000011111110000
000000000000000000000000000100011101110
000000000000000000000000000100111101100
000000000000000000000000000101011101010
000000000000000000000000000101111101000
000000000000000000000000000110011100110
000000000000000000000000000110111100100
000000000000000000000000000111011100010
000000000000000000000000000111111100000
000000000000000000000000001000011011110
000000000000000000000000001000111011100
000000000000000000000000001001011011010
000000000000000000000000001001111011000
000000000000000000000000001010011010110
000000000000000000000000001010111010100
000000000000000000000000001011011010010
000000000000000000000000001011111010000
000000000000000000000000001100011001110
000000000000000000000000001100111001100
000000000000000000000000001101011001010
000000000000000000000000001101111001000
000000000000000000000000001110011000110
000000000000000000000000001110111000100
000000000000000000000000001111011000010
000000000000000000000000001111111000000
000000000000000000000000010000010111110
000000000000000000000000010000110111100
000000000000000000000000010001010111010
000000000000000000000000010001110111000
000000000000000000000000010010010110110
000000000000000000000000010010110110100
000000000000000000000000010011010110010
000000000000000000000000010011110110000
000000000000000000000000010100010101110
000000000000000000000000010100110101100
000000000000000000000000010101010101010
000000000000000000000000010101110101000
000000000000000000000000010110010100110
000000000000000000000000010110110100100
000000000000000000000000010111010100010
000000000000000000000000010111110100000
000000000000000000000000011000010011110
000000000000000000000000011000110011100
000000000000000000000000011001010011010
000000000000000000000000011001110011000
000000000000000000000000011010010010110
000000000000000000000000011010110010100
000000000000000000000000011011010010010
000000000000000000000000011011110010000
000000000000000000000000011100010001110
000000000000000000000000011100110001100
000000000000000000000000011101010001010
000000000000000000000000011101110001000
000000000000000000000000011110010000110
000000000000000000000000011110110000100
000000000000000000000000011111010000010
000000000000000000000000011111110000000
000000000000000000000000100000001111110
000000000000000000000000100000101111100
000000000000000000000000100001001111010
000000000000000000000000100001101111000
000000000000000000000000100010001110110
000000000000000000000000100010101110100
000000000000000000000000100011001110010
000000000000000000000000100011101110000
000000000000000000000000100100001101110
000000000000000000000000100100101101100
000000000000000000000000100101001101010
000000000000000000000000100101101101000
000000000000000000000000100110001100110
000000000000000000000000100110101100100
000000000000000000000000100111001100010
000000000000000000000000100111101100000
000000000000000000000000101000001011110
000000000000000000000000101000101011100
000000000000000000000000101001001011010
000000000000000000000000101001101011000
000000000000000000000000101010001010110
000000000000000000000000101010101010100
000000000000000000000000101011001010010
000000000000000000000000101011101010000
000000000000000000000000101100001001110
000000000000000000000000101100101001100
000000000000000000000000101101001001010
000000000000000000000000101101101001000
000000000000000000000000101110001000110
000000000000000000000000101110101000100
000000000000000000000000101111001000010
000000000000000000000000101111101000000
000000000000000000000000110000000111110
000000000000000000000000110000100111100
000000000000000000000000110001000111010
000000000000000000000000110001100111000
000000000000000000000000110010000110110
000000000000000000000000110010100110100
000000000000000000000000110011000110010
000000000000000000000000110011100110000
000000000000000000000000110100000101110
000000000000000000000000110100100101100
000000000000000000000000110101000101010
000000000000000000000000110101100101000
000000000000000000000000110110000100110
000000000000000000000000110110100100100
000000000000000000000000110111000100010
000000000000000000000000110111100100000
000000000000000000000000111000000011110
000000000000000000000000111000100011100
000000000000000000000000111001000011010
000000000000000000000000111001100011000
000000000000000000000000111010000010110
000000000000000000000000111010100010100
000000000000000000000000111011000010010
000000000000000000000000111011100010000
000000000000000000000000111100000001110
000000000000000000000000111100100001100
000000000000000000000000111101000001010
000000000000000000000000111101100001000
000000000000000000000000111110000000110
000000000000000000000000111110100000100
000000000000000000000000111111000000010
000000000000000000000000111111100000000
000000000000000000000000111111111111110
000000000000000000000001000000011111100
000000000000000000000001000000111111010
000000000000000000000001000001011111000
000000000000000000000001000001111110110
000000000000000000000001000010011110100
000000000000000000000001000010111110010
000000000000000000000001000011011110000
000000000000000000000001000011111101110
000000000000000000000001000100011101100
000000000000000000000001000100111101010
000000000000000000000001000101011101000
000000000000000000000001000101111100110
000000000000000000000001000110011100100
000000000000000000000001000110111100010
000000000000000000000001000111011100000
000000000000000000000001000111111011110
000000000000000000000001001000011011100
000000000000000000000001001000111011010
000000000000000000000001001001011011000
000000000000000000000001001001111010110
000000000000000000000001001010011010100
000000000000000000000001001010111010010
000000000000000000000001001011011010000
000000000000000000000001001011111001110
000000000000000000000001001100011001100
000000000000000000000001001100111001010
000000000000000000000001001101011001000
000000000000000000000001001101111000110
000000000000000000000001001110011000100
000000000000000000000001001110111000010
000000000000000000000001001111011000000
000000000000000000000001001111110111110
000000000000000000000001010000010111100
000000000000000000000001010000110111010
000000000000000000000001010001010111000
000000000000000000000001010001110110110
000000000000000000000001010010010110100
000000000000000000000001010010110110010
000000000000000000000001010011010110000
000000000000000000000001010011110101110
000000000000000000000001010100010101100
000000000000000000000001010100110101010
000000000000000000000001010101010101000
000000000000000000000001010101110100110
000000000000000000000001010110010100100
000000000000000000000001010110110100010
000000000000000000000001010111010100000
000000000000000000000001010111110011110
000000000000000000000001011000010011100
000000000000000000000001011000110011010
000000000000000000000001011001010011000
000000000000000000000001011001110010110
000000000000000000000001011010010010100
000000000000000000000001011010110010010
000000000000000000000001011011010010000
000000000000000000000001011011110001110
000000000000000000000001011100010001100
000000000000000000000001011100110001010
000000000000000000000001011101010001000
000000000000000000000001011101110000110
000000000000000000000001011110010000100
000000000000000000000001011110110000010
000000000000000000000001011111010000000
000000000000000000000001011111101111110
000000000000000000000001100000001111100
000000000000000000000001100000101111010
000000000000000000000001100001001111000
000000000000000000000001100001101110110
000000000000000000000001100010001110100
000000000000000000000001100010101110010
000000000000000000000001100011001110000
000000000000000000000001100011101101110
000000000000000000000001100100001101100
000000000000000000000001100100101101010
000000000000000000000001100101001101000
000000000000000000000001100101101100110
000000000000000000000001100110001100100
000000000000000000000001100110101100010
000000000000000000000001100111001100000
000000000000000000000001100111101011110
000000000000000000000001101000001011100
000000000000000000000001101000101011010
000000000000000000000001101001001011000
000000000000000000000001101001101010110
000000000000000000000001101010001010100
000000000000000000000001101010101010010
000000000000000000000001101011001010000
000000000000000000000001101011101001110
000000000000000000000001101100001001100
000000000000000000000001101100101001010
000000000000000000000001101101001001000
000000000000000000000001101101101000110
000000000000000000000001101110001000100
000000000000000000000001101110101000010
000000000000000000000001101111001000000
000000000000000000000001101111100111110
000000000000000000000001110000000111100
000000000000000000000001110000100111010
000000000000000000000001110001000111000
000000000000000000000001110001100110110
000000000000000000000001110010000110100
000000000000000000000001110010100110010
000000000000000000000001110011000110000
000000000000000000000001110011100101110
000000000000000000000001110100000101100
000000000000000000000001110100100101010
000000000000000000000001110101000101000
000000000000000000000001110101100100110
000000000000000000000001110110000100100
000000000000000000000001110110100100010
000000000000000000000001110111000100000
000000000000000000000001110111100011110
000000000000000000000001111000000011100
000000000000000000000001111000100011010
000000000000000000000001111001000011000
000000000000000000000001111001100010110
000000000000000000000001111010000010100
000000000000000000000001111010100010010
000000000000000000000001111011000010000
000000000000000000000001111011100001110
000000000000000000000001111100000001100
000000000000000000000001111100100001010
000000000000000000000001111101000001000
000000000000000000000001111101100000110
000000000000000000000001111110000000100
000000000000000000000001111110100000010
