000000000000000000000000000000000000000
000000000000000000000000000000010100010
000000000000000000000000000000101000100
000000000000000000000000000000111100110
000000000000000000000000000001010001000
000000000000000000000000000001100101010
000000000000000000000000000001111001100
000000000000000000000000000010001101110
000000000000000000000000000010100010000
000000000000000000000000000010110110010
000000000000000000000000000011001010100
000000000000000000000000000011011110110
000000000000000000000000000011110011000
000000000000000000000000000100000111010
000000000000000000000000000100011011100
000000000000000000000000000100101111110
000000000000000000000000000101000100000
000000000000000000000000000101011000010
000000000000000000000000000101101100100
000000000000000000000000000110000000110
000000000000000000000000000110010101000
000000000000000000000000000110101001010
000000000000000000000000000110111101100
000000000000000000000000000111010001110
000000000000000000000000000111100110000
000000000000000000000000000111111010010
000000000000000000000000001000001110100
000000000000000000000000001000100010110
000000000000000000000000001000110111000
000000000000000000000000001001001011010
000000000000000000000000001001011111100
000000000000000000000000001001110011110
000000000000000000000000001010001000000
000000000000000000000000001010011100010
000000000000000000000000001010110000100
000000000000000000000000001011000100110
000000000000000000000000001011011001000
000000000000000000000000001011101101010
000000000000000000000000001100000001100
000000000000000000000000001100010101110
000000000000000000000000001100101010000
000000000000000000000000001100111110010
000000000000000000000000001101010010100
000000000000000000000000001101100110110
000000000000000000000000001101111011000
000000000000000000000000001110001111010
000000000000000000000000001110100011100
000000000000000000000000001110110111110
000000000000000000000000001111001100000
000000000000000000000000001111100000010
000000000000000000000000001111110100100
000000000000000000000000010000001000110
000000000000000000000000010000011101000
000000000000000000000000010000110001010
000000000000000000000000010001000101100
000000000000000000000000010001011001110
000000000000000000000000010001101110000
000000000000000000000000010010000010010
000000000000000000000000010010010110100
000000000000000000000000010010101010110
000000000000000000000000010010111111000
000000000000000000000000010011010011010
000000000000000000000000010011100111100
000000000000000000000000010011111011110
000000000000000000000000010100010000000
000000000000000000000000010100100100010
000000000000000000000000010100111000100
000000000000000000000000010101001100110
000000000000000000000000010101100001000
000000000000000000000000010101110101010
000000000000000000000000010110001001100
000000000000000000000000010110011101110
000000000000000000000000010110110010000
000000000000000000000000010111000110010
000000000000000000000000010111011010100
000000000000000000000000010111101110110
000000000000000000000000011000000011000
000000000000000000000000011000010111010
000000000000000000000000011000101011100
000000000000000000000000011000111111110
000000000000000000000000011001010100000
000000000000000000000000011001101000010
000000000000000000000000011001111100100
000000000000000000000000011010010000110
000000000000000000000000011010100101000
000000000000000000000000011010111001010
000000000000000000000000011011001101100
000000000000000000000000011011100001110
000000000000000000000000011011110110000
000000000000000000000000011100001010010
000000000000000000000000011100011110100
000000000000000000000000011100110010110
000000000000000000000000011101000111000
000000000000000000000000011101011011010
000000000000000000000000011101101111100
000000000000000000000000011110000011110
000000000000000000000000011110011000000
000000000000000000000000011110101100010
000000000000000000000000011111000000100
000000000000000000000000011111010100110
000000000000000000000000011111101001000
000000000000000000000000011111111101010
000000000000000000000000100000010001100
000000000000000000000000100000100101110
000000000000000000000000100000111010000
000000000000000000000000100001001110010
000000000000000000000000100001100010100
000000000000000000000000100001110110110
000000000000000000000000100010001011000
000000000000000000000000100010011111010
000000000000000000000000100010110011100
000000000000000000000000100011000111110
000000000000000000000000100011011100000
000000000000000000000000100011110000010
000000000000000000000000100100000100100
000000000000000000000000100100011000110
000000000000000000000000100100101101000
000000000000000000000000100101000001010
000000000000000000000000100101010101100
000000000000000000000000100101101001110
000000000000000000000000100101111110000
000000000000000000000000100110010010010
000000000000000000000000100110100110100
000000000000000000000000100110111010110
000000000000000000000000100111001111000
000000000000000000000000100111100011010
000000000000000000000000100111110111100
000000000000000000000000101000001011110
000000000000000000000000101000100000000
000000000000000000000000101000110100010
000000000000000000000000101001001000100
000000000000000000000000101001011100110
000000000000000000000000101001110001000
000000000000000000000000101010000101010
000000000000000000000000101010011001100
000000000000000000000000101010101101110
000000000000000000000000101011000010000
000000000000000000000000101011010110010
000000000000000000000000101011101010100
000000000000000000000000101011111110110
000000000000000000000000101100010011000
000000000000000000000000101100100111010
000000000000000000000000101100111011100
000000000000000000000000101101001111110
000000000000000000000000101101100100000
000000000000000000000000101101111000010
000000000000000000000000101110001100100
000000000000000000000000101110100000110
000000000000000000000000101110110101000
000000000000000000000000101111001001010
000000000000000000000000101111011101100
000000000000000000000000101111110001110
000000000000000000000000110000000110000
000000000000000000000000110000011010010
000000000000000000000000110000101110100
000000000000000000000000110001000010110
000000000000000000000000110001010111000
000000000000000000000000110001101011010
000000000000000000000000110001111111100
000000000000000000000000110010010011110
000000000000000000000000110010101000000
000000000000000000000000110010111100010
000000000000000000000000110011010000100
000000000000000000000000110011100100110
000000000000000000000000110011111001000
000000000000000000000000110100001101010
000000000000000000000000110100100001100
000000000000000000000000110100110101110
000000000000000000000000110101001010000
000000000000000000000000110101011110010
000000000000000000000000110101110010100
000000000000000000000000110110000110110
000000000000000000000000110110011011000
000000000000000000000000110110101111010
000000000000000000000000110111000011100
000000000000000000000000110111010111110
000000000000000000000000110111101100000
000000000000000000000000111000000000010
000000000000000000000000111000010100100
000000000000000000000000111000101000110
000000000000000000000000111000111101000
000000000000000000000000111001010001010
000000000000000000000000111001100101100
000000000000000000000000111001111001110
000000000000000000000000111010001110000
000000000000000000000000111010100010010
000000000000000000000000111010110110100
000000000000000000000000111011001010110
000000000000000000000000111011011111000
000000000000000000000000111011110011010
000000000000000000000000111100000111100
000000000000000000000000111100011011110
000000000000000000000000111100110000000
000000000000000000000000111101000100010
000000000000000000000000111101011000100
000000000000000000000000111101101100110
000000000000000000000000111110000001000
000000000000000000000000111110010101010
000000000000000000000000111110101001100
000000000000000000000000111110111101110
000000000000000000000000111111010010000
000000000000000000000000111111100110010
000000000000000000000000111111111010100
000000000000000000000001000000001110110
000000000000000000000001000000100011000
000000000000000000000001000000110111010
000000000000000000000001000001001011100
000000000000000000000001000001011111110
000000000000000000000001000001110100000
000000000000000000000001000010001000010
000000000000000000000001000010011100100
000000000000000000000001000010110000110
000000000000000000000001000011000101000
000000000000000000000001000011011001010
000000000000000000000001000011101101100
000000000000000000000001000100000001110
000000000000000000000001000100010110000
000000000000000000000001000100101010010
000000000000000000000001000100111110100
000000000000000000000001000101010010110
000000000000000000000001000101100111000
000000000000000000000001000101111011010
000000000000000000000001000110001111100
000000000000000000000001000110100011110
000000000000000000000001000110111000000
000000000000000000000001000111001100010
000000000000000000000001000111100000100
000000000000000000000001000111110100110
000000000000000000000001001000001001000
000000000000000000000001001000011101010
000000000000000000000001001000110001100
000000000000000000000001001001000101110
000000000000000000000001001001011010000
000000000000000000000001001001101110010
000000000000000000000001001010000010100
000000000000000000000001001010010110110
000000000000000000000001001010101011000
000000000000000000000001001010111111010
000000000000000000000001001011010011100
000000000000000000000001001011100111110
000000000000000000000001001011111100000
000000000000000000000001001100010000010
000000000000000000000001001100100100100
000000000000000000000001001100111000110
000000000000000000000001001101001101000
000000000000000000000001001101100001010
000000000000000000000001001101110101100
000000000000000000000001001110001001110
000000000000000000000001001110011110000
000000000000000000000001001110110010010
000000000000000000000001001111000110100
000000000000000000000001001111011010110
000000000000000000000001001111101111000
000000000000000000000001010000000011010
000000000000000000000001010000010111100
000000000000000000000001010000101011110
