000000000000000000000000000000000000000
000000000000000000000000000000010101000
000000000000000000000000000000101010000
000000000000000000000000000000111111000
000000000000000000000000000001010100000
000000000000000000000000000001101001000
000000000000000000000000000001111110000
000000000000000000000000000010010011000
000000000000000000000000000010101000000
000000000000000000000000000010111101000
000000000000000000000000000011010010000
000000000000000000000000000011100111000
000000000000000000000000000011111100000
000000000000000000000000000100010001000
000000000000000000000000000100100110000
000000000000000000000000000100111011000
000000000000000000000000000101010000000
000000000000000000000000000101100101000
000000000000000000000000000101111010000
000000000000000000000000000110001111000
000000000000000000000000000110100100000
000000000000000000000000000110111001000
000000000000000000000000000111001110000
000000000000000000000000000111100011000
000000000000000000000000000111111000000
000000000000000000000000001000001101000
000000000000000000000000001000100010000
000000000000000000000000001000110111000
000000000000000000000000001001001100000
000000000000000000000000001001100001000
000000000000000000000000001001110110000
000000000000000000000000001010001011000
000000000000000000000000001010100000000
000000000000000000000000001010110101000
000000000000000000000000001011001010000
000000000000000000000000001011011111000
000000000000000000000000001011110100000
000000000000000000000000001100001001000
000000000000000000000000001100011110000
000000000000000000000000001100110011000
000000000000000000000000001101001000000
000000000000000000000000001101011101000
000000000000000000000000001101110010000
000000000000000000000000001110000111000
000000000000000000000000001110011100000
000000000000000000000000001110110001000
000000000000000000000000001111000110000
000000000000000000000000001111011011000
000000000000000000000000001111110000000
000000000000000000000000010000000101000
000000000000000000000000010000011010000
000000000000000000000000010000101111000
000000000000000000000000010001000100000
000000000000000000000000010001011001000
000000000000000000000000010001101110000
000000000000000000000000010010000011000
000000000000000000000000010010011000000
000000000000000000000000010010101101000
000000000000000000000000010011000010000
000000000000000000000000010011010111000
000000000000000000000000010011101100000
000000000000000000000000010100000001000
000000000000000000000000010100010110000
000000000000000000000000010100101011000
000000000000000000000000010101000000000
000000000000000000000000010101010101000
000000000000000000000000010101101010000
000000000000000000000000010101111111000
000000000000000000000000010110010100000
000000000000000000000000010110101001000
000000000000000000000000010110111110000
000000000000000000000000010111010011000
000000000000000000000000010111101000000
000000000000000000000000010111111101000
000000000000000000000000011000010010000
000000000000000000000000011000100111000
000000000000000000000000011000111100000
000000000000000000000000011001010001000
000000000000000000000000011001100110000
000000000000000000000000011001111011000
000000000000000000000000011010010000000
000000000000000000000000011010100101000
000000000000000000000000011010111010000
000000000000000000000000011011001111000
000000000000000000000000011011100100000
000000000000000000000000011011111001000
000000000000000000000000011100001110000
000000000000000000000000011100100011000
000000000000000000000000011100111000000
000000000000000000000000011101001101000
000000000000000000000000011101100010000
000000000000000000000000011101110111000
000000000000000000000000011110001100000
000000000000000000000000011110100001000
000000000000000000000000011110110110000
000000000000000000000000011111001011000
000000000000000000000000011111100000000
000000000000000000000000011111110101000
000000000000000000000000100000001010000
000000000000000000000000100000011111000
000000000000000000000000100000110100000
000000000000000000000000100001001001000
000000000000000000000000100001011110000
000000000000000000000000100001110011000
000000000000000000000000100010001000000
000000000000000000000000100010011101000
000000000000000000000000100010110010000
000000000000000000000000100011000111000
000000000000000000000000100011011100000
000000000000000000000000100011110001000
000000000000000000000000100100000110000
000000000000000000000000100100011011000
000000000000000000000000100100110000000
000000000000000000000000100101000101000
000000000000000000000000100101011010000
000000000000000000000000100101101111000
000000000000000000000000100110000100000
000000000000000000000000100110011001000
000000000000000000000000100110101110000
000000000000000000000000100111000011000
000000000000000000000000100111011000000
000000000000000000000000100111101101000
000000000000000000000000101000000010000
000000000000000000000000101000010111000
000000000000000000000000101000101100000
000000000000000000000000101001000001000
000000000000000000000000101001010110000
000000000000000000000000101001101011000
000000000000000000000000101010000000000
000000000000000000000000101010010101000
000000000000000000000000101010101010000
000000000000000000000000101010111111000
000000000000000000000000101011010100000
000000000000000000000000101011101001000
000000000000000000000000101011111110000
000000000000000000000000101100010011000
000000000000000000000000101100101000000
000000000000000000000000101100111101000
000000000000000000000000101101010010000
000000000000000000000000101101100111000
000000000000000000000000101101111100000
000000000000000000000000101110010001000
000000000000000000000000101110100110000
000000000000000000000000101110111011000
000000000000000000000000101111010000000
000000000000000000000000101111100101000
000000000000000000000000101111111010000
000000000000000000000000110000001111000
000000000000000000000000110000100100000
000000000000000000000000110000111001000
000000000000000000000000110001001110000
000000000000000000000000110001100011000
000000000000000000000000110001111000000
000000000000000000000000110010001101000
000000000000000000000000110010100010000
000000000000000000000000110010110111000
000000000000000000000000110011001100000
000000000000000000000000110011100001000
000000000000000000000000110011110110000
000000000000000000000000110100001011000
000000000000000000000000110100100000000
000000000000000000000000110100110101000
000000000000000000000000110101001010000
000000000000000000000000110101011111000
000000000000000000000000110101110100000
000000000000000000000000110110001001000
000000000000000000000000110110011110000
000000000000000000000000110110110011000
000000000000000000000000110111001000000
000000000000000000000000110111011101000
000000000000000000000000110111110010000
000000000000000000000000111000000111000
000000000000000000000000111000011100000
000000000000000000000000111000110001000
000000000000000000000000111001000110000
000000000000000000000000111001011011000
000000000000000000000000111001110000000
000000000000000000000000111010000101000
000000000000000000000000111010011010000
000000000000000000000000111010101111000
000000000000000000000000111011000100000
000000000000000000000000111011011001000
000000000000000000000000111011101110000
000000000000000000000000111100000011000
000000000000000000000000111100011000000
000000000000000000000000111100101101000
000000000000000000000000111101000010000
000000000000000000000000111101010111000
000000000000000000000000111101101100000
000000000000000000000000111110000001000
000000000000000000000000111110010110000
000000000000000000000000111110101011000
000000000000000000000000111111000000000
000000000000000000000000111111010101000
000000000000000000000000111111101010000
000000000000000000000000111111111111000
000000000000000000000001000000010100000
000000000000000000000001000000101001000
000000000000000000000001000000111110000
000000000000000000000001000001010011000
000000000000000000000001000001101000000
000000000000000000000001000001111101000
000000000000000000000001000010010010000
000000000000000000000001000010100111000
000000000000000000000001000010111100000
000000000000000000000001000011010001000
000000000000000000000001000011100110000
000000000000000000000001000011111011000
000000000000000000000001000100010000000
000000000000000000000001000100100101000
000000000000000000000001000100111010000
000000000000000000000001000101001111000
000000000000000000000001000101100100000
000000000000000000000001000101111001000
000000000000000000000001000110001110000
000000000000000000000001000110100011000
000000000000000000000001000110111000000
000000000000000000000001000111001101000
000000000000000000000001000111100010000
000000000000000000000001000111110111000
000000000000000000000001001000001100000
000000000000000000000001001000100001000
000000000000000000000001001000110110000
000000000000000000000001001001001011000
000000000000000000000001001001100000000
000000000000000000000001001001110101000
000000000000000000000001001010001010000
000000000000000000000001001010011111000
000000000000000000000001001010110100000
000000000000000000000001001011001001000
000000000000000000000001001011011110000
000000000000000000000001001011110011000
000000000000000000000001001100001000000
000000000000000000000001001100011101000
000000000000000000000001001100110010000
000000000000000000000001001101000111000
000000000000000000000001001101011100000
000000000000000000000001001101110001000
000000000000000000000001001110000110000
000000000000000000000001001110011011000
000000000000000000000001001110110000000
000000000000000000000001001111000101000
000000000000000000000001001111011010000
000000000000000000000001001111101111000
000000000000000000000001010000000100000
000000000000000000000001010000011001000
000000000000000000000001010000101110000
000000000000000000000001010001000011000
000000000000000000000001010001011000000
000000000000000000000001010001101101000
000000000000000000000001010010000010000
000000000000000000000001010010010111000
000000000000000000000001010010101100000
000000000000000000000001010011000001000
000000000000000000000001010011010110000
000000000000000000000001010011101011000
