000000000000000000000000000000000000000
111111111111111111111111111111110110100
111111111111111111111111111111101101000
111111111111111111111111111111100011100
111111111111111111111111111111011010000
111111111111111111111111111111010000100
111111111111111111111111111111000111000
111111111111111111111111111110111101100
111111111111111111111111111110110100000
111111111111111111111111111110101010100
111111111111111111111111111110100001000
111111111111111111111111111110010111100
111111111111111111111111111110001110000
111111111111111111111111111110000100100
111111111111111111111111111101111011000
111111111111111111111111111101110001100
111111111111111111111111111101101000000
111111111111111111111111111101011110100
111111111111111111111111111101010101000
111111111111111111111111111101001011100
111111111111111111111111111101000010000
111111111111111111111111111100111000100
111111111111111111111111111100101111000
111111111111111111111111111100100101100
111111111111111111111111111100011100000
111111111111111111111111111100010010100
111111111111111111111111111100001001000
111111111111111111111111111011111111100
111111111111111111111111111011110110000
111111111111111111111111111011101100100
111111111111111111111111111011100011000
111111111111111111111111111011011001100
111111111111111111111111111011010000000
111111111111111111111111111011000110100
111111111111111111111111111010111101000
111111111111111111111111111010110011100
111111111111111111111111111010101010000
111111111111111111111111111010100000100
111111111111111111111111111010010111000
111111111111111111111111111010001101100
111111111111111111111111111010000100000
111111111111111111111111111001111010100
111111111111111111111111111001110001000
111111111111111111111111111001100111100
111111111111111111111111111001011110000
111111111111111111111111111001010100100
111111111111111111111111111001001011000
111111111111111111111111111001000001100
111111111111111111111111111000111000000
111111111111111111111111111000101110100
111111111111111111111111111000100101000
111111111111111111111111111000011011100
111111111111111111111111111000010010000
111111111111111111111111111000001000100
111111111111111111111111110111111111000
111111111111111111111111110111110101100
111111111111111111111111110111101100000
111111111111111111111111110111100010100
111111111111111111111111110111011001000
111111111111111111111111110111001111100
111111111111111111111111110111000110000
111111111111111111111111110110111100100
111111111111111111111111110110110011000
111111111111111111111111110110101001100
111111111111111111111111110110100000000
111111111111111111111111110110010110100
111111111111111111111111110110001101000
111111111111111111111111110110000011100
111111111111111111111111110101111010000
111111111111111111111111110101110000100
111111111111111111111111110101100111000
111111111111111111111111110101011101100
111111111111111111111111110101010100000
111111111111111111111111110101001010100
111111111111111111111111110101000001000
111111111111111111111111110100110111100
111111111111111111111111110100101110000
111111111111111111111111110100100100100
111111111111111111111111110100011011000
111111111111111111111111110100010001100
111111111111111111111111110100001000000
111111111111111111111111110011111110100
111111111111111111111111110011110101000
111111111111111111111111110011101011100
111111111111111111111111110011100010000
111111111111111111111111110011011000100
111111111111111111111111110011001111000
111111111111111111111111110011000101100
111111111111111111111111110010111100000
111111111111111111111111110010110010100
111111111111111111111111110010101001000
111111111111111111111111110010011111100
111111111111111111111111110010010110000
111111111111111111111111110010001100100
111111111111111111111111110010000011000
111111111111111111111111110001111001100
111111111111111111111111110001110000000
111111111111111111111111110001100110100
111111111111111111111111110001011101000
111111111111111111111111110001010011100
111111111111111111111111110001001010000
111111111111111111111111110001000000100
111111111111111111111111110000110111000
111111111111111111111111110000101101100
111111111111111111111111110000100100000
111111111111111111111111110000011010100
111111111111111111111111110000010001000
111111111111111111111111110000000111100
111111111111111111111111101111111110000
111111111111111111111111101111110100100
111111111111111111111111101111101011000
111111111111111111111111101111100001100
111111111111111111111111101111011000000
111111111111111111111111101111001110100
111111111111111111111111101111000101000
111111111111111111111111101110111011100
111111111111111111111111101110110010000
111111111111111111111111101110101000100
111111111111111111111111101110011111000
111111111111111111111111101110010101100
111111111111111111111111101110001100000
111111111111111111111111101110000010100
111111111111111111111111101101111001000
111111111111111111111111101101101111100
111111111111111111111111101101100110000
111111111111111111111111101101011100100
111111111111111111111111101101010011000
111111111111111111111111101101001001100
111111111111111111111111101101000000000
111111111111111111111111101100110110100
111111111111111111111111101100101101000
111111111111111111111111101100100011100
111111111111111111111111101100011010000
111111111111111111111111101100010000100
111111111111111111111111101100000111000
111111111111111111111111101011111101100
111111111111111111111111101011110100000
111111111111111111111111101011101010100
111111111111111111111111101011100001000
111111111111111111111111101011010111100
111111111111111111111111101011001110000
111111111111111111111111101011000100100
111111111111111111111111101010111011000
111111111111111111111111101010110001100
111111111111111111111111101010101000000
111111111111111111111111101010011110100
111111111111111111111111101010010101000
111111111111111111111111101010001011100
111111111111111111111111101010000010000
111111111111111111111111101001111000100
111111111111111111111111101001101111000
111111111111111111111111101001100101100
111111111111111111111111101001011100000
111111111111111111111111101001010010100
111111111111111111111111101001001001000
111111111111111111111111101000111111100
111111111111111111111111101000110110000
111111111111111111111111101000101100100
111111111111111111111111101000100011000
111111111111111111111111101000011001100
111111111111111111111111101000010000000
111111111111111111111111101000000110100
111111111111111111111111100111111101000
111111111111111111111111100111110011100
111111111111111111111111100111101010000
111111111111111111111111100111100000100
111111111111111111111111100111010111000
111111111111111111111111100111001101100
111111111111111111111111100111000100000
111111111111111111111111100110111010100
111111111111111111111111100110110001000
111111111111111111111111100110100111100
111111111111111111111111100110011110000
111111111111111111111111100110010100100
111111111111111111111111100110001011000
111111111111111111111111100110000001100
111111111111111111111111100101111000000
111111111111111111111111100101101110100
111111111111111111111111100101100101000
111111111111111111111111100101011011100
111111111111111111111111100101010010000
111111111111111111111111100101001000100
111111111111111111111111100100111111000
111111111111111111111111100100110101100
111111111111111111111111100100101100000
111111111111111111111111100100100010100
111111111111111111111111100100011001000
111111111111111111111111100100001111100
111111111111111111111111100100000110000
111111111111111111111111100011111100100
111111111111111111111111100011110011000
111111111111111111111111100011101001100
111111111111111111111111100011100000000
111111111111111111111111100011010110100
111111111111111111111111100011001101000
111111111111111111111111100011000011100
111111111111111111111111100010111010000
111111111111111111111111100010110000100
111111111111111111111111100010100111000
111111111111111111111111100010011101100
111111111111111111111111100010010100000
111111111111111111111111100010001010100
111111111111111111111111100010000001000
111111111111111111111111100001110111100
111111111111111111111111100001101110000
111111111111111111111111100001100100100
111111111111111111111111100001011011000
111111111111111111111111100001010001100
111111111111111111111111100001001000000
111111111111111111111111100000111110100
111111111111111111111111100000110101000
111111111111111111111111100000101011100
111111111111111111111111100000100010000
111111111111111111111111100000011000100
111111111111111111111111100000001111000
111111111111111111111111100000000101100
111111111111111111111111011111111100000
111111111111111111111111011111110010100
111111111111111111111111011111101001000
111111111111111111111111011111011111100
111111111111111111111111011111010110000
111111111111111111111111011111001100100
111111111111111111111111011111000011000
111111111111111111111111011110111001100
111111111111111111111111011110110000000
111111111111111111111111011110100110100
111111111111111111111111011110011101000
111111111111111111111111011110010011100
111111111111111111111111011110001010000
111111111111111111111111011110000000100
111111111111111111111111011101110111000
111111111111111111111111011101101101100
111111111111111111111111011101100100000
111111111111111111111111011101011010100
111111111111111111111111011101010001000
111111111111111111111111011101000111100
111111111111111111111111011100111110000
111111111111111111111111011100110100100
111111111111111111111111011100101011000
111111111111111111111111011100100001100
111111111111111111111111011100011000000
111111111111111111111111011100001110100
111111111111111111111111011100000101000
111111111111111111111111011011111011100
111111111111111111111111011011110010000
111111111111111111111111011011101000100
111111111111111111111111011011011111000
111111111111111111111111011011010101100
111111111111111111111111011011001100000
111111111111111111111111011011000010100
111111111111111111111111011010111001000
111111111111111111111111011010101111100
111111111111111111111111011010100110000
111111111111111111111111011010011100100
111111111111111111111111011010010011000
111111111111111111111111011010001001100
