000000000000000000000000000000000000000
000000000000000000000000000000011000111
000000000000000000000000000000110001110
000000000000000000000000000001001010101
000000000000000000000000000001100011100
000000000000000000000000000001111100011
000000000000000000000000000010010101010
000000000000000000000000000010101110001
000000000000000000000000000011000111000
000000000000000000000000000011011111111
000000000000000000000000000011111000110
000000000000000000000000000100010001101
000000000000000000000000000100101010100
000000000000000000000000000101000011011
000000000000000000000000000101011100010
000000000000000000000000000101110101001
000000000000000000000000000110001110000
000000000000000000000000000110100110111
000000000000000000000000000110111111110
000000000000000000000000000111011000101
000000000000000000000000000111110001100
000000000000000000000000001000001010011
000000000000000000000000001000100011010
000000000000000000000000001000111100001
000000000000000000000000001001010101000
000000000000000000000000001001101101111
000000000000000000000000001010000110110
000000000000000000000000001010011111101
000000000000000000000000001010111000100
000000000000000000000000001011010001011
000000000000000000000000001011101010010
000000000000000000000000001100000011001
000000000000000000000000001100011100000
000000000000000000000000001100110100111
000000000000000000000000001101001101110
000000000000000000000000001101100110101
000000000000000000000000001101111111100
000000000000000000000000001110011000011
000000000000000000000000001110110001010
000000000000000000000000001111001010001
000000000000000000000000001111100011000
000000000000000000000000001111111011111
000000000000000000000000010000010100110
000000000000000000000000010000101101101
000000000000000000000000010001000110100
000000000000000000000000010001011111011
000000000000000000000000010001111000010
000000000000000000000000010010010001001
000000000000000000000000010010101010000
000000000000000000000000010011000010111
000000000000000000000000010011011011110
000000000000000000000000010011110100101
000000000000000000000000010100001101100
000000000000000000000000010100100110011
000000000000000000000000010100111111010
000000000000000000000000010101011000001
000000000000000000000000010101110001000
000000000000000000000000010110001001111
000000000000000000000000010110100010110
000000000000000000000000010110111011101
000000000000000000000000010111010100100
000000000000000000000000010111101101011
000000000000000000000000011000000110010
000000000000000000000000011000011111001
000000000000000000000000011000111000000
000000000000000000000000011001010000111
000000000000000000000000011001101001110
000000000000000000000000011010000010101
000000000000000000000000011010011011100
000000000000000000000000011010110100011
000000000000000000000000011011001101010
000000000000000000000000011011100110001
000000000000000000000000011011111111000
000000000000000000000000011100010111111
000000000000000000000000011100110000110
000000000000000000000000011101001001101
000000000000000000000000011101100010100
000000000000000000000000011101111011011
000000000000000000000000011110010100010
000000000000000000000000011110101101001
000000000000000000000000011111000110000
000000000000000000000000011111011110111
000000000000000000000000011111110111110
000000000000000000000000100000010000101
000000000000000000000000100000101001100
000000000000000000000000100001000010011
000000000000000000000000100001011011010
000000000000000000000000100001110100001
000000000000000000000000100010001101000
000000000000000000000000100010100101111
000000000000000000000000100010111110110
000000000000000000000000100011010111101
000000000000000000000000100011110000100
000000000000000000000000100100001001011
000000000000000000000000100100100010010
000000000000000000000000100100111011001
000000000000000000000000100101010100000
000000000000000000000000100101101100111
000000000000000000000000100110000101110
000000000000000000000000100110011110101
000000000000000000000000100110110111100
000000000000000000000000100111010000011
000000000000000000000000100111101001010
000000000000000000000000101000000010001
000000000000000000000000101000011011000
000000000000000000000000101000110011111
000000000000000000000000101001001100110
000000000000000000000000101001100101101
000000000000000000000000101001111110100
000000000000000000000000101010010111011
000000000000000000000000101010110000010
000000000000000000000000101011001001001
000000000000000000000000101011100010000
000000000000000000000000101011111010111
000000000000000000000000101100010011110
000000000000000000000000101100101100101
000000000000000000000000101101000101100
000000000000000000000000101101011110011
000000000000000000000000101101110111010
000000000000000000000000101110010000001
000000000000000000000000101110101001000
000000000000000000000000101111000001111
000000000000000000000000101111011010110
000000000000000000000000101111110011101
000000000000000000000000110000001100100
000000000000000000000000110000100101011
000000000000000000000000110000111110010
000000000000000000000000110001010111001
000000000000000000000000110001110000000
000000000000000000000000110010001000111
000000000000000000000000110010100001110
000000000000000000000000110010111010101
000000000000000000000000110011010011100
000000000000000000000000110011101100011
000000000000000000000000110100000101010
000000000000000000000000110100011110001
000000000000000000000000110100110111000
000000000000000000000000110101001111111
000000000000000000000000110101101000110
000000000000000000000000110110000001101
000000000000000000000000110110011010100
000000000000000000000000110110110011011
000000000000000000000000110111001100010
000000000000000000000000110111100101001
000000000000000000000000110111111110000
000000000000000000000000111000010110111
000000000000000000000000111000101111110
000000000000000000000000111001001000101
000000000000000000000000111001100001100
000000000000000000000000111001111010011
000000000000000000000000111010010011010
000000000000000000000000111010101100001
000000000000000000000000111011000101000
000000000000000000000000111011011101111
000000000000000000000000111011110110110
000000000000000000000000111100001111101
000000000000000000000000111100101000100
000000000000000000000000111101000001011
000000000000000000000000111101011010010
000000000000000000000000111101110011001
000000000000000000000000111110001100000
000000000000000000000000111110100100111
000000000000000000000000111110111101110
000000000000000000000000111111010110101
000000000000000000000000111111101111100
000000000000000000000001000000001000011
000000000000000000000001000000100001010
000000000000000000000001000000111010001
000000000000000000000001000001010011000
000000000000000000000001000001101011111
000000000000000000000001000010000100110
000000000000000000000001000010011101101
000000000000000000000001000010110110100
000000000000000000000001000011001111011
000000000000000000000001000011101000010
000000000000000000000001000100000001001
000000000000000000000001000100011010000
000000000000000000000001000100110010111
000000000000000000000001000101001011110
000000000000000000000001000101100100101
000000000000000000000001000101111101100
000000000000000000000001000110010110011
000000000000000000000001000110101111010
000000000000000000000001000111001000001
000000000000000000000001000111100001000
000000000000000000000001000111111001111
000000000000000000000001001000010010110
000000000000000000000001001000101011101
000000000000000000000001001001000100100
000000000000000000000001001001011101011
000000000000000000000001001001110110010
000000000000000000000001001010001111001
000000000000000000000001001010101000000
000000000000000000000001001011000000111
000000000000000000000001001011011001110
000000000000000000000001001011110010101
000000000000000000000001001100001011100
000000000000000000000001001100100100011
000000000000000000000001001100111101010
000000000000000000000001001101010110001
000000000000000000000001001101101111000
000000000000000000000001001110000111111
000000000000000000000001001110100000110
000000000000000000000001001110111001101
000000000000000000000001001111010010100
000000000000000000000001001111101011011
000000000000000000000001010000000100010
000000000000000000000001010000011101001
000000000000000000000001010000110110000
000000000000000000000001010001001110111
000000000000000000000001010001100111110
000000000000000000000001010010000000101
000000000000000000000001010010011001100
000000000000000000000001010010110010011
000000000000000000000001010011001011010
000000000000000000000001010011100100001
000000000000000000000001010011111101000
000000000000000000000001010100010101111
000000000000000000000001010100101110110
000000000000000000000001010101000111101
000000000000000000000001010101100000100
000000000000000000000001010101111001011
000000000000000000000001010110010010010
000000000000000000000001010110101011001
000000000000000000000001010111000100000
000000000000000000000001010111011100111
000000000000000000000001010111110101110
000000000000000000000001011000001110101
000000000000000000000001011000100111100
000000000000000000000001011001000000011
000000000000000000000001011001011001010
000000000000000000000001011001110010001
000000000000000000000001011010001011000
000000000000000000000001011010100011111
000000000000000000000001011010111100110
000000000000000000000001011011010101101
000000000000000000000001011011101110100
000000000000000000000001011100000111011
000000000000000000000001011100100000010
000000000000000000000001011100111001001
000000000000000000000001011101010010000
000000000000000000000001011101101010111
000000000000000000000001011110000011110
000000000000000000000001011110011100101
000000000000000000000001011110110101100
000000000000000000000001011111001110011
000000000000000000000001011111100111010
000000000000000000000001100000000000001
000000000000000000000001100000011001000
000000000000000000000001100000110001111
000000000000000000000001100001001010110
000000000000000000000001100001100011101
000000000000000000000001100001111100100
000000000000000000000001100010010101011
000000000000000000000001100010101110010
000000000000000000000001100011000111001
