000000000000000000000000000000000000000
000000000000000000000000000000011000001
000000000000000000000000000000110000010
000000000000000000000000000001001000011
000000000000000000000000000001100000100
000000000000000000000000000001111000101
000000000000000000000000000010010000110
000000000000000000000000000010101000111
000000000000000000000000000011000001000
000000000000000000000000000011011001001
000000000000000000000000000011110001010
000000000000000000000000000100001001011
000000000000000000000000000100100001100
000000000000000000000000000100111001101
000000000000000000000000000101010001110
000000000000000000000000000101101001111
000000000000000000000000000110000010000
000000000000000000000000000110011010001
000000000000000000000000000110110010010
000000000000000000000000000111001010011
000000000000000000000000000111100010100
000000000000000000000000000111111010101
000000000000000000000000001000010010110
000000000000000000000000001000101010111
000000000000000000000000001001000011000
000000000000000000000000001001011011001
000000000000000000000000001001110011010
000000000000000000000000001010001011011
000000000000000000000000001010100011100
000000000000000000000000001010111011101
000000000000000000000000001011010011110
000000000000000000000000001011101011111
000000000000000000000000001100000100000
000000000000000000000000001100011100001
000000000000000000000000001100110100010
000000000000000000000000001101001100011
000000000000000000000000001101100100100
000000000000000000000000001101111100101
000000000000000000000000001110010100110
000000000000000000000000001110101100111
000000000000000000000000001111000101000
000000000000000000000000001111011101001
000000000000000000000000001111110101010
000000000000000000000000010000001101011
000000000000000000000000010000100101100
000000000000000000000000010000111101101
000000000000000000000000010001010101110
000000000000000000000000010001101101111
000000000000000000000000010010000110000
000000000000000000000000010010011110001
000000000000000000000000010010110110010
000000000000000000000000010011001110011
000000000000000000000000010011100110100
000000000000000000000000010011111110101
000000000000000000000000010100010110110
000000000000000000000000010100101110111
000000000000000000000000010101000111000
000000000000000000000000010101011111001
000000000000000000000000010101110111010
000000000000000000000000010110001111011
000000000000000000000000010110100111100
000000000000000000000000010110111111101
000000000000000000000000010111010111110
000000000000000000000000010111101111111
000000000000000000000000011000001000000
000000000000000000000000011000100000001
000000000000000000000000011000111000010
000000000000000000000000011001010000011
000000000000000000000000011001101000100
000000000000000000000000011010000000101
000000000000000000000000011010011000110
000000000000000000000000011010110000111
000000000000000000000000011011001001000
000000000000000000000000011011100001001
000000000000000000000000011011111001010
000000000000000000000000011100010001011
000000000000000000000000011100101001100
000000000000000000000000011101000001101
000000000000000000000000011101011001110
000000000000000000000000011101110001111
000000000000000000000000011110001010000
000000000000000000000000011110100010001
000000000000000000000000011110111010010
000000000000000000000000011111010010011
000000000000000000000000011111101010100
000000000000000000000000100000000010101
000000000000000000000000100000011010110
000000000000000000000000100000110010111
000000000000000000000000100001001011000
000000000000000000000000100001100011001
000000000000000000000000100001111011010
000000000000000000000000100010010011011
000000000000000000000000100010101011100
000000000000000000000000100011000011101
000000000000000000000000100011011011110
000000000000000000000000100011110011111
000000000000000000000000100100001100000
000000000000000000000000100100100100001
000000000000000000000000100100111100010
000000000000000000000000100101010100011
000000000000000000000000100101101100100
000000000000000000000000100110000100101
000000000000000000000000100110011100110
000000000000000000000000100110110100111
000000000000000000000000100111001101000
000000000000000000000000100111100101001
000000000000000000000000100111111101010
000000000000000000000000101000010101011
000000000000000000000000101000101101100
000000000000000000000000101001000101101
000000000000000000000000101001011101110
000000000000000000000000101001110101111
000000000000000000000000101010001110000
000000000000000000000000101010100110001
000000000000000000000000101010111110010
000000000000000000000000101011010110011
000000000000000000000000101011101110100
000000000000000000000000101100000110101
000000000000000000000000101100011110110
000000000000000000000000101100110110111
000000000000000000000000101101001111000
000000000000000000000000101101100111001
000000000000000000000000101101111111010
000000000000000000000000101110010111011
000000000000000000000000101110101111100
000000000000000000000000101111000111101
000000000000000000000000101111011111110
000000000000000000000000101111110111111
000000000000000000000000110000010000000
000000000000000000000000110000101000001
000000000000000000000000110001000000010
000000000000000000000000110001011000011
000000000000000000000000110001110000100
000000000000000000000000110010001000101
000000000000000000000000110010100000110
000000000000000000000000110010111000111
000000000000000000000000110011010001000
000000000000000000000000110011101001001
000000000000000000000000110100000001010
000000000000000000000000110100011001011
000000000000000000000000110100110001100
000000000000000000000000110101001001101
000000000000000000000000110101100001110
000000000000000000000000110101111001111
000000000000000000000000110110010010000
000000000000000000000000110110101010001
000000000000000000000000110111000010010
000000000000000000000000110111011010011
000000000000000000000000110111110010100
000000000000000000000000111000001010101
000000000000000000000000111000100010110
000000000000000000000000111000111010111
000000000000000000000000111001010011000
000000000000000000000000111001101011001
000000000000000000000000111010000011010
000000000000000000000000111010011011011
000000000000000000000000111010110011100
000000000000000000000000111011001011101
000000000000000000000000111011100011110
000000000000000000000000111011111011111
000000000000000000000000111100010100000
000000000000000000000000111100101100001
000000000000000000000000111101000100010
000000000000000000000000111101011100011
000000000000000000000000111101110100100
000000000000000000000000111110001100101
000000000000000000000000111110100100110
000000000000000000000000111110111100111
000000000000000000000000111111010101000
000000000000000000000000111111101101001
000000000000000000000001000000000101010
000000000000000000000001000000011101011
000000000000000000000001000000110101100
000000000000000000000001000001001101101
000000000000000000000001000001100101110
000000000000000000000001000001111101111
000000000000000000000001000010010110000
000000000000000000000001000010101110001
000000000000000000000001000011000110010
000000000000000000000001000011011110011
000000000000000000000001000011110110100
000000000000000000000001000100001110101
000000000000000000000001000100100110110
000000000000000000000001000100111110111
000000000000000000000001000101010111000
000000000000000000000001000101101111001
000000000000000000000001000110000111010
000000000000000000000001000110011111011
000000000000000000000001000110110111100
000000000000000000000001000111001111101
000000000000000000000001000111100111110
000000000000000000000001000111111111111
000000000000000000000001001000011000000
000000000000000000000001001000110000001
000000000000000000000001001001001000010
000000000000000000000001001001100000011
000000000000000000000001001001111000100
000000000000000000000001001010010000101
000000000000000000000001001010101000110
000000000000000000000001001011000000111
000000000000000000000001001011011001000
000000000000000000000001001011110001001
000000000000000000000001001100001001010
000000000000000000000001001100100001011
000000000000000000000001001100111001100
000000000000000000000001001101010001101
000000000000000000000001001101101001110
000000000000000000000001001110000001111
000000000000000000000001001110011010000
000000000000000000000001001110110010001
000000000000000000000001001111001010010
000000000000000000000001001111100010011
000000000000000000000001001111111010100
000000000000000000000001010000010010101
000000000000000000000001010000101010110
000000000000000000000001010001000010111
000000000000000000000001010001011011000
000000000000000000000001010001110011001
000000000000000000000001010010001011010
000000000000000000000001010010100011011
000000000000000000000001010010111011100
000000000000000000000001010011010011101
000000000000000000000001010011101011110
000000000000000000000001010100000011111
000000000000000000000001010100011100000
000000000000000000000001010100110100001
000000000000000000000001010101001100010
000000000000000000000001010101100100011
000000000000000000000001010101111100100
000000000000000000000001010110010100101
000000000000000000000001010110101100110
000000000000000000000001010111000100111
000000000000000000000001010111011101000
000000000000000000000001010111110101001
000000000000000000000001011000001101010
000000000000000000000001011000100101011
000000000000000000000001011000111101100
000000000000000000000001011001010101101
000000000000000000000001011001101101110
000000000000000000000001011010000101111
000000000000000000000001011010011110000
000000000000000000000001011010110110001
000000000000000000000001011011001110010
000000000000000000000001011011100110011
000000000000000000000001011011111110100
000000000000000000000001011100010110101
000000000000000000000001011100101110110
000000000000000000000001011101000110111
000000000000000000000001011101011111000
000000000000000000000001011101110111001
000000000000000000000001011110001111010
000000000000000000000001011110100111011
000000000000000000000001011110111111100
000000000000000000000001011111010111101
000000000000000000000001011111101111110
000000000000000000000001100000000111111
