000000000000000000000000000000000000000
000000000000000000000000000000011110011
000000000000000000000000000000111100110
000000000000000000000000000001011011001
000000000000000000000000000001111001100
000000000000000000000000000010010111111
000000000000000000000000000010110110010
000000000000000000000000000011010100101
000000000000000000000000000011110011000
000000000000000000000000000100010001011
000000000000000000000000000100101111110
000000000000000000000000000101001110001
000000000000000000000000000101101100100
000000000000000000000000000110001010111
000000000000000000000000000110101001010
000000000000000000000000000111000111101
000000000000000000000000000111100110000
000000000000000000000000001000000100011
000000000000000000000000001000100010110
000000000000000000000000001001000001001
000000000000000000000000001001011111100
000000000000000000000000001001111101111
000000000000000000000000001010011100010
000000000000000000000000001010111010101
000000000000000000000000001011011001000
000000000000000000000000001011110111011
000000000000000000000000001100010101110
000000000000000000000000001100110100001
000000000000000000000000001101010010100
000000000000000000000000001101110000111
000000000000000000000000001110001111010
000000000000000000000000001110101101101
000000000000000000000000001111001100000
000000000000000000000000001111101010011
000000000000000000000000010000001000110
000000000000000000000000010000100111001
000000000000000000000000010001000101100
000000000000000000000000010001100011111
000000000000000000000000010010000010010
000000000000000000000000010010100000101
000000000000000000000000010010111111000
000000000000000000000000010011011101011
000000000000000000000000010011111011110
000000000000000000000000010100011010001
000000000000000000000000010100111000100
000000000000000000000000010101010110111
000000000000000000000000010101110101010
000000000000000000000000010110010011101
000000000000000000000000010110110010000
000000000000000000000000010111010000011
000000000000000000000000010111101110110
000000000000000000000000011000001101001
000000000000000000000000011000101011100
000000000000000000000000011001001001111
000000000000000000000000011001101000010
000000000000000000000000011010000110101
000000000000000000000000011010100101000
000000000000000000000000011011000011011
000000000000000000000000011011100001110
000000000000000000000000011100000000001
000000000000000000000000011100011110100
000000000000000000000000011100111100111
000000000000000000000000011101011011010
000000000000000000000000011101111001101
000000000000000000000000011110011000000
000000000000000000000000011110110110011
000000000000000000000000011111010100110
000000000000000000000000011111110011001
000000000000000000000000100000010001100
000000000000000000000000100000101111111
000000000000000000000000100001001110010
000000000000000000000000100001101100101
000000000000000000000000100010001011000
000000000000000000000000100010101001011
000000000000000000000000100011000111110
000000000000000000000000100011100110001
000000000000000000000000100100000100100
000000000000000000000000100100100010111
000000000000000000000000100101000001010
000000000000000000000000100101011111101
000000000000000000000000100101111110000
000000000000000000000000100110011100011
000000000000000000000000100110111010110
000000000000000000000000100111011001001
000000000000000000000000100111110111100
000000000000000000000000101000010101111
000000000000000000000000101000110100010
000000000000000000000000101001010010101
000000000000000000000000101001110001000
000000000000000000000000101010001111011
000000000000000000000000101010101101110
000000000000000000000000101011001100001
000000000000000000000000101011101010100
000000000000000000000000101100001000111
000000000000000000000000101100100111010
000000000000000000000000101101000101101
000000000000000000000000101101100100000
000000000000000000000000101110000010011
000000000000000000000000101110100000110
000000000000000000000000101110111111001
000000000000000000000000101111011101100
000000000000000000000000101111111011111
000000000000000000000000110000011010010
000000000000000000000000110000111000101
000000000000000000000000110001010111000
000000000000000000000000110001110101011
000000000000000000000000110010010011110
000000000000000000000000110010110010001
000000000000000000000000110011010000100
000000000000000000000000110011101110111
000000000000000000000000110100001101010
000000000000000000000000110100101011101
000000000000000000000000110101001010000
000000000000000000000000110101101000011
000000000000000000000000110110000110110
000000000000000000000000110110100101001
000000000000000000000000110111000011100
000000000000000000000000110111100001111
000000000000000000000000111000000000010
000000000000000000000000111000011110101
000000000000000000000000111000111101000
000000000000000000000000111001011011011
000000000000000000000000111001111001110
000000000000000000000000111010011000001
000000000000000000000000111010110110100
000000000000000000000000111011010100111
000000000000000000000000111011110011010
000000000000000000000000111100010001101
000000000000000000000000111100110000000
000000000000000000000000111101001110011
000000000000000000000000111101101100110
000000000000000000000000111110001011001
000000000000000000000000111110101001100
000000000000000000000000111111000111111
000000000000000000000000111111100110010
000000000000000000000001000000000100101
000000000000000000000001000000100011000
000000000000000000000001000001000001011
000000000000000000000001000001011111110
000000000000000000000001000001111110001
000000000000000000000001000010011100100
000000000000000000000001000010111010111
000000000000000000000001000011011001010
000000000000000000000001000011110111101
000000000000000000000001000100010110000
000000000000000000000001000100110100011
000000000000000000000001000101010010110
000000000000000000000001000101110001001
000000000000000000000001000110001111100
000000000000000000000001000110101101111
000000000000000000000001000111001100010
000000000000000000000001000111101010101
000000000000000000000001001000001001000
000000000000000000000001001000100111011
000000000000000000000001001001000101110
000000000000000000000001001001100100001
000000000000000000000001001010000010100
000000000000000000000001001010100000111
000000000000000000000001001010111111010
000000000000000000000001001011011101101
000000000000000000000001001011111100000
000000000000000000000001001100011010011
000000000000000000000001001100111000110
000000000000000000000001001101010111001
000000000000000000000001001101110101100
000000000000000000000001001110010011111
000000000000000000000001001110110010010
000000000000000000000001001111010000101
000000000000000000000001001111101111000
000000000000000000000001010000001101011
000000000000000000000001010000101011110
000000000000000000000001010001001010001
000000000000000000000001010001101000100
000000000000000000000001010010000110111
000000000000000000000001010010100101010
000000000000000000000001010011000011101
000000000000000000000001010011100010000
000000000000000000000001010100000000011
000000000000000000000001010100011110110
000000000000000000000001010100111101001
000000000000000000000001010101011011100
000000000000000000000001010101111001111
000000000000000000000001010110011000010
000000000000000000000001010110110110101
000000000000000000000001010111010101000
000000000000000000000001010111110011011
000000000000000000000001011000010001110
000000000000000000000001011000110000001
000000000000000000000001011001001110100
000000000000000000000001011001101100111
000000000000000000000001011010001011010
000000000000000000000001011010101001101
000000000000000000000001011011001000000
000000000000000000000001011011100110011
000000000000000000000001011100000100110
000000000000000000000001011100100011001
000000000000000000000001011101000001100
000000000000000000000001011101011111111
000000000000000000000001011101111110010
000000000000000000000001011110011100101
000000000000000000000001011110111011000
000000000000000000000001011111011001011
000000000000000000000001011111110111110
000000000000000000000001100000010110001
000000000000000000000001100000110100100
000000000000000000000001100001010010111
000000000000000000000001100001110001010
000000000000000000000001100010001111101
000000000000000000000001100010101110000
000000000000000000000001100011001100011
000000000000000000000001100011101010110
000000000000000000000001100100001001001
000000000000000000000001100100100111100
000000000000000000000001100101000101111
000000000000000000000001100101100100010
000000000000000000000001100110000010101
000000000000000000000001100110100001000
000000000000000000000001100110111111011
000000000000000000000001100111011101110
000000000000000000000001100111111100001
000000000000000000000001101000011010100
000000000000000000000001101000111000111
000000000000000000000001101001010111010
000000000000000000000001101001110101101
000000000000000000000001101010010100000
000000000000000000000001101010110010011
000000000000000000000001101011010000110
000000000000000000000001101011101111001
000000000000000000000001101100001101100
000000000000000000000001101100101011111
000000000000000000000001101101001010010
000000000000000000000001101101101000101
000000000000000000000001101110000111000
000000000000000000000001101110100101011
000000000000000000000001101111000011110
000000000000000000000001101111100010001
000000000000000000000001110000000000100
000000000000000000000001110000011110111
000000000000000000000001110000111101010
000000000000000000000001110001011011101
000000000000000000000001110001111010000
000000000000000000000001110010011000011
000000000000000000000001110010110110110
000000000000000000000001110011010101001
000000000000000000000001110011110011100
000000000000000000000001110100010001111
000000000000000000000001110100110000010
000000000000000000000001110101001110101
000000000000000000000001110101101101000
000000000000000000000001110110001011011
000000000000000000000001110110101001110
000000000000000000000001110111001000001
000000000000000000000001110111100110100
000000000000000000000001111000000100111
000000000000000000000001111000100011010
000000000000000000000001111001000001101
