000000000000000000000000000000000000000
111111111111111111111111111111101100111
111111111111111111111111111111011001110
111111111111111111111111111111000110101
111111111111111111111111111110110011100
111111111111111111111111111110100000011
111111111111111111111111111110001101010
111111111111111111111111111101111010001
111111111111111111111111111101100111000
111111111111111111111111111101010011111
111111111111111111111111111101000000110
111111111111111111111111111100101101101
111111111111111111111111111100011010100
111111111111111111111111111100000111011
111111111111111111111111111011110100010
111111111111111111111111111011100001001
111111111111111111111111111011001110000
111111111111111111111111111010111010111
111111111111111111111111111010100111110
111111111111111111111111111010010100101
111111111111111111111111111010000001100
111111111111111111111111111001101110011
111111111111111111111111111001011011010
111111111111111111111111111001001000001
111111111111111111111111111000110101000
111111111111111111111111111000100001111
111111111111111111111111111000001110110
111111111111111111111111110111111011101
111111111111111111111111110111101000100
111111111111111111111111110111010101011
111111111111111111111111110111000010010
111111111111111111111111110110101111001
111111111111111111111111110110011100000
111111111111111111111111110110001000111
111111111111111111111111110101110101110
111111111111111111111111110101100010101
111111111111111111111111110101001111100
111111111111111111111111110100111100011
111111111111111111111111110100101001010
111111111111111111111111110100010110001
111111111111111111111111110100000011000
111111111111111111111111110011101111111
111111111111111111111111110011011100110
111111111111111111111111110011001001101
111111111111111111111111110010110110100
111111111111111111111111110010100011011
111111111111111111111111110010010000010
111111111111111111111111110001111101001
111111111111111111111111110001101010000
111111111111111111111111110001010110111
111111111111111111111111110001000011110
111111111111111111111111110000110000101
111111111111111111111111110000011101100
111111111111111111111111110000001010011
111111111111111111111111101111110111010
111111111111111111111111101111100100001
111111111111111111111111101111010001000
111111111111111111111111101110111101111
111111111111111111111111101110101010110
111111111111111111111111101110010111101
111111111111111111111111101110000100100
111111111111111111111111101101110001011
111111111111111111111111101101011110010
111111111111111111111111101101001011001
111111111111111111111111101100111000000
111111111111111111111111101100100100111
111111111111111111111111101100010001110
111111111111111111111111101011111110101
111111111111111111111111101011101011100
111111111111111111111111101011011000011
111111111111111111111111101011000101010
111111111111111111111111101010110010001
111111111111111111111111101010011111000
111111111111111111111111101010001011111
111111111111111111111111101001111000110
111111111111111111111111101001100101101
111111111111111111111111101001010010100
111111111111111111111111101000111111011
111111111111111111111111101000101100010
111111111111111111111111101000011001001
111111111111111111111111101000000110000
111111111111111111111111100111110010111
111111111111111111111111100111011111110
111111111111111111111111100111001100101
111111111111111111111111100110111001100
111111111111111111111111100110100110011
111111111111111111111111100110010011010
111111111111111111111111100110000000001
111111111111111111111111100101101101000
111111111111111111111111100101011001111
111111111111111111111111100101000110110
111111111111111111111111100100110011101
111111111111111111111111100100100000100
111111111111111111111111100100001101011
111111111111111111111111100011111010010
111111111111111111111111100011100111001
111111111111111111111111100011010100000
111111111111111111111111100011000000111
111111111111111111111111100010101101110
111111111111111111111111100010011010101
111111111111111111111111100010000111100
111111111111111111111111100001110100011
111111111111111111111111100001100001010
111111111111111111111111100001001110001
111111111111111111111111100000111011000
111111111111111111111111100000100111111
111111111111111111111111100000010100110
111111111111111111111111100000000001101
111111111111111111111111011111101110100
111111111111111111111111011111011011011
111111111111111111111111011111001000010
111111111111111111111111011110110101001
111111111111111111111111011110100010000
111111111111111111111111011110001110111
111111111111111111111111011101111011110
111111111111111111111111011101101000101
111111111111111111111111011101010101100
111111111111111111111111011101000010011
111111111111111111111111011100101111010
111111111111111111111111011100011100001
111111111111111111111111011100001001000
111111111111111111111111011011110101111
111111111111111111111111011011100010110
111111111111111111111111011011001111101
111111111111111111111111011010111100100
111111111111111111111111011010101001011
111111111111111111111111011010010110010
111111111111111111111111011010000011001
111111111111111111111111011001110000000
111111111111111111111111011001011100111
111111111111111111111111011001001001110
111111111111111111111111011000110110101
111111111111111111111111011000100011100
111111111111111111111111011000010000011
111111111111111111111111010111111101010
111111111111111111111111010111101010001
111111111111111111111111010111010111000
111111111111111111111111010111000011111
111111111111111111111111010110110000110
111111111111111111111111010110011101101
111111111111111111111111010110001010100
111111111111111111111111010101110111011
111111111111111111111111010101100100010
111111111111111111111111010101010001001
111111111111111111111111010100111110000
111111111111111111111111010100101010111
111111111111111111111111010100010111110
111111111111111111111111010100000100101
111111111111111111111111010011110001100
111111111111111111111111010011011110011
111111111111111111111111010011001011010
111111111111111111111111010010111000001
111111111111111111111111010010100101000
111111111111111111111111010010010001111
111111111111111111111111010001111110110
111111111111111111111111010001101011101
111111111111111111111111010001011000100
111111111111111111111111010001000101011
111111111111111111111111010000110010010
111111111111111111111111010000011111001
111111111111111111111111010000001100000
111111111111111111111111001111111000111
111111111111111111111111001111100101110
111111111111111111111111001111010010101
111111111111111111111111001110111111100
111111111111111111111111001110101100011
111111111111111111111111001110011001010
111111111111111111111111001110000110001
111111111111111111111111001101110011000
111111111111111111111111001101011111111
111111111111111111111111001101001100110
111111111111111111111111001100111001101
111111111111111111111111001100100110100
111111111111111111111111001100010011011
111111111111111111111111001100000000010
111111111111111111111111001011101101001
111111111111111111111111001011011010000
111111111111111111111111001011000110111
111111111111111111111111001010110011110
111111111111111111111111001010100000101
111111111111111111111111001010001101100
111111111111111111111111001001111010011
111111111111111111111111001001100111010
111111111111111111111111001001010100001
111111111111111111111111001001000001000
111111111111111111111111001000101101111
111111111111111111111111001000011010110
111111111111111111111111001000000111101
111111111111111111111111000111110100100
111111111111111111111111000111100001011
111111111111111111111111000111001110010
111111111111111111111111000110111011001
111111111111111111111111000110101000000
111111111111111111111111000110010100111
111111111111111111111111000110000001110
111111111111111111111111000101101110101
111111111111111111111111000101011011100
111111111111111111111111000101001000011
111111111111111111111111000100110101010
111111111111111111111111000100100010001
111111111111111111111111000100001111000
111111111111111111111111000011111011111
111111111111111111111111000011101000110
111111111111111111111111000011010101101
111111111111111111111111000011000010100
111111111111111111111111000010101111011
111111111111111111111111000010011100010
111111111111111111111111000010001001001
111111111111111111111111000001110110000
111111111111111111111111000001100010111
111111111111111111111111000001001111110
111111111111111111111111000000111100101
111111111111111111111111000000101001100
111111111111111111111111000000010110011
111111111111111111111111000000000011010
111111111111111111111110111111110000001
111111111111111111111110111111011101000
111111111111111111111110111111001001111
111111111111111111111110111110110110110
111111111111111111111110111110100011101
111111111111111111111110111110010000100
111111111111111111111110111101111101011
111111111111111111111110111101101010010
111111111111111111111110111101010111001
111111111111111111111110111101000100000
111111111111111111111110111100110000111
111111111111111111111110111100011101110
111111111111111111111110111100001010101
111111111111111111111110111011110111100
111111111111111111111110111011100100011
111111111111111111111110111011010001010
111111111111111111111110111010111110001
111111111111111111111110111010101011000
111111111111111111111110111010010111111
111111111111111111111110111010000100110
111111111111111111111110111001110001101
111111111111111111111110111001011110100
111111111111111111111110111001001011011
111111111111111111111110111000111000010
111111111111111111111110111000100101001
111111111111111111111110111000010010000
111111111111111111111110110111111110111
111111111111111111111110110111101011110
111111111111111111111110110111011000101
111111111111111111111110110111000101100
111111111111111111111110110110110010011
111111111111111111111110110110011111010
111111111111111111111110110110001100001
111111111111111111111110110101111001000
111111111111111111111110110101100101111
111111111111111111111110110101010010110
111111111111111111111110110100111111101
111111111111111111111110110100101100100
111111111111111111111110110100011001011
111111111111111111111110110100000110010
111111111111111111111110110011110011001
