000000000000000000000000000000000000000
000000000000000000000000000000011110110
000000000000000000000000000000111101100
000000000000000000000000000001011100010
000000000000000000000000000001111011000
000000000000000000000000000010011001110
000000000000000000000000000010111000100
000000000000000000000000000011010111010
000000000000000000000000000011110110000
000000000000000000000000000100010100110
000000000000000000000000000100110011100
000000000000000000000000000101010010010
000000000000000000000000000101110001000
000000000000000000000000000110001111110
000000000000000000000000000110101110100
000000000000000000000000000111001101010
000000000000000000000000000111101100000
000000000000000000000000001000001010110
000000000000000000000000001000101001100
000000000000000000000000001001001000010
000000000000000000000000001001100111000
000000000000000000000000001010000101110
000000000000000000000000001010100100100
000000000000000000000000001011000011010
000000000000000000000000001011100010000
000000000000000000000000001100000000110
000000000000000000000000001100011111100
000000000000000000000000001100111110010
000000000000000000000000001101011101000
000000000000000000000000001101111011110
000000000000000000000000001110011010100
000000000000000000000000001110111001010
000000000000000000000000001111011000000
000000000000000000000000001111110110110
000000000000000000000000010000010101100
000000000000000000000000010000110100010
000000000000000000000000010001010011000
000000000000000000000000010001110001110
000000000000000000000000010010010000100
000000000000000000000000010010101111010
000000000000000000000000010011001110000
000000000000000000000000010011101100110
000000000000000000000000010100001011100
000000000000000000000000010100101010010
000000000000000000000000010101001001000
000000000000000000000000010101100111110
000000000000000000000000010110000110100
000000000000000000000000010110100101010
000000000000000000000000010111000100000
000000000000000000000000010111100010110
000000000000000000000000011000000001100
000000000000000000000000011000100000010
000000000000000000000000011000111111000
000000000000000000000000011001011101110
000000000000000000000000011001111100100
000000000000000000000000011010011011010
000000000000000000000000011010111010000
000000000000000000000000011011011000110
000000000000000000000000011011110111100
000000000000000000000000011100010110010
000000000000000000000000011100110101000
000000000000000000000000011101010011110
000000000000000000000000011101110010100
000000000000000000000000011110010001010
000000000000000000000000011110110000000
000000000000000000000000011111001110110
000000000000000000000000011111101101100
000000000000000000000000100000001100010
000000000000000000000000100000101011000
000000000000000000000000100001001001110
000000000000000000000000100001101000100
000000000000000000000000100010000111010
000000000000000000000000100010100110000
000000000000000000000000100011000100110
000000000000000000000000100011100011100
000000000000000000000000100100000010010
000000000000000000000000100100100001000
000000000000000000000000100100111111110
000000000000000000000000100101011110100
000000000000000000000000100101111101010
000000000000000000000000100110011100000
000000000000000000000000100110111010110
000000000000000000000000100111011001100
000000000000000000000000100111111000010
000000000000000000000000101000010111000
000000000000000000000000101000110101110
000000000000000000000000101001010100100
000000000000000000000000101001110011010
000000000000000000000000101010010010000
000000000000000000000000101010110000110
000000000000000000000000101011001111100
000000000000000000000000101011101110010
000000000000000000000000101100001101000
000000000000000000000000101100101011110
000000000000000000000000101101001010100
000000000000000000000000101101101001010
000000000000000000000000101110001000000
000000000000000000000000101110100110110
000000000000000000000000101111000101100
000000000000000000000000101111100100010
000000000000000000000000110000000011000
000000000000000000000000110000100001110
000000000000000000000000110001000000100
000000000000000000000000110001011111010
000000000000000000000000110001111110000
000000000000000000000000110010011100110
000000000000000000000000110010111011100
000000000000000000000000110011011010010
000000000000000000000000110011111001000
000000000000000000000000110100010111110
000000000000000000000000110100110110100
000000000000000000000000110101010101010
000000000000000000000000110101110100000
000000000000000000000000110110010010110
000000000000000000000000110110110001100
000000000000000000000000110111010000010
000000000000000000000000110111101111000
000000000000000000000000111000001101110
000000000000000000000000111000101100100
000000000000000000000000111001001011010
000000000000000000000000111001101010000
000000000000000000000000111010001000110
000000000000000000000000111010100111100
000000000000000000000000111011000110010
000000000000000000000000111011100101000
000000000000000000000000111100000011110
000000000000000000000000111100100010100
000000000000000000000000111101000001010
000000000000000000000000111101100000000
000000000000000000000000111101111110110
000000000000000000000000111110011101100
000000000000000000000000111110111100010
000000000000000000000000111111011011000
000000000000000000000000111111111001110
000000000000000000000001000000011000100
000000000000000000000001000000110111010
000000000000000000000001000001010110000
000000000000000000000001000001110100110
000000000000000000000001000010010011100
000000000000000000000001000010110010010
000000000000000000000001000011010001000
000000000000000000000001000011101111110
000000000000000000000001000100001110100
000000000000000000000001000100101101010
000000000000000000000001000101001100000
000000000000000000000001000101101010110
000000000000000000000001000110001001100
000000000000000000000001000110101000010
000000000000000000000001000111000111000
000000000000000000000001000111100101110
000000000000000000000001001000000100100
000000000000000000000001001000100011010
000000000000000000000001001001000010000
000000000000000000000001001001100000110
000000000000000000000001001001111111100
000000000000000000000001001010011110010
000000000000000000000001001010111101000
000000000000000000000001001011011011110
000000000000000000000001001011111010100
000000000000000000000001001100011001010
000000000000000000000001001100111000000
000000000000000000000001001101010110110
000000000000000000000001001101110101100
000000000000000000000001001110010100010
000000000000000000000001001110110011000
000000000000000000000001001111010001110
000000000000000000000001001111110000100
000000000000000000000001010000001111010
000000000000000000000001010000101110000
000000000000000000000001010001001100110
000000000000000000000001010001101011100
000000000000000000000001010010001010010
000000000000000000000001010010101001000
000000000000000000000001010011000111110
000000000000000000000001010011100110100
000000000000000000000001010100000101010
000000000000000000000001010100100100000
000000000000000000000001010101000010110
000000000000000000000001010101100001100
000000000000000000000001010110000000010
000000000000000000000001010110011111000
000000000000000000000001010110111101110
000000000000000000000001010111011100100
000000000000000000000001010111111011010
000000000000000000000001011000011010000
000000000000000000000001011000111000110
000000000000000000000001011001010111100
000000000000000000000001011001110110010
000000000000000000000001011010010101000
000000000000000000000001011010110011110
000000000000000000000001011011010010100
000000000000000000000001011011110001010
000000000000000000000001011100010000000
000000000000000000000001011100101110110
000000000000000000000001011101001101100
000000000000000000000001011101101100010
000000000000000000000001011110001011000
000000000000000000000001011110101001110
000000000000000000000001011111001000100
000000000000000000000001011111100111010
000000000000000000000001100000000110000
000000000000000000000001100000100100110
000000000000000000000001100001000011100
000000000000000000000001100001100010010
000000000000000000000001100010000001000
000000000000000000000001100010011111110
000000000000000000000001100010111110100
000000000000000000000001100011011101010
000000000000000000000001100011111100000
000000000000000000000001100100011010110
000000000000000000000001100100111001100
000000000000000000000001100101011000010
000000000000000000000001100101110111000
000000000000000000000001100110010101110
000000000000000000000001100110110100100
000000000000000000000001100111010011010
000000000000000000000001100111110010000
000000000000000000000001101000010000110
000000000000000000000001101000101111100
000000000000000000000001101001001110010
000000000000000000000001101001101101000
000000000000000000000001101010001011110
000000000000000000000001101010101010100
000000000000000000000001101011001001010
000000000000000000000001101011101000000
000000000000000000000001101100000110110
000000000000000000000001101100100101100
000000000000000000000001101101000100010
000000000000000000000001101101100011000
000000000000000000000001101110000001110
000000000000000000000001101110100000100
000000000000000000000001101110111111010
000000000000000000000001101111011110000
000000000000000000000001101111111100110
000000000000000000000001110000011011100
000000000000000000000001110000111010010
000000000000000000000001110001011001000
000000000000000000000001110001110111110
000000000000000000000001110010010110100
000000000000000000000001110010110101010
000000000000000000000001110011010100000
000000000000000000000001110011110010110
000000000000000000000001110100010001100
000000000000000000000001110100110000010
000000000000000000000001110101001111000
000000000000000000000001110101101101110
000000000000000000000001110110001100100
000000000000000000000001110110101011010
000000000000000000000001110111001010000
000000000000000000000001110111101000110
000000000000000000000001111000000111100
000000000000000000000001111000100110010
000000000000000000000001111001000101000
000000000000000000000001111001100011110
000000000000000000000001111010000010100
000000000000000000000001111010100001010
