000000000000000000000000000000000000000
000000000000000000000000000000001101001
000000000000000000000000000000011010010
000000000000000000000000000000100111011
000000000000000000000000000000110100100
000000000000000000000000000001000001101
000000000000000000000000000001001110110
000000000000000000000000000001011011111
000000000000000000000000000001101001000
000000000000000000000000000001110110001
000000000000000000000000000010000011010
000000000000000000000000000010010000011
000000000000000000000000000010011101100
000000000000000000000000000010101010101
000000000000000000000000000010110111110
000000000000000000000000000011000100111
000000000000000000000000000011010010000
000000000000000000000000000011011111001
000000000000000000000000000011101100010
000000000000000000000000000011111001011
000000000000000000000000000100000110100
000000000000000000000000000100010011101
000000000000000000000000000100100000110
000000000000000000000000000100101101111
000000000000000000000000000100111011000
000000000000000000000000000101001000001
000000000000000000000000000101010101010
000000000000000000000000000101100010011
000000000000000000000000000101101111100
000000000000000000000000000101111100101
000000000000000000000000000110001001110
000000000000000000000000000110010110111
000000000000000000000000000110100100000
000000000000000000000000000110110001001
000000000000000000000000000110111110010
000000000000000000000000000111001011011
000000000000000000000000000111011000100
000000000000000000000000000111100101101
000000000000000000000000000111110010110
000000000000000000000000000111111111111
000000000000000000000000001000001101000
000000000000000000000000001000011010001
000000000000000000000000001000100111010
000000000000000000000000001000110100011
000000000000000000000000001001000001100
000000000000000000000000001001001110101
000000000000000000000000001001011011110
000000000000000000000000001001101000111
000000000000000000000000001001110110000
000000000000000000000000001010000011001
000000000000000000000000001010010000010
000000000000000000000000001010011101011
000000000000000000000000001010101010100
000000000000000000000000001010110111101
000000000000000000000000001011000100110
000000000000000000000000001011010001111
000000000000000000000000001011011111000
000000000000000000000000001011101100001
000000000000000000000000001011111001010
000000000000000000000000001100000110011
000000000000000000000000001100010011100
000000000000000000000000001100100000101
000000000000000000000000001100101101110
000000000000000000000000001100111010111
000000000000000000000000001101001000000
000000000000000000000000001101010101001
000000000000000000000000001101100010010
000000000000000000000000001101101111011
000000000000000000000000001101111100100
000000000000000000000000001110001001101
000000000000000000000000001110010110110
000000000000000000000000001110100011111
000000000000000000000000001110110001000
000000000000000000000000001110111110001
000000000000000000000000001111001011010
000000000000000000000000001111011000011
000000000000000000000000001111100101100
000000000000000000000000001111110010101
000000000000000000000000001111111111110
000000000000000000000000010000001100111
000000000000000000000000010000011010000
000000000000000000000000010000100111001
000000000000000000000000010000110100010
000000000000000000000000010001000001011
000000000000000000000000010001001110100
000000000000000000000000010001011011101
000000000000000000000000010001101000110
000000000000000000000000010001110101111
000000000000000000000000010010000011000
000000000000000000000000010010010000001
000000000000000000000000010010011101010
000000000000000000000000010010101010011
000000000000000000000000010010110111100
000000000000000000000000010011000100101
000000000000000000000000010011010001110
000000000000000000000000010011011110111
000000000000000000000000010011101100000
000000000000000000000000010011111001001
000000000000000000000000010100000110010
000000000000000000000000010100010011011
000000000000000000000000010100100000100
000000000000000000000000010100101101101
000000000000000000000000010100111010110
000000000000000000000000010101000111111
000000000000000000000000010101010101000
000000000000000000000000010101100010001
000000000000000000000000010101101111010
000000000000000000000000010101111100011
000000000000000000000000010110001001100
000000000000000000000000010110010110101
000000000000000000000000010110100011110
000000000000000000000000010110110000111
000000000000000000000000010110111110000
000000000000000000000000010111001011001
000000000000000000000000010111011000010
000000000000000000000000010111100101011
000000000000000000000000010111110010100
000000000000000000000000010111111111101
000000000000000000000000011000001100110
000000000000000000000000011000011001111
000000000000000000000000011000100111000
000000000000000000000000011000110100001
000000000000000000000000011001000001010
000000000000000000000000011001001110011
000000000000000000000000011001011011100
000000000000000000000000011001101000101
000000000000000000000000011001110101110
000000000000000000000000011010000010111
000000000000000000000000011010010000000
000000000000000000000000011010011101001
000000000000000000000000011010101010010
000000000000000000000000011010110111011
000000000000000000000000011011000100100
000000000000000000000000011011010001101
000000000000000000000000011011011110110
000000000000000000000000011011101011111
000000000000000000000000011011111001000
000000000000000000000000011100000110001
000000000000000000000000011100010011010
000000000000000000000000011100100000011
000000000000000000000000011100101101100
000000000000000000000000011100111010101
000000000000000000000000011101000111110
000000000000000000000000011101010100111
000000000000000000000000011101100010000
000000000000000000000000011101101111001
000000000000000000000000011101111100010
000000000000000000000000011110001001011
000000000000000000000000011110010110100
000000000000000000000000011110100011101
000000000000000000000000011110110000110
000000000000000000000000011110111101111
000000000000000000000000011111001011000
000000000000000000000000011111011000001
000000000000000000000000011111100101010
000000000000000000000000011111110010011
000000000000000000000000011111111111100
000000000000000000000000100000001100101
000000000000000000000000100000011001110
000000000000000000000000100000100110111
000000000000000000000000100000110100000
000000000000000000000000100001000001001
000000000000000000000000100001001110010
000000000000000000000000100001011011011
000000000000000000000000100001101000100
000000000000000000000000100001110101101
000000000000000000000000100010000010110
000000000000000000000000100010001111111
000000000000000000000000100010011101000
000000000000000000000000100010101010001
000000000000000000000000100010110111010
000000000000000000000000100011000100011
000000000000000000000000100011010001100
000000000000000000000000100011011110101
000000000000000000000000100011101011110
000000000000000000000000100011111000111
000000000000000000000000100100000110000
000000000000000000000000100100010011001
000000000000000000000000100100100000010
000000000000000000000000100100101101011
000000000000000000000000100100111010100
000000000000000000000000100101000111101
000000000000000000000000100101010100110
000000000000000000000000100101100001111
000000000000000000000000100101101111000
000000000000000000000000100101111100001
000000000000000000000000100110001001010
000000000000000000000000100110010110011
000000000000000000000000100110100011100
000000000000000000000000100110110000101
000000000000000000000000100110111101110
000000000000000000000000100111001010111
000000000000000000000000100111011000000
000000000000000000000000100111100101001
000000000000000000000000100111110010010
000000000000000000000000100111111111011
000000000000000000000000101000001100100
000000000000000000000000101000011001101
000000000000000000000000101000100110110
000000000000000000000000101000110011111
000000000000000000000000101001000001000
000000000000000000000000101001001110001
000000000000000000000000101001011011010
000000000000000000000000101001101000011
000000000000000000000000101001110101100
000000000000000000000000101010000010101
000000000000000000000000101010001111110
000000000000000000000000101010011100111
000000000000000000000000101010101010000
000000000000000000000000101010110111001
000000000000000000000000101011000100010
000000000000000000000000101011010001011
000000000000000000000000101011011110100
000000000000000000000000101011101011101
000000000000000000000000101011111000110
000000000000000000000000101100000101111
000000000000000000000000101100010011000
000000000000000000000000101100100000001
000000000000000000000000101100101101010
000000000000000000000000101100111010011
000000000000000000000000101101000111100
000000000000000000000000101101010100101
000000000000000000000000101101100001110
000000000000000000000000101101101110111
000000000000000000000000101101111100000
000000000000000000000000101110001001001
000000000000000000000000101110010110010
000000000000000000000000101110100011011
000000000000000000000000101110110000100
000000000000000000000000101110111101101
000000000000000000000000101111001010110
000000000000000000000000101111010111111
000000000000000000000000101111100101000
000000000000000000000000101111110010001
000000000000000000000000101111111111010
000000000000000000000000110000001100011
000000000000000000000000110000011001100
000000000000000000000000110000100110101
000000000000000000000000110000110011110
000000000000000000000000110001000000111
000000000000000000000000110001001110000
000000000000000000000000110001011011001
000000000000000000000000110001101000010
000000000000000000000000110001110101011
000000000000000000000000110010000010100
000000000000000000000000110010001111101
000000000000000000000000110010011100110
000000000000000000000000110010101001111
000000000000000000000000110010110111000
000000000000000000000000110011000100001
000000000000000000000000110011010001010
000000000000000000000000110011011110011
000000000000000000000000110011101011100
000000000000000000000000110011111000101
000000000000000000000000110100000101110
000000000000000000000000110100010010111
