000000000000000000000000000000000000000
111111111111111111111111111111100111110
111111111111111111111111111111001111100
111111111111111111111111111110110111010
111111111111111111111111111110011111000
111111111111111111111111111110000110110
111111111111111111111111111101101110100
111111111111111111111111111101010110010
111111111111111111111111111100111110000
111111111111111111111111111100100101110
111111111111111111111111111100001101100
111111111111111111111111111011110101010
111111111111111111111111111011011101000
111111111111111111111111111011000100110
111111111111111111111111111010101100100
111111111111111111111111111010010100010
111111111111111111111111111001111100000
111111111111111111111111111001100011110
111111111111111111111111111001001011100
111111111111111111111111111000110011010
111111111111111111111111111000011011000
111111111111111111111111111000000010110
111111111111111111111111110111101010100
111111111111111111111111110111010010010
111111111111111111111111110110111010000
111111111111111111111111110110100001110
111111111111111111111111110110001001100
111111111111111111111111110101110001010
111111111111111111111111110101011001000
111111111111111111111111110101000000110
111111111111111111111111110100101000100
111111111111111111111111110100010000010
111111111111111111111111110011111000000
111111111111111111111111110011011111110
111111111111111111111111110011000111100
111111111111111111111111110010101111010
111111111111111111111111110010010111000
111111111111111111111111110001111110110
111111111111111111111111110001100110100
111111111111111111111111110001001110010
111111111111111111111111110000110110000
111111111111111111111111110000011101110
111111111111111111111111110000000101100
111111111111111111111111101111101101010
111111111111111111111111101111010101000
111111111111111111111111101110111100110
111111111111111111111111101110100100100
111111111111111111111111101110001100010
111111111111111111111111101101110100000
111111111111111111111111101101011011110
111111111111111111111111101101000011100
111111111111111111111111101100101011010
111111111111111111111111101100010011000
111111111111111111111111101011111010110
111111111111111111111111101011100010100
111111111111111111111111101011001010010
111111111111111111111111101010110010000
111111111111111111111111101010011001110
111111111111111111111111101010000001100
111111111111111111111111101001101001010
111111111111111111111111101001010001000
111111111111111111111111101000111000110
111111111111111111111111101000100000100
111111111111111111111111101000001000010
111111111111111111111111100111110000000
111111111111111111111111100111010111110
111111111111111111111111100110111111100
111111111111111111111111100110100111010
111111111111111111111111100110001111000
111111111111111111111111100101110110110
111111111111111111111111100101011110100
111111111111111111111111100101000110010
111111111111111111111111100100101110000
111111111111111111111111100100010101110
111111111111111111111111100011111101100
111111111111111111111111100011100101010
111111111111111111111111100011001101000
111111111111111111111111100010110100110
111111111111111111111111100010011100100
111111111111111111111111100010000100010
111111111111111111111111100001101100000
111111111111111111111111100001010011110
111111111111111111111111100000111011100
111111111111111111111111100000100011010
111111111111111111111111100000001011000
111111111111111111111111011111110010110
111111111111111111111111011111011010100
111111111111111111111111011111000010010
111111111111111111111111011110101010000
111111111111111111111111011110010001110
111111111111111111111111011101111001100
111111111111111111111111011101100001010
111111111111111111111111011101001001000
111111111111111111111111011100110000110
111111111111111111111111011100011000100
111111111111111111111111011100000000010
111111111111111111111111011011101000000
111111111111111111111111011011001111110
111111111111111111111111011010110111100
111111111111111111111111011010011111010
111111111111111111111111011010000111000
111111111111111111111111011001101110110
111111111111111111111111011001010110100
111111111111111111111111011000111110010
111111111111111111111111011000100110000
111111111111111111111111011000001101110
111111111111111111111111010111110101100
111111111111111111111111010111011101010
111111111111111111111111010111000101000
111111111111111111111111010110101100110
111111111111111111111111010110010100100
111111111111111111111111010101111100010
111111111111111111111111010101100100000
111111111111111111111111010101001011110
111111111111111111111111010100110011100
111111111111111111111111010100011011010
111111111111111111111111010100000011000
111111111111111111111111010011101010110
111111111111111111111111010011010010100
111111111111111111111111010010111010010
111111111111111111111111010010100010000
111111111111111111111111010010001001110
111111111111111111111111010001110001100
111111111111111111111111010001011001010
111111111111111111111111010001000001000
111111111111111111111111010000101000110
111111111111111111111111010000010000100
111111111111111111111111001111111000010
111111111111111111111111001111100000000
111111111111111111111111001111000111110
111111111111111111111111001110101111100
111111111111111111111111001110010111010
111111111111111111111111001101111111000
111111111111111111111111001101100110110
111111111111111111111111001101001110100
111111111111111111111111001100110110010
111111111111111111111111001100011110000
111111111111111111111111001100000101110
111111111111111111111111001011101101100
111111111111111111111111001011010101010
111111111111111111111111001010111101000
111111111111111111111111001010100100110
111111111111111111111111001010001100100
111111111111111111111111001001110100010
111111111111111111111111001001011100000
111111111111111111111111001001000011110
111111111111111111111111001000101011100
111111111111111111111111001000010011010
111111111111111111111111000111111011000
111111111111111111111111000111100010110
111111111111111111111111000111001010100
111111111111111111111111000110110010010
111111111111111111111111000110011010000
111111111111111111111111000110000001110
111111111111111111111111000101101001100
111111111111111111111111000101010001010
111111111111111111111111000100111001000
111111111111111111111111000100100000110
111111111111111111111111000100001000100
111111111111111111111111000011110000010
111111111111111111111111000011011000000
111111111111111111111111000010111111110
111111111111111111111111000010100111100
111111111111111111111111000010001111010
111111111111111111111111000001110111000
111111111111111111111111000001011110110
111111111111111111111111000001000110100
111111111111111111111111000000101110010
111111111111111111111111000000010110000
111111111111111111111110111111111101110
111111111111111111111110111111100101100
111111111111111111111110111111001101010
111111111111111111111110111110110101000
111111111111111111111110111110011100110
111111111111111111111110111110000100100
111111111111111111111110111101101100010
111111111111111111111110111101010100000
111111111111111111111110111100111011110
111111111111111111111110111100100011100
111111111111111111111110111100001011010
111111111111111111111110111011110011000
111111111111111111111110111011011010110
111111111111111111111110111011000010100
111111111111111111111110111010101010010
111111111111111111111110111010010010000
111111111111111111111110111001111001110
111111111111111111111110111001100001100
111111111111111111111110111001001001010
111111111111111111111110111000110001000
111111111111111111111110111000011000110
111111111111111111111110111000000000100
111111111111111111111110110111101000010
111111111111111111111110110111010000000
111111111111111111111110110110110111110
111111111111111111111110110110011111100
111111111111111111111110110110000111010
111111111111111111111110110101101111000
111111111111111111111110110101010110110
111111111111111111111110110100111110100
111111111111111111111110110100100110010
111111111111111111111110110100001110000
111111111111111111111110110011110101110
111111111111111111111110110011011101100
111111111111111111111110110011000101010
111111111111111111111110110010101101000
111111111111111111111110110010010100110
111111111111111111111110110001111100100
111111111111111111111110110001100100010
111111111111111111111110110001001100000
111111111111111111111110110000110011110
111111111111111111111110110000011011100
111111111111111111111110110000000011010
111111111111111111111110101111101011000
111111111111111111111110101111010010110
111111111111111111111110101110111010100
111111111111111111111110101110100010010
111111111111111111111110101110001010000
111111111111111111111110101101110001110
111111111111111111111110101101011001100
111111111111111111111110101101000001010
111111111111111111111110101100101001000
111111111111111111111110101100010000110
111111111111111111111110101011111000100
111111111111111111111110101011100000010
111111111111111111111110101011001000000
111111111111111111111110101010101111110
111111111111111111111110101010010111100
111111111111111111111110101001111111010
111111111111111111111110101001100111000
111111111111111111111110101001001110110
111111111111111111111110101000110110100
111111111111111111111110101000011110010
111111111111111111111110101000000110000
111111111111111111111110100111101101110
111111111111111111111110100111010101100
111111111111111111111110100110111101010
111111111111111111111110100110100101000
111111111111111111111110100110001100110
111111111111111111111110100101110100100
111111111111111111111110100101011100010
111111111111111111111110100101000100000
111111111111111111111110100100101011110
111111111111111111111110100100010011100
111111111111111111111110100011111011010
111111111111111111111110100011100011000
111111111111111111111110100011001010110
111111111111111111111110100010110010100
111111111111111111111110100010011010010
111111111111111111111110100010000010000
111111111111111111111110100001101001110
111111111111111111111110100001010001100
111111111111111111111110100000111001010
111111111111111111111110100000100001000
111111111111111111111110100000001000110
111111111111111111111110011111110000100
111111111111111111111110011111011000010
