000000000000000000000000000000000000000
000000000000000000000000000000000000011
000000000000000000000000000000000000110
000000000000000000000000000000000001001
000000000000000000000000000000000001100
000000000000000000000000000000000001111
000000000000000000000000000000000010010
000000000000000000000000000000000010101
000000000000000000000000000000000011000
000000000000000000000000000000000011011
000000000000000000000000000000000011110
000000000000000000000000000000000100001
000000000000000000000000000000000100100
000000000000000000000000000000000100111
000000000000000000000000000000000101010
000000000000000000000000000000000101101
000000000000000000000000000000000110000
000000000000000000000000000000000110011
000000000000000000000000000000000110110
000000000000000000000000000000000111001
000000000000000000000000000000000111100
000000000000000000000000000000000111111
000000000000000000000000000000001000010
000000000000000000000000000000001000101
000000000000000000000000000000001001000
000000000000000000000000000000001001011
000000000000000000000000000000001001110
000000000000000000000000000000001010001
000000000000000000000000000000001010100
000000000000000000000000000000001010111
000000000000000000000000000000001011010
000000000000000000000000000000001011101
000000000000000000000000000000001100000
000000000000000000000000000000001100011
000000000000000000000000000000001100110
000000000000000000000000000000001101001
000000000000000000000000000000001101100
000000000000000000000000000000001101111
000000000000000000000000000000001110010
000000000000000000000000000000001110101
000000000000000000000000000000001111000
000000000000000000000000000000001111011
000000000000000000000000000000001111110
000000000000000000000000000000010000001
000000000000000000000000000000010000100
000000000000000000000000000000010000111
000000000000000000000000000000010001010
000000000000000000000000000000010001101
000000000000000000000000000000010010000
000000000000000000000000000000010010011
000000000000000000000000000000010010110
000000000000000000000000000000010011001
000000000000000000000000000000010011100
000000000000000000000000000000010011111
000000000000000000000000000000010100010
000000000000000000000000000000010100101
000000000000000000000000000000010101000
000000000000000000000000000000010101011
000000000000000000000000000000010101110
000000000000000000000000000000010110001
000000000000000000000000000000010110100
000000000000000000000000000000010110111
000000000000000000000000000000010111010
000000000000000000000000000000010111101
000000000000000000000000000000011000000
000000000000000000000000000000011000011
000000000000000000000000000000011000110
000000000000000000000000000000011001001
000000000000000000000000000000011001100
000000000000000000000000000000011001111
000000000000000000000000000000011010010
000000000000000000000000000000011010101
000000000000000000000000000000011011000
000000000000000000000000000000011011011
000000000000000000000000000000011011110
000000000000000000000000000000011100001
000000000000000000000000000000011100100
000000000000000000000000000000011100111
000000000000000000000000000000011101010
000000000000000000000000000000011101101
000000000000000000000000000000011110000
000000000000000000000000000000011110011
000000000000000000000000000000011110110
000000000000000000000000000000011111001
000000000000000000000000000000011111100
000000000000000000000000000000011111111
000000000000000000000000000000100000010
000000000000000000000000000000100000101
000000000000000000000000000000100001000
000000000000000000000000000000100001011
000000000000000000000000000000100001110
000000000000000000000000000000100010001
000000000000000000000000000000100010100
000000000000000000000000000000100010111
000000000000000000000000000000100011010
000000000000000000000000000000100011101
000000000000000000000000000000100100000
000000000000000000000000000000100100011
000000000000000000000000000000100100110
000000000000000000000000000000100101001
000000000000000000000000000000100101100
000000000000000000000000000000100101111
000000000000000000000000000000100110010
000000000000000000000000000000100110101
000000000000000000000000000000100111000
000000000000000000000000000000100111011
000000000000000000000000000000100111110
000000000000000000000000000000101000001
000000000000000000000000000000101000100
000000000000000000000000000000101000111
000000000000000000000000000000101001010
000000000000000000000000000000101001101
000000000000000000000000000000101010000
000000000000000000000000000000101010011
000000000000000000000000000000101010110
000000000000000000000000000000101011001
000000000000000000000000000000101011100
000000000000000000000000000000101011111
000000000000000000000000000000101100010
000000000000000000000000000000101100101
000000000000000000000000000000101101000
000000000000000000000000000000101101011
000000000000000000000000000000101101110
000000000000000000000000000000101110001
000000000000000000000000000000101110100
000000000000000000000000000000101110111
000000000000000000000000000000101111010
000000000000000000000000000000101111101
000000000000000000000000000000110000000
000000000000000000000000000000110000011
000000000000000000000000000000110000110
000000000000000000000000000000110001001
000000000000000000000000000000110001100
000000000000000000000000000000110001111
000000000000000000000000000000110010010
000000000000000000000000000000110010101
000000000000000000000000000000110011000
000000000000000000000000000000110011011
000000000000000000000000000000110011110
000000000000000000000000000000110100001
000000000000000000000000000000110100100
000000000000000000000000000000110100111
000000000000000000000000000000110101010
000000000000000000000000000000110101101
000000000000000000000000000000110110000
000000000000000000000000000000110110011
000000000000000000000000000000110110110
000000000000000000000000000000110111001
000000000000000000000000000000110111100
000000000000000000000000000000110111111
000000000000000000000000000000111000010
000000000000000000000000000000111000101
000000000000000000000000000000111001000
000000000000000000000000000000111001011
000000000000000000000000000000111001110
000000000000000000000000000000111010001
000000000000000000000000000000111010100
000000000000000000000000000000111010111
000000000000000000000000000000111011010
000000000000000000000000000000111011101
000000000000000000000000000000111100000
000000000000000000000000000000111100011
000000000000000000000000000000111100110
000000000000000000000000000000111101001
000000000000000000000000000000111101100
000000000000000000000000000000111101111
000000000000000000000000000000111110010
000000000000000000000000000000111110101
000000000000000000000000000000111111000
000000000000000000000000000000111111011
000000000000000000000000000000111111110
000000000000000000000000000001000000001
000000000000000000000000000001000000100
000000000000000000000000000001000000111
000000000000000000000000000001000001010
000000000000000000000000000001000001101
000000000000000000000000000001000010000
000000000000000000000000000001000010011
000000000000000000000000000001000010110
000000000000000000000000000001000011001
000000000000000000000000000001000011100
000000000000000000000000000001000011111
000000000000000000000000000001000100010
000000000000000000000000000001000100101
000000000000000000000000000001000101000
000000000000000000000000000001000101011
000000000000000000000000000001000101110
000000000000000000000000000001000110001
000000000000000000000000000001000110100
000000000000000000000000000001000110111
000000000000000000000000000001000111010
000000000000000000000000000001000111101
000000000000000000000000000001001000000
000000000000000000000000000001001000011
000000000000000000000000000001001000110
000000000000000000000000000001001001001
000000000000000000000000000001001001100
000000000000000000000000000001001001111
000000000000000000000000000001001010010
000000000000000000000000000001001010101
000000000000000000000000000001001011000
000000000000000000000000000001001011011
000000000000000000000000000001001011110
000000000000000000000000000001001100001
000000000000000000000000000001001100100
000000000000000000000000000001001100111
000000000000000000000000000001001101010
000000000000000000000000000001001101101
000000000000000000000000000001001110000
000000000000000000000000000001001110011
000000000000000000000000000001001110110
000000000000000000000000000001001111001
000000000000000000000000000001001111100
000000000000000000000000000001001111111
000000000000000000000000000001010000010
000000000000000000000000000001010000101
000000000000000000000000000001010001000
000000000000000000000000000001010001011
000000000000000000000000000001010001110
000000000000000000000000000001010010001
000000000000000000000000000001010010100
000000000000000000000000000001010010111
000000000000000000000000000001010011010
000000000000000000000000000001010011101
000000000000000000000000000001010100000
000000000000000000000000000001010100011
000000000000000000000000000001010100110
000000000000000000000000000001010101001
000000000000000000000000000001010101100
000000000000000000000000000001010101111
000000000000000000000000000001010110010
000000000000000000000000000001010110101
000000000000000000000000000001010111000
000000000000000000000000000001010111011
000000000000000000000000000001010111110
000000000000000000000000000001011000001
000000000000000000000000000001011000100
000000000000000000000000000001011000111
000000000000000000000000000001011001010
000000000000000000000000000001011001101
000000000000000000000000000001011010000
000000000000000000000000000001011010011
000000000000000000000000000001011010110
000000000000000000000000000001011011001
000000000000000000000000000001011011100
000000000000000000000000000001011011111
000000000000000000000000000001011100010
000000000000000000000000000001011100101
000000000000000000000000000001011101000
000000000000000000000000000001011101011
000000000000000000000000000001011101110
000000000000000000000000000001011110001
000000000000000000000000000001011110100
000000000000000000000000000001011110111
000000000000000000000000000001011111010
000000000000000000000000000001011111101
