000000000000000000000000000000000000000
111111111111111111111111111111100111101
111111111111111111111111111111001111010
111111111111111111111111111110110110111
111111111111111111111111111110011110100
111111111111111111111111111110000110001
111111111111111111111111111101101101110
111111111111111111111111111101010101011
111111111111111111111111111100111101000
111111111111111111111111111100100100101
111111111111111111111111111100001100010
111111111111111111111111111011110011111
111111111111111111111111111011011011100
111111111111111111111111111011000011001
111111111111111111111111111010101010110
111111111111111111111111111010010010011
111111111111111111111111111001111010000
111111111111111111111111111001100001101
111111111111111111111111111001001001010
111111111111111111111111111000110000111
111111111111111111111111111000011000100
111111111111111111111111111000000000001
111111111111111111111111110111100111110
111111111111111111111111110111001111011
111111111111111111111111110110110111000
111111111111111111111111110110011110101
111111111111111111111111110110000110010
111111111111111111111111110101101101111
111111111111111111111111110101010101100
111111111111111111111111110100111101001
111111111111111111111111110100100100110
111111111111111111111111110100001100011
111111111111111111111111110011110100000
111111111111111111111111110011011011101
111111111111111111111111110011000011010
111111111111111111111111110010101010111
111111111111111111111111110010010010100
111111111111111111111111110001111010001
111111111111111111111111110001100001110
111111111111111111111111110001001001011
111111111111111111111111110000110001000
111111111111111111111111110000011000101
111111111111111111111111110000000000010
111111111111111111111111101111100111111
111111111111111111111111101111001111100
111111111111111111111111101110110111001
111111111111111111111111101110011110110
111111111111111111111111101110000110011
111111111111111111111111101101101110000
111111111111111111111111101101010101101
111111111111111111111111101100111101010
111111111111111111111111101100100100111
111111111111111111111111101100001100100
111111111111111111111111101011110100001
111111111111111111111111101011011011110
111111111111111111111111101011000011011
111111111111111111111111101010101011000
111111111111111111111111101010010010101
111111111111111111111111101001111010010
111111111111111111111111101001100001111
111111111111111111111111101001001001100
111111111111111111111111101000110001001
111111111111111111111111101000011000110
111111111111111111111111101000000000011
111111111111111111111111100111101000000
111111111111111111111111100111001111101
111111111111111111111111100110110111010
111111111111111111111111100110011110111
111111111111111111111111100110000110100
111111111111111111111111100101101110001
111111111111111111111111100101010101110
111111111111111111111111100100111101011
111111111111111111111111100100100101000
111111111111111111111111100100001100101
111111111111111111111111100011110100010
111111111111111111111111100011011011111
111111111111111111111111100011000011100
111111111111111111111111100010101011001
111111111111111111111111100010010010110
111111111111111111111111100001111010011
111111111111111111111111100001100010000
111111111111111111111111100001001001101
111111111111111111111111100000110001010
111111111111111111111111100000011000111
111111111111111111111111100000000000100
111111111111111111111111011111101000001
111111111111111111111111011111001111110
111111111111111111111111011110110111011
111111111111111111111111011110011111000
111111111111111111111111011110000110101
111111111111111111111111011101101110010
111111111111111111111111011101010101111
111111111111111111111111011100111101100
111111111111111111111111011100100101001
111111111111111111111111011100001100110
111111111111111111111111011011110100011
111111111111111111111111011011011100000
111111111111111111111111011011000011101
111111111111111111111111011010101011010
111111111111111111111111011010010010111
111111111111111111111111011001111010100
111111111111111111111111011001100010001
111111111111111111111111011001001001110
111111111111111111111111011000110001011
111111111111111111111111011000011001000
111111111111111111111111011000000000101
111111111111111111111111010111101000010
111111111111111111111111010111001111111
111111111111111111111111010110110111100
111111111111111111111111010110011111001
111111111111111111111111010110000110110
111111111111111111111111010101101110011
111111111111111111111111010101010110000
111111111111111111111111010100111101101
111111111111111111111111010100100101010
111111111111111111111111010100001100111
111111111111111111111111010011110100100
111111111111111111111111010011011100001
111111111111111111111111010011000011110
111111111111111111111111010010101011011
111111111111111111111111010010010011000
111111111111111111111111010001111010101
111111111111111111111111010001100010010
111111111111111111111111010001001001111
111111111111111111111111010000110001100
111111111111111111111111010000011001001
111111111111111111111111010000000000110
111111111111111111111111001111101000011
111111111111111111111111001111010000000
111111111111111111111111001110110111101
111111111111111111111111001110011111010
111111111111111111111111001110000110111
111111111111111111111111001101101110100
111111111111111111111111001101010110001
111111111111111111111111001100111101110
111111111111111111111111001100100101011
111111111111111111111111001100001101000
111111111111111111111111001011110100101
111111111111111111111111001011011100010
111111111111111111111111001011000011111
111111111111111111111111001010101011100
111111111111111111111111001010010011001
111111111111111111111111001001111010110
111111111111111111111111001001100010011
111111111111111111111111001001001010000
111111111111111111111111001000110001101
111111111111111111111111001000011001010
111111111111111111111111001000000000111
111111111111111111111111000111101000100
111111111111111111111111000111010000001
111111111111111111111111000110110111110
111111111111111111111111000110011111011
111111111111111111111111000110000111000
111111111111111111111111000101101110101
111111111111111111111111000101010110010
111111111111111111111111000100111101111
111111111111111111111111000100100101100
111111111111111111111111000100001101001
111111111111111111111111000011110100110
111111111111111111111111000011011100011
111111111111111111111111000011000100000
111111111111111111111111000010101011101
111111111111111111111111000010010011010
111111111111111111111111000001111010111
111111111111111111111111000001100010100
111111111111111111111111000001001010001
111111111111111111111111000000110001110
111111111111111111111111000000011001011
111111111111111111111111000000000001000
111111111111111111111110111111101000101
111111111111111111111110111111010000010
111111111111111111111110111110110111111
111111111111111111111110111110011111100
111111111111111111111110111110000111001
111111111111111111111110111101101110110
111111111111111111111110111101010110011
111111111111111111111110111100111110000
111111111111111111111110111100100101101
111111111111111111111110111100001101010
111111111111111111111110111011110100111
111111111111111111111110111011011100100
111111111111111111111110111011000100001
111111111111111111111110111010101011110
111111111111111111111110111010010011011
111111111111111111111110111001111011000
111111111111111111111110111001100010101
111111111111111111111110111001001010010
111111111111111111111110111000110001111
111111111111111111111110111000011001100
111111111111111111111110111000000001001
111111111111111111111110110111101000110
111111111111111111111110110111010000011
111111111111111111111110110110111000000
111111111111111111111110110110011111101
111111111111111111111110110110000111010
111111111111111111111110110101101110111
111111111111111111111110110101010110100
111111111111111111111110110100111110001
111111111111111111111110110100100101110
111111111111111111111110110100001101011
111111111111111111111110110011110101000
111111111111111111111110110011011100101
111111111111111111111110110011000100010
111111111111111111111110110010101011111
111111111111111111111110110010010011100
111111111111111111111110110001111011001
111111111111111111111110110001100010110
111111111111111111111110110001001010011
111111111111111111111110110000110010000
111111111111111111111110110000011001101
111111111111111111111110110000000001010
111111111111111111111110101111101000111
111111111111111111111110101111010000100
111111111111111111111110101110111000001
111111111111111111111110101110011111110
111111111111111111111110101110000111011
111111111111111111111110101101101111000
111111111111111111111110101101010110101
111111111111111111111110101100111110010
111111111111111111111110101100100101111
111111111111111111111110101100001101100
111111111111111111111110101011110101001
111111111111111111111110101011011100110
111111111111111111111110101011000100011
111111111111111111111110101010101100000
111111111111111111111110101010010011101
111111111111111111111110101001111011010
111111111111111111111110101001100010111
111111111111111111111110101001001010100
111111111111111111111110101000110010001
111111111111111111111110101000011001110
111111111111111111111110101000000001011
111111111111111111111110100111101001000
111111111111111111111110100111010000101
111111111111111111111110100110111000010
111111111111111111111110100110011111111
111111111111111111111110100110000111100
111111111111111111111110100101101111001
111111111111111111111110100101010110110
111111111111111111111110100100111110011
111111111111111111111110100100100110000
111111111111111111111110100100001101101
111111111111111111111110100011110101010
111111111111111111111110100011011100111
111111111111111111111110100011000100100
111111111111111111111110100010101100001
111111111111111111111110100010010011110
111111111111111111111110100001111011011
111111111111111111111110100001100011000
111111111111111111111110100001001010101
111111111111111111111110100000110010010
111111111111111111111110100000011001111
111111111111111111111110100000000001100
111111111111111111111110011111101001001
111111111111111111111110011111010000110
111111111111111111111110011110111000011
