000000000000000000000000000000000000000
111111111111111111111111111111101111000
111111111111111111111111111111011110000
111111111111111111111111111111001101000
111111111111111111111111111110111100000
111111111111111111111111111110101011000
111111111111111111111111111110011010000
111111111111111111111111111110001001000
111111111111111111111111111101111000000
111111111111111111111111111101100111000
111111111111111111111111111101010110000
111111111111111111111111111101000101000
111111111111111111111111111100110100000
111111111111111111111111111100100011000
111111111111111111111111111100010010000
111111111111111111111111111100000001000
111111111111111111111111111011110000000
111111111111111111111111111011011111000
111111111111111111111111111011001110000
111111111111111111111111111010111101000
111111111111111111111111111010101100000
111111111111111111111111111010011011000
111111111111111111111111111010001010000
111111111111111111111111111001111001000
111111111111111111111111111001101000000
111111111111111111111111111001010111000
111111111111111111111111111001000110000
111111111111111111111111111000110101000
111111111111111111111111111000100100000
111111111111111111111111111000010011000
111111111111111111111111111000000010000
111111111111111111111111110111110001000
111111111111111111111111110111100000000
111111111111111111111111110111001111000
111111111111111111111111110110111110000
111111111111111111111111110110101101000
111111111111111111111111110110011100000
111111111111111111111111110110001011000
111111111111111111111111110101111010000
111111111111111111111111110101101001000
111111111111111111111111110101011000000
111111111111111111111111110101000111000
111111111111111111111111110100110110000
111111111111111111111111110100100101000
111111111111111111111111110100010100000
111111111111111111111111110100000011000
111111111111111111111111110011110010000
111111111111111111111111110011100001000
111111111111111111111111110011010000000
111111111111111111111111110010111111000
111111111111111111111111110010101110000
111111111111111111111111110010011101000
111111111111111111111111110010001100000
111111111111111111111111110001111011000
111111111111111111111111110001101010000
111111111111111111111111110001011001000
111111111111111111111111110001001000000
111111111111111111111111110000110111000
111111111111111111111111110000100110000
111111111111111111111111110000010101000
111111111111111111111111110000000100000
111111111111111111111111101111110011000
111111111111111111111111101111100010000
111111111111111111111111101111010001000
111111111111111111111111101111000000000
111111111111111111111111101110101111000
111111111111111111111111101110011110000
111111111111111111111111101110001101000
111111111111111111111111101101111100000
111111111111111111111111101101101011000
111111111111111111111111101101011010000
111111111111111111111111101101001001000
111111111111111111111111101100111000000
111111111111111111111111101100100111000
111111111111111111111111101100010110000
111111111111111111111111101100000101000
111111111111111111111111101011110100000
111111111111111111111111101011100011000
111111111111111111111111101011010010000
111111111111111111111111101011000001000
111111111111111111111111101010110000000
111111111111111111111111101010011111000
111111111111111111111111101010001110000
111111111111111111111111101001111101000
111111111111111111111111101001101100000
111111111111111111111111101001011011000
111111111111111111111111101001001010000
111111111111111111111111101000111001000
111111111111111111111111101000101000000
111111111111111111111111101000010111000
111111111111111111111111101000000110000
111111111111111111111111100111110101000
111111111111111111111111100111100100000
111111111111111111111111100111010011000
111111111111111111111111100111000010000
111111111111111111111111100110110001000
111111111111111111111111100110100000000
111111111111111111111111100110001111000
111111111111111111111111100101111110000
111111111111111111111111100101101101000
111111111111111111111111100101011100000
111111111111111111111111100101001011000
111111111111111111111111100100111010000
111111111111111111111111100100101001000
111111111111111111111111100100011000000
111111111111111111111111100100000111000
111111111111111111111111100011110110000
111111111111111111111111100011100101000
111111111111111111111111100011010100000
111111111111111111111111100011000011000
111111111111111111111111100010110010000
111111111111111111111111100010100001000
111111111111111111111111100010010000000
111111111111111111111111100001111111000
111111111111111111111111100001101110000
111111111111111111111111100001011101000
111111111111111111111111100001001100000
111111111111111111111111100000111011000
111111111111111111111111100000101010000
111111111111111111111111100000011001000
111111111111111111111111100000001000000
111111111111111111111111011111110111000
111111111111111111111111011111100110000
111111111111111111111111011111010101000
111111111111111111111111011111000100000
111111111111111111111111011110110011000
111111111111111111111111011110100010000
111111111111111111111111011110010001000
111111111111111111111111011110000000000
111111111111111111111111011101101111000
111111111111111111111111011101011110000
111111111111111111111111011101001101000
111111111111111111111111011100111100000
111111111111111111111111011100101011000
111111111111111111111111011100011010000
111111111111111111111111011100001001000
111111111111111111111111011011111000000
111111111111111111111111011011100111000
111111111111111111111111011011010110000
111111111111111111111111011011000101000
111111111111111111111111011010110100000
111111111111111111111111011010100011000
111111111111111111111111011010010010000
111111111111111111111111011010000001000
111111111111111111111111011001110000000
111111111111111111111111011001011111000
111111111111111111111111011001001110000
111111111111111111111111011000111101000
111111111111111111111111011000101100000
111111111111111111111111011000011011000
111111111111111111111111011000001010000
111111111111111111111111010111111001000
111111111111111111111111010111101000000
111111111111111111111111010111010111000
111111111111111111111111010111000110000
111111111111111111111111010110110101000
111111111111111111111111010110100100000
111111111111111111111111010110010011000
111111111111111111111111010110000010000
111111111111111111111111010101110001000
111111111111111111111111010101100000000
111111111111111111111111010101001111000
111111111111111111111111010100111110000
111111111111111111111111010100101101000
111111111111111111111111010100011100000
111111111111111111111111010100001011000
111111111111111111111111010011111010000
111111111111111111111111010011101001000
111111111111111111111111010011011000000
111111111111111111111111010011000111000
111111111111111111111111010010110110000
111111111111111111111111010010100101000
111111111111111111111111010010010100000
111111111111111111111111010010000011000
111111111111111111111111010001110010000
111111111111111111111111010001100001000
111111111111111111111111010001010000000
111111111111111111111111010000111111000
111111111111111111111111010000101110000
111111111111111111111111010000011101000
111111111111111111111111010000001100000
111111111111111111111111001111111011000
111111111111111111111111001111101010000
111111111111111111111111001111011001000
111111111111111111111111001111001000000
111111111111111111111111001110110111000
111111111111111111111111001110100110000
111111111111111111111111001110010101000
111111111111111111111111001110000100000
111111111111111111111111001101110011000
111111111111111111111111001101100010000
111111111111111111111111001101010001000
111111111111111111111111001101000000000
111111111111111111111111001100101111000
111111111111111111111111001100011110000
111111111111111111111111001100001101000
111111111111111111111111001011111100000
111111111111111111111111001011101011000
111111111111111111111111001011011010000
111111111111111111111111001011001001000
111111111111111111111111001010111000000
111111111111111111111111001010100111000
111111111111111111111111001010010110000
111111111111111111111111001010000101000
111111111111111111111111001001110100000
111111111111111111111111001001100011000
111111111111111111111111001001010010000
111111111111111111111111001001000001000
111111111111111111111111001000110000000
111111111111111111111111001000011111000
111111111111111111111111001000001110000
111111111111111111111111000111111101000
111111111111111111111111000111101100000
111111111111111111111111000111011011000
111111111111111111111111000111001010000
111111111111111111111111000110111001000
111111111111111111111111000110101000000
111111111111111111111111000110010111000
111111111111111111111111000110000110000
111111111111111111111111000101110101000
111111111111111111111111000101100100000
111111111111111111111111000101010011000
111111111111111111111111000101000010000
111111111111111111111111000100110001000
111111111111111111111111000100100000000
111111111111111111111111000100001111000
111111111111111111111111000011111110000
111111111111111111111111000011101101000
111111111111111111111111000011011100000
111111111111111111111111000011001011000
111111111111111111111111000010111010000
111111111111111111111111000010101001000
111111111111111111111111000010011000000
111111111111111111111111000010000111000
111111111111111111111111000001110110000
111111111111111111111111000001100101000
111111111111111111111111000001010100000
111111111111111111111111000001000011000
111111111111111111111111000000110010000
111111111111111111111111000000100001000
111111111111111111111111000000010000000
111111111111111111111110111111111111000
111111111111111111111110111111101110000
111111111111111111111110111111011101000
111111111111111111111110111111001100000
111111111111111111111110111110111011000
111111111111111111111110111110101010000
111111111111111111111110111110011001000
111111111111111111111110111110001000000
111111111111111111111110111101110111000
111111111111111111111110111101100110000
111111111111111111111110111101010101000
111111111111111111111110111101000100000
111111111111111111111110111100110011000
111111111111111111111110111100100010000
111111111111111111111110111100010001000
