000000000000000000000000000000000000000
000000000000000000000000000000010000010
000000000000000000000000000000100000100
000000000000000000000000000000110000110
000000000000000000000000000001000001000
000000000000000000000000000001010001010
000000000000000000000000000001100001100
000000000000000000000000000001110001110
000000000000000000000000000010000010000
000000000000000000000000000010010010010
000000000000000000000000000010100010100
000000000000000000000000000010110010110
000000000000000000000000000011000011000
000000000000000000000000000011010011010
000000000000000000000000000011100011100
000000000000000000000000000011110011110
000000000000000000000000000100000100000
000000000000000000000000000100010100010
000000000000000000000000000100100100100
000000000000000000000000000100110100110
000000000000000000000000000101000101000
000000000000000000000000000101010101010
000000000000000000000000000101100101100
000000000000000000000000000101110101110
000000000000000000000000000110000110000
000000000000000000000000000110010110010
000000000000000000000000000110100110100
000000000000000000000000000110110110110
000000000000000000000000000111000111000
000000000000000000000000000111010111010
000000000000000000000000000111100111100
000000000000000000000000000111110111110
000000000000000000000000001000001000000
000000000000000000000000001000011000010
000000000000000000000000001000101000100
000000000000000000000000001000111000110
000000000000000000000000001001001001000
000000000000000000000000001001011001010
000000000000000000000000001001101001100
000000000000000000000000001001111001110
000000000000000000000000001010001010000
000000000000000000000000001010011010010
000000000000000000000000001010101010100
000000000000000000000000001010111010110
000000000000000000000000001011001011000
000000000000000000000000001011011011010
000000000000000000000000001011101011100
000000000000000000000000001011111011110
000000000000000000000000001100001100000
000000000000000000000000001100011100010
000000000000000000000000001100101100100
000000000000000000000000001100111100110
000000000000000000000000001101001101000
000000000000000000000000001101011101010
000000000000000000000000001101101101100
000000000000000000000000001101111101110
000000000000000000000000001110001110000
000000000000000000000000001110011110010
000000000000000000000000001110101110100
000000000000000000000000001110111110110
000000000000000000000000001111001111000
000000000000000000000000001111011111010
000000000000000000000000001111101111100
000000000000000000000000001111111111110
000000000000000000000000010000010000000
000000000000000000000000010000100000010
000000000000000000000000010000110000100
000000000000000000000000010001000000110
000000000000000000000000010001010001000
000000000000000000000000010001100001010
000000000000000000000000010001110001100
000000000000000000000000010010000001110
000000000000000000000000010010010010000
000000000000000000000000010010100010010
000000000000000000000000010010110010100
000000000000000000000000010011000010110
000000000000000000000000010011010011000
000000000000000000000000010011100011010
000000000000000000000000010011110011100
000000000000000000000000010100000011110
000000000000000000000000010100010100000
000000000000000000000000010100100100010
000000000000000000000000010100110100100
000000000000000000000000010101000100110
000000000000000000000000010101010101000
000000000000000000000000010101100101010
000000000000000000000000010101110101100
000000000000000000000000010110000101110
000000000000000000000000010110010110000
000000000000000000000000010110100110010
000000000000000000000000010110110110100
000000000000000000000000010111000110110
000000000000000000000000010111010111000
000000000000000000000000010111100111010
000000000000000000000000010111110111100
000000000000000000000000011000000111110
000000000000000000000000011000011000000
000000000000000000000000011000101000010
000000000000000000000000011000111000100
000000000000000000000000011001001000110
000000000000000000000000011001011001000
000000000000000000000000011001101001010
000000000000000000000000011001111001100
000000000000000000000000011010001001110
000000000000000000000000011010011010000
000000000000000000000000011010101010010
000000000000000000000000011010111010100
000000000000000000000000011011001010110
000000000000000000000000011011011011000
000000000000000000000000011011101011010
000000000000000000000000011011111011100
000000000000000000000000011100001011110
000000000000000000000000011100011100000
000000000000000000000000011100101100010
000000000000000000000000011100111100100
000000000000000000000000011101001100110
000000000000000000000000011101011101000
000000000000000000000000011101101101010
000000000000000000000000011101111101100
000000000000000000000000011110001101110
000000000000000000000000011110011110000
000000000000000000000000011110101110010
000000000000000000000000011110111110100
000000000000000000000000011111001110110
000000000000000000000000011111011111000
000000000000000000000000011111101111010
000000000000000000000000011111111111100
000000000000000000000000100000001111110
000000000000000000000000100000100000000
000000000000000000000000100000110000010
000000000000000000000000100001000000100
000000000000000000000000100001010000110
000000000000000000000000100001100001000
000000000000000000000000100001110001010
000000000000000000000000100010000001100
000000000000000000000000100010010001110
000000000000000000000000100010100010000
000000000000000000000000100010110010010
000000000000000000000000100011000010100
000000000000000000000000100011010010110
000000000000000000000000100011100011000
000000000000000000000000100011110011010
000000000000000000000000100100000011100
000000000000000000000000100100010011110
000000000000000000000000100100100100000
000000000000000000000000100100110100010
000000000000000000000000100101000100100
000000000000000000000000100101010100110
000000000000000000000000100101100101000
000000000000000000000000100101110101010
000000000000000000000000100110000101100
000000000000000000000000100110010101110
000000000000000000000000100110100110000
000000000000000000000000100110110110010
000000000000000000000000100111000110100
000000000000000000000000100111010110110
000000000000000000000000100111100111000
000000000000000000000000100111110111010
000000000000000000000000101000000111100
000000000000000000000000101000010111110
000000000000000000000000101000101000000
000000000000000000000000101000111000010
000000000000000000000000101001001000100
000000000000000000000000101001011000110
000000000000000000000000101001101001000
000000000000000000000000101001111001010
000000000000000000000000101010001001100
000000000000000000000000101010011001110
000000000000000000000000101010101010000
000000000000000000000000101010111010010
000000000000000000000000101011001010100
000000000000000000000000101011011010110
000000000000000000000000101011101011000
000000000000000000000000101011111011010
000000000000000000000000101100001011100
000000000000000000000000101100011011110
000000000000000000000000101100101100000
000000000000000000000000101100111100010
000000000000000000000000101101001100100
000000000000000000000000101101011100110
000000000000000000000000101101101101000
000000000000000000000000101101111101010
000000000000000000000000101110001101100
000000000000000000000000101110011101110
000000000000000000000000101110101110000
000000000000000000000000101110111110010
000000000000000000000000101111001110100
000000000000000000000000101111011110110
000000000000000000000000101111101111000
000000000000000000000000101111111111010
000000000000000000000000110000001111100
000000000000000000000000110000011111110
000000000000000000000000110000110000000
000000000000000000000000110001000000010
000000000000000000000000110001010000100
000000000000000000000000110001100000110
000000000000000000000000110001110001000
000000000000000000000000110010000001010
000000000000000000000000110010010001100
000000000000000000000000110010100001110
000000000000000000000000110010110010000
000000000000000000000000110011000010010
000000000000000000000000110011010010100
000000000000000000000000110011100010110
000000000000000000000000110011110011000
000000000000000000000000110100000011010
000000000000000000000000110100010011100
000000000000000000000000110100100011110
000000000000000000000000110100110100000
000000000000000000000000110101000100010
000000000000000000000000110101010100100
000000000000000000000000110101100100110
000000000000000000000000110101110101000
000000000000000000000000110110000101010
000000000000000000000000110110010101100
000000000000000000000000110110100101110
000000000000000000000000110110110110000
000000000000000000000000110111000110010
000000000000000000000000110111010110100
000000000000000000000000110111100110110
000000000000000000000000110111110111000
000000000000000000000000111000000111010
000000000000000000000000111000010111100
000000000000000000000000111000100111110
000000000000000000000000111000111000000
000000000000000000000000111001001000010
000000000000000000000000111001011000100
000000000000000000000000111001101000110
000000000000000000000000111001111001000
000000000000000000000000111010001001010
000000000000000000000000111010011001100
000000000000000000000000111010101001110
000000000000000000000000111010111010000
000000000000000000000000111011001010010
000000000000000000000000111011011010100
000000000000000000000000111011101010110
000000000000000000000000111011111011000
000000000000000000000000111100001011010
000000000000000000000000111100011011100
000000000000000000000000111100101011110
000000000000000000000000111100111100000
000000000000000000000000111101001100010
000000000000000000000000111101011100100
000000000000000000000000111101101100110
000000000000000000000000111101111101000
000000000000000000000000111110001101010
000000000000000000000000111110011101100
000000000000000000000000111110101101110
000000000000000000000000111110111110000
000000000000000000000000111111001110010
000000000000000000000000111111011110100
000000000000000000000000111111101110110
000000000000000000000000111111111111000
000000000000000000000001000000001111010
000000000000000000000001000000011111100
000000000000000000000001000000101111110
