000000000000000000000000000000000000000
111111111111111111111111111111101101111
111111111111111111111111111111011011110
111111111111111111111111111111001001101
111111111111111111111111111110110111100
111111111111111111111111111110100101011
111111111111111111111111111110010011010
111111111111111111111111111110000001001
111111111111111111111111111101101111000
111111111111111111111111111101011100111
111111111111111111111111111101001010110
111111111111111111111111111100111000101
111111111111111111111111111100100110100
111111111111111111111111111100010100011
111111111111111111111111111100000010010
111111111111111111111111111011110000001
111111111111111111111111111011011110000
111111111111111111111111111011001011111
111111111111111111111111111010111001110
111111111111111111111111111010100111101
111111111111111111111111111010010101100
111111111111111111111111111010000011011
111111111111111111111111111001110001010
111111111111111111111111111001011111001
111111111111111111111111111001001101000
111111111111111111111111111000111010111
111111111111111111111111111000101000110
111111111111111111111111111000010110101
111111111111111111111111111000000100100
111111111111111111111111110111110010011
111111111111111111111111110111100000010
111111111111111111111111110111001110001
111111111111111111111111110110111100000
111111111111111111111111110110101001111
111111111111111111111111110110010111110
111111111111111111111111110110000101101
111111111111111111111111110101110011100
111111111111111111111111110101100001011
111111111111111111111111110101001111010
111111111111111111111111110100111101001
111111111111111111111111110100101011000
111111111111111111111111110100011000111
111111111111111111111111110100000110110
111111111111111111111111110011110100101
111111111111111111111111110011100010100
111111111111111111111111110011010000011
111111111111111111111111110010111110010
111111111111111111111111110010101100001
111111111111111111111111110010011010000
111111111111111111111111110010000111111
111111111111111111111111110001110101110
111111111111111111111111110001100011101
111111111111111111111111110001010001100
111111111111111111111111110000111111011
111111111111111111111111110000101101010
111111111111111111111111110000011011001
111111111111111111111111110000001001000
111111111111111111111111101111110110111
111111111111111111111111101111100100110
111111111111111111111111101111010010101
111111111111111111111111101111000000100
111111111111111111111111101110101110011
111111111111111111111111101110011100010
111111111111111111111111101110001010001
111111111111111111111111101101111000000
111111111111111111111111101101100101111
111111111111111111111111101101010011110
111111111111111111111111101101000001101
111111111111111111111111101100101111100
111111111111111111111111101100011101011
111111111111111111111111101100001011010
111111111111111111111111101011111001001
111111111111111111111111101011100111000
111111111111111111111111101011010100111
111111111111111111111111101011000010110
111111111111111111111111101010110000101
111111111111111111111111101010011110100
111111111111111111111111101010001100011
111111111111111111111111101001111010010
111111111111111111111111101001101000001
111111111111111111111111101001010110000
111111111111111111111111101001000011111
111111111111111111111111101000110001110
111111111111111111111111101000011111101
111111111111111111111111101000001101100
111111111111111111111111100111111011011
111111111111111111111111100111101001010
111111111111111111111111100111010111001
111111111111111111111111100111000101000
111111111111111111111111100110110010111
111111111111111111111111100110100000110
111111111111111111111111100110001110101
111111111111111111111111100101111100100
111111111111111111111111100101101010011
111111111111111111111111100101011000010
111111111111111111111111100101000110001
111111111111111111111111100100110100000
111111111111111111111111100100100001111
111111111111111111111111100100001111110
111111111111111111111111100011111101101
111111111111111111111111100011101011100
111111111111111111111111100011011001011
111111111111111111111111100011000111010
111111111111111111111111100010110101001
111111111111111111111111100010100011000
111111111111111111111111100010010000111
111111111111111111111111100001111110110
111111111111111111111111100001101100101
111111111111111111111111100001011010100
111111111111111111111111100001001000011
111111111111111111111111100000110110010
111111111111111111111111100000100100001
111111111111111111111111100000010010000
111111111111111111111111011111111111111
111111111111111111111111011111101101110
111111111111111111111111011111011011101
111111111111111111111111011111001001100
111111111111111111111111011110110111011
111111111111111111111111011110100101010
111111111111111111111111011110010011001
111111111111111111111111011110000001000
111111111111111111111111011101101110111
111111111111111111111111011101011100110
111111111111111111111111011101001010101
111111111111111111111111011100111000100
111111111111111111111111011100100110011
111111111111111111111111011100010100010
111111111111111111111111011100000010001
111111111111111111111111011011110000000
111111111111111111111111011011011101111
111111111111111111111111011011001011110
111111111111111111111111011010111001101
111111111111111111111111011010100111100
111111111111111111111111011010010101011
111111111111111111111111011010000011010
111111111111111111111111011001110001001
111111111111111111111111011001011111000
111111111111111111111111011001001100111
111111111111111111111111011000111010110
111111111111111111111111011000101000101
111111111111111111111111011000010110100
111111111111111111111111011000000100011
111111111111111111111111010111110010010
111111111111111111111111010111100000001
111111111111111111111111010111001110000
111111111111111111111111010110111011111
111111111111111111111111010110101001110
111111111111111111111111010110010111101
111111111111111111111111010110000101100
111111111111111111111111010101110011011
111111111111111111111111010101100001010
111111111111111111111111010101001111001
111111111111111111111111010100111101000
111111111111111111111111010100101010111
111111111111111111111111010100011000110
111111111111111111111111010100000110101
111111111111111111111111010011110100100
111111111111111111111111010011100010011
111111111111111111111111010011010000010
111111111111111111111111010010111110001
111111111111111111111111010010101100000
111111111111111111111111010010011001111
111111111111111111111111010010000111110
111111111111111111111111010001110101101
111111111111111111111111010001100011100
111111111111111111111111010001010001011
111111111111111111111111010000111111010
111111111111111111111111010000101101001
111111111111111111111111010000011011000
111111111111111111111111010000001000111
111111111111111111111111001111110110110
111111111111111111111111001111100100101
111111111111111111111111001111010010100
111111111111111111111111001111000000011
111111111111111111111111001110101110010
111111111111111111111111001110011100001
111111111111111111111111001110001010000
111111111111111111111111001101110111111
111111111111111111111111001101100101110
111111111111111111111111001101010011101
111111111111111111111111001101000001100
111111111111111111111111001100101111011
111111111111111111111111001100011101010
111111111111111111111111001100001011001
111111111111111111111111001011111001000
111111111111111111111111001011100110111
111111111111111111111111001011010100110
111111111111111111111111001011000010101
111111111111111111111111001010110000100
111111111111111111111111001010011110011
111111111111111111111111001010001100010
111111111111111111111111001001111010001
111111111111111111111111001001101000000
111111111111111111111111001001010101111
111111111111111111111111001001000011110
111111111111111111111111001000110001101
111111111111111111111111001000011111100
111111111111111111111111001000001101011
111111111111111111111111000111111011010
111111111111111111111111000111101001001
111111111111111111111111000111010111000
111111111111111111111111000111000100111
111111111111111111111111000110110010110
111111111111111111111111000110100000101
111111111111111111111111000110001110100
111111111111111111111111000101111100011
111111111111111111111111000101101010010
111111111111111111111111000101011000001
111111111111111111111111000101000110000
111111111111111111111111000100110011111
111111111111111111111111000100100001110
111111111111111111111111000100001111101
111111111111111111111111000011111101100
111111111111111111111111000011101011011
111111111111111111111111000011011001010
111111111111111111111111000011000111001
111111111111111111111111000010110101000
111111111111111111111111000010100010111
111111111111111111111111000010010000110
111111111111111111111111000001111110101
111111111111111111111111000001101100100
111111111111111111111111000001011010011
111111111111111111111111000001001000010
111111111111111111111111000000110110001
111111111111111111111111000000100100000
111111111111111111111111000000010001111
111111111111111111111110111111111111110
111111111111111111111110111111101101101
111111111111111111111110111111011011100
111111111111111111111110111111001001011
111111111111111111111110111110110111010
111111111111111111111110111110100101001
111111111111111111111110111110010011000
111111111111111111111110111110000000111
111111111111111111111110111101101110110
111111111111111111111110111101011100101
111111111111111111111110111101001010100
111111111111111111111110111100111000011
111111111111111111111110111100100110010
111111111111111111111110111100010100001
111111111111111111111110111100000010000
111111111111111111111110111011101111111
111111111111111111111110111011011101110
111111111111111111111110111011001011101
111111111111111111111110111010111001100
111111111111111111111110111010100111011
111111111111111111111110111010010101010
111111111111111111111110111010000011001
111111111111111111111110111001110001000
111111111111111111111110111001011110111
111111111111111111111110111001001100110
111111111111111111111110111000111010101
111111111111111111111110111000101000100
111111111111111111111110111000010110011
111111111111111111111110111000000100010
111111111111111111111110110111110010001
