000000000000000000000000000000000000000
000000000000000000000000000000010110111
000000000000000000000000000000101101110
000000000000000000000000000001000100101
000000000000000000000000000001011011100
000000000000000000000000000001110010011
000000000000000000000000000010001001010
000000000000000000000000000010100000001
000000000000000000000000000010110111000
000000000000000000000000000011001101111
000000000000000000000000000011100100110
000000000000000000000000000011111011101
000000000000000000000000000100010010100
000000000000000000000000000100101001011
000000000000000000000000000101000000010
000000000000000000000000000101010111001
000000000000000000000000000101101110000
000000000000000000000000000110000100111
000000000000000000000000000110011011110
000000000000000000000000000110110010101
000000000000000000000000000111001001100
000000000000000000000000000111100000011
000000000000000000000000000111110111010
000000000000000000000000001000001110001
000000000000000000000000001000100101000
000000000000000000000000001000111011111
000000000000000000000000001001010010110
000000000000000000000000001001101001101
000000000000000000000000001010000000100
000000000000000000000000001010010111011
000000000000000000000000001010101110010
000000000000000000000000001011000101001
000000000000000000000000001011011100000
000000000000000000000000001011110010111
000000000000000000000000001100001001110
000000000000000000000000001100100000101
000000000000000000000000001100110111100
000000000000000000000000001101001110011
000000000000000000000000001101100101010
000000000000000000000000001101111100001
000000000000000000000000001110010011000
000000000000000000000000001110101001111
000000000000000000000000001111000000110
000000000000000000000000001111010111101
000000000000000000000000001111101110100
000000000000000000000000010000000101011
000000000000000000000000010000011100010
000000000000000000000000010000110011001
000000000000000000000000010001001010000
000000000000000000000000010001100000111
000000000000000000000000010001110111110
000000000000000000000000010010001110101
000000000000000000000000010010100101100
000000000000000000000000010010111100011
000000000000000000000000010011010011010
000000000000000000000000010011101010001
000000000000000000000000010100000001000
000000000000000000000000010100010111111
000000000000000000000000010100101110110
000000000000000000000000010101000101101
000000000000000000000000010101011100100
000000000000000000000000010101110011011
000000000000000000000000010110001010010
000000000000000000000000010110100001001
000000000000000000000000010110111000000
000000000000000000000000010111001110111
000000000000000000000000010111100101110
000000000000000000000000010111111100101
000000000000000000000000011000010011100
000000000000000000000000011000101010011
000000000000000000000000011001000001010
000000000000000000000000011001011000001
000000000000000000000000011001101111000
000000000000000000000000011010000101111
000000000000000000000000011010011100110
000000000000000000000000011010110011101
000000000000000000000000011011001010100
000000000000000000000000011011100001011
000000000000000000000000011011111000010
000000000000000000000000011100001111001
000000000000000000000000011100100110000
000000000000000000000000011100111100111
000000000000000000000000011101010011110
000000000000000000000000011101101010101
000000000000000000000000011110000001100
000000000000000000000000011110011000011
000000000000000000000000011110101111010
000000000000000000000000011111000110001
000000000000000000000000011111011101000
000000000000000000000000011111110011111
000000000000000000000000100000001010110
000000000000000000000000100000100001101
000000000000000000000000100000111000100
000000000000000000000000100001001111011
000000000000000000000000100001100110010
000000000000000000000000100001111101001
000000000000000000000000100010010100000
000000000000000000000000100010101010111
000000000000000000000000100011000001110
000000000000000000000000100011011000101
000000000000000000000000100011101111100
000000000000000000000000100100000110011
000000000000000000000000100100011101010
000000000000000000000000100100110100001
000000000000000000000000100101001011000
000000000000000000000000100101100001111
000000000000000000000000100101111000110
000000000000000000000000100110001111101
000000000000000000000000100110100110100
000000000000000000000000100110111101011
000000000000000000000000100111010100010
000000000000000000000000100111101011001
000000000000000000000000101000000010000
000000000000000000000000101000011000111
000000000000000000000000101000101111110
000000000000000000000000101001000110101
000000000000000000000000101001011101100
000000000000000000000000101001110100011
000000000000000000000000101010001011010
000000000000000000000000101010100010001
000000000000000000000000101010111001000
000000000000000000000000101011001111111
000000000000000000000000101011100110110
000000000000000000000000101011111101101
000000000000000000000000101100010100100
000000000000000000000000101100101011011
000000000000000000000000101101000010010
000000000000000000000000101101011001001
000000000000000000000000101101110000000
000000000000000000000000101110000110111
000000000000000000000000101110011101110
000000000000000000000000101110110100101
000000000000000000000000101111001011100
000000000000000000000000101111100010011
000000000000000000000000101111111001010
000000000000000000000000110000010000001
000000000000000000000000110000100111000
000000000000000000000000110000111101111
000000000000000000000000110001010100110
000000000000000000000000110001101011101
000000000000000000000000110010000010100
000000000000000000000000110010011001011
000000000000000000000000110010110000010
000000000000000000000000110011000111001
000000000000000000000000110011011110000
000000000000000000000000110011110100111
000000000000000000000000110100001011110
000000000000000000000000110100100010101
000000000000000000000000110100111001100
000000000000000000000000110101010000011
000000000000000000000000110101100111010
000000000000000000000000110101111110001
000000000000000000000000110110010101000
000000000000000000000000110110101011111
000000000000000000000000110111000010110
000000000000000000000000110111011001101
000000000000000000000000110111110000100
000000000000000000000000111000000111011
000000000000000000000000111000011110010
000000000000000000000000111000110101001
000000000000000000000000111001001100000
000000000000000000000000111001100010111
000000000000000000000000111001111001110
000000000000000000000000111010010000101
000000000000000000000000111010100111100
000000000000000000000000111010111110011
000000000000000000000000111011010101010
000000000000000000000000111011101100001
000000000000000000000000111100000011000
000000000000000000000000111100011001111
000000000000000000000000111100110000110
000000000000000000000000111101000111101
000000000000000000000000111101011110100
000000000000000000000000111101110101011
000000000000000000000000111110001100010
000000000000000000000000111110100011001
000000000000000000000000111110111010000
000000000000000000000000111111010000111
000000000000000000000000111111100111110
000000000000000000000000111111111110101
000000000000000000000001000000010101100
000000000000000000000001000000101100011
000000000000000000000001000001000011010
000000000000000000000001000001011010001
000000000000000000000001000001110001000
000000000000000000000001000010000111111
000000000000000000000001000010011110110
000000000000000000000001000010110101101
000000000000000000000001000011001100100
000000000000000000000001000011100011011
000000000000000000000001000011111010010
000000000000000000000001000100010001001
000000000000000000000001000100101000000
000000000000000000000001000100111110111
000000000000000000000001000101010101110
000000000000000000000001000101101100101
000000000000000000000001000110000011100
000000000000000000000001000110011010011
000000000000000000000001000110110001010
000000000000000000000001000111001000001
000000000000000000000001000111011111000
000000000000000000000001000111110101111
000000000000000000000001001000001100110
000000000000000000000001001000100011101
000000000000000000000001001000111010100
000000000000000000000001001001010001011
000000000000000000000001001001101000010
000000000000000000000001001001111111001
000000000000000000000001001010010110000
000000000000000000000001001010101100111
000000000000000000000001001011000011110
000000000000000000000001001011011010101
000000000000000000000001001011110001100
000000000000000000000001001100001000011
000000000000000000000001001100011111010
000000000000000000000001001100110110001
000000000000000000000001001101001101000
000000000000000000000001001101100011111
000000000000000000000001001101111010110
000000000000000000000001001110010001101
000000000000000000000001001110101000100
000000000000000000000001001110111111011
000000000000000000000001001111010110010
000000000000000000000001001111101101001
000000000000000000000001010000000100000
000000000000000000000001010000011010111
000000000000000000000001010000110001110
000000000000000000000001010001001000101
000000000000000000000001010001011111100
000000000000000000000001010001110110011
000000000000000000000001010010001101010
000000000000000000000001010010100100001
000000000000000000000001010010111011000
000000000000000000000001010011010001111
000000000000000000000001010011101000110
000000000000000000000001010011111111101
000000000000000000000001010100010110100
000000000000000000000001010100101101011
000000000000000000000001010101000100010
000000000000000000000001010101011011001
000000000000000000000001010101110010000
000000000000000000000001010110001000111
000000000000000000000001010110011111110
000000000000000000000001010110110110101
000000000000000000000001010111001101100
000000000000000000000001010111100100011
000000000000000000000001010111111011010
000000000000000000000001011000010010001
000000000000000000000001011000101001000
000000000000000000000001011000111111111
000000000000000000000001011001010110110
000000000000000000000001011001101101101
000000000000000000000001011010000100100
000000000000000000000001011010011011011
000000000000000000000001011010110010010
000000000000000000000001011011001001001
