000000000000000000000000000000000000000
111111111111111111111111111111111111101
111111111111111111111111111111111111010
111111111111111111111111111111111110111
111111111111111111111111111111111110100
111111111111111111111111111111111110001
111111111111111111111111111111111101110
111111111111111111111111111111111101011
111111111111111111111111111111111101000
111111111111111111111111111111111100101
111111111111111111111111111111111100010
111111111111111111111111111111111011111
111111111111111111111111111111111011100
111111111111111111111111111111111011001
111111111111111111111111111111111010110
111111111111111111111111111111111010011
111111111111111111111111111111111010000
111111111111111111111111111111111001101
111111111111111111111111111111111001010
111111111111111111111111111111111000111
111111111111111111111111111111111000100
111111111111111111111111111111111000001
111111111111111111111111111111110111110
111111111111111111111111111111110111011
111111111111111111111111111111110111000
111111111111111111111111111111110110101
111111111111111111111111111111110110010
111111111111111111111111111111110101111
111111111111111111111111111111110101100
111111111111111111111111111111110101001
111111111111111111111111111111110100110
111111111111111111111111111111110100011
111111111111111111111111111111110100000
111111111111111111111111111111110011101
111111111111111111111111111111110011010
111111111111111111111111111111110010111
111111111111111111111111111111110010100
111111111111111111111111111111110010001
111111111111111111111111111111110001110
111111111111111111111111111111110001011
111111111111111111111111111111110001000
111111111111111111111111111111110000101
111111111111111111111111111111110000010
111111111111111111111111111111101111111
111111111111111111111111111111101111100
111111111111111111111111111111101111001
111111111111111111111111111111101110110
111111111111111111111111111111101110011
111111111111111111111111111111101110000
111111111111111111111111111111101101101
111111111111111111111111111111101101010
111111111111111111111111111111101100111
111111111111111111111111111111101100100
111111111111111111111111111111101100001
111111111111111111111111111111101011110
111111111111111111111111111111101011011
111111111111111111111111111111101011000
111111111111111111111111111111101010101
111111111111111111111111111111101010010
111111111111111111111111111111101001111
111111111111111111111111111111101001100
111111111111111111111111111111101001001
111111111111111111111111111111101000110
111111111111111111111111111111101000011
111111111111111111111111111111101000000
111111111111111111111111111111100111101
111111111111111111111111111111100111010
111111111111111111111111111111100110111
111111111111111111111111111111100110100
111111111111111111111111111111100110001
111111111111111111111111111111100101110
111111111111111111111111111111100101011
111111111111111111111111111111100101000
111111111111111111111111111111100100101
111111111111111111111111111111100100010
111111111111111111111111111111100011111
111111111111111111111111111111100011100
111111111111111111111111111111100011001
111111111111111111111111111111100010110
111111111111111111111111111111100010011
111111111111111111111111111111100010000
111111111111111111111111111111100001101
111111111111111111111111111111100001010
111111111111111111111111111111100000111
111111111111111111111111111111100000100
111111111111111111111111111111100000001
111111111111111111111111111111011111110
111111111111111111111111111111011111011
111111111111111111111111111111011111000
111111111111111111111111111111011110101
111111111111111111111111111111011110010
111111111111111111111111111111011101111
111111111111111111111111111111011101100
111111111111111111111111111111011101001
111111111111111111111111111111011100110
111111111111111111111111111111011100011
111111111111111111111111111111011100000
111111111111111111111111111111011011101
111111111111111111111111111111011011010
111111111111111111111111111111011010111
111111111111111111111111111111011010100
111111111111111111111111111111011010001
111111111111111111111111111111011001110
111111111111111111111111111111011001011
111111111111111111111111111111011001000
111111111111111111111111111111011000101
111111111111111111111111111111011000010
111111111111111111111111111111010111111
111111111111111111111111111111010111100
111111111111111111111111111111010111001
111111111111111111111111111111010110110
111111111111111111111111111111010110011
111111111111111111111111111111010110000
111111111111111111111111111111010101101
111111111111111111111111111111010101010
111111111111111111111111111111010100111
111111111111111111111111111111010100100
111111111111111111111111111111010100001
111111111111111111111111111111010011110
111111111111111111111111111111010011011
111111111111111111111111111111010011000
111111111111111111111111111111010010101
111111111111111111111111111111010010010
111111111111111111111111111111010001111
111111111111111111111111111111010001100
111111111111111111111111111111010001001
111111111111111111111111111111010000110
111111111111111111111111111111010000011
111111111111111111111111111111010000000
111111111111111111111111111111001111101
111111111111111111111111111111001111010
111111111111111111111111111111001110111
111111111111111111111111111111001110100
111111111111111111111111111111001110001
111111111111111111111111111111001101110
111111111111111111111111111111001101011
111111111111111111111111111111001101000
111111111111111111111111111111001100101
111111111111111111111111111111001100010
111111111111111111111111111111001011111
111111111111111111111111111111001011100
111111111111111111111111111111001011001
111111111111111111111111111111001010110
111111111111111111111111111111001010011
111111111111111111111111111111001010000
111111111111111111111111111111001001101
111111111111111111111111111111001001010
111111111111111111111111111111001000111
111111111111111111111111111111001000100
111111111111111111111111111111001000001
111111111111111111111111111111000111110
111111111111111111111111111111000111011
111111111111111111111111111111000111000
111111111111111111111111111111000110101
111111111111111111111111111111000110010
111111111111111111111111111111000101111
111111111111111111111111111111000101100
111111111111111111111111111111000101001
111111111111111111111111111111000100110
111111111111111111111111111111000100011
111111111111111111111111111111000100000
111111111111111111111111111111000011101
111111111111111111111111111111000011010
111111111111111111111111111111000010111
111111111111111111111111111111000010100
111111111111111111111111111111000010001
111111111111111111111111111111000001110
111111111111111111111111111111000001011
111111111111111111111111111111000001000
111111111111111111111111111111000000101
111111111111111111111111111111000000010
111111111111111111111111111110111111111
111111111111111111111111111110111111100
111111111111111111111111111110111111001
111111111111111111111111111110111110110
111111111111111111111111111110111110011
111111111111111111111111111110111110000
111111111111111111111111111110111101101
111111111111111111111111111110111101010
111111111111111111111111111110111100111
111111111111111111111111111110111100100
111111111111111111111111111110111100001
111111111111111111111111111110111011110
111111111111111111111111111110111011011
111111111111111111111111111110111011000
111111111111111111111111111110111010101
111111111111111111111111111110111010010
111111111111111111111111111110111001111
111111111111111111111111111110111001100
111111111111111111111111111110111001001
111111111111111111111111111110111000110
111111111111111111111111111110111000011
111111111111111111111111111110111000000
111111111111111111111111111110110111101
111111111111111111111111111110110111010
111111111111111111111111111110110110111
111111111111111111111111111110110110100
111111111111111111111111111110110110001
111111111111111111111111111110110101110
111111111111111111111111111110110101011
111111111111111111111111111110110101000
111111111111111111111111111110110100101
111111111111111111111111111110110100010
111111111111111111111111111110110011111
111111111111111111111111111110110011100
111111111111111111111111111110110011001
111111111111111111111111111110110010110
111111111111111111111111111110110010011
111111111111111111111111111110110010000
111111111111111111111111111110110001101
111111111111111111111111111110110001010
111111111111111111111111111110110000111
111111111111111111111111111110110000100
111111111111111111111111111110110000001
111111111111111111111111111110101111110
111111111111111111111111111110101111011
111111111111111111111111111110101111000
111111111111111111111111111110101110101
111111111111111111111111111110101110010
111111111111111111111111111110101101111
111111111111111111111111111110101101100
111111111111111111111111111110101101001
111111111111111111111111111110101100110
111111111111111111111111111110101100011
111111111111111111111111111110101100000
111111111111111111111111111110101011101
111111111111111111111111111110101011010
111111111111111111111111111110101010111
111111111111111111111111111110101010100
111111111111111111111111111110101010001
111111111111111111111111111110101001110
111111111111111111111111111110101001011
111111111111111111111111111110101001000
111111111111111111111111111110101000101
111111111111111111111111111110101000010
111111111111111111111111111110100111111
111111111111111111111111111110100111100
111111111111111111111111111110100111001
111111111111111111111111111110100110110
111111111111111111111111111110100110011
111111111111111111111111111110100110000
111111111111111111111111111110100101101
111111111111111111111111111110100101010
111111111111111111111111111110100100111
111111111111111111111111111110100100100
111111111111111111111111111110100100001
111111111111111111111111111110100011110
111111111111111111111111111110100011011
111111111111111111111111111110100011000
111111111111111111111111111110100010101
111111111111111111111111111110100010010
111111111111111111111111111110100001111
111111111111111111111111111110100001100
111111111111111111111111111110100001001
111111111111111111111111111110100000110
111111111111111111111111111110100000011
