000000000000000000000000000000000000000
000000000000000000000000000000001011001
000000000000000000000000000000010110010
000000000000000000000000000000100001011
000000000000000000000000000000101100100
000000000000000000000000000000110111101
000000000000000000000000000001000010110
000000000000000000000000000001001101111
000000000000000000000000000001011001000
000000000000000000000000000001100100001
000000000000000000000000000001101111010
000000000000000000000000000001111010011
000000000000000000000000000010000101100
000000000000000000000000000010010000101
000000000000000000000000000010011011110
000000000000000000000000000010100110111
000000000000000000000000000010110010000
000000000000000000000000000010111101001
000000000000000000000000000011001000010
000000000000000000000000000011010011011
000000000000000000000000000011011110100
000000000000000000000000000011101001101
000000000000000000000000000011110100110
000000000000000000000000000011111111111
000000000000000000000000000100001011000
000000000000000000000000000100010110001
000000000000000000000000000100100001010
000000000000000000000000000100101100011
000000000000000000000000000100110111100
000000000000000000000000000101000010101
000000000000000000000000000101001101110
000000000000000000000000000101011000111
000000000000000000000000000101100100000
000000000000000000000000000101101111001
000000000000000000000000000101111010010
000000000000000000000000000110000101011
000000000000000000000000000110010000100
000000000000000000000000000110011011101
000000000000000000000000000110100110110
000000000000000000000000000110110001111
000000000000000000000000000110111101000
000000000000000000000000000111001000001
000000000000000000000000000111010011010
000000000000000000000000000111011110011
000000000000000000000000000111101001100
000000000000000000000000000111110100101
000000000000000000000000000111111111110
000000000000000000000000001000001010111
000000000000000000000000001000010110000
000000000000000000000000001000100001001
000000000000000000000000001000101100010
000000000000000000000000001000110111011
000000000000000000000000001001000010100
000000000000000000000000001001001101101
000000000000000000000000001001011000110
000000000000000000000000001001100011111
000000000000000000000000001001101111000
000000000000000000000000001001111010001
000000000000000000000000001010000101010
000000000000000000000000001010010000011
000000000000000000000000001010011011100
000000000000000000000000001010100110101
000000000000000000000000001010110001110
000000000000000000000000001010111100111
000000000000000000000000001011001000000
000000000000000000000000001011010011001
000000000000000000000000001011011110010
000000000000000000000000001011101001011
000000000000000000000000001011110100100
000000000000000000000000001011111111101
000000000000000000000000001100001010110
000000000000000000000000001100010101111
000000000000000000000000001100100001000
000000000000000000000000001100101100001
000000000000000000000000001100110111010
000000000000000000000000001101000010011
000000000000000000000000001101001101100
000000000000000000000000001101011000101
000000000000000000000000001101100011110
000000000000000000000000001101101110111
000000000000000000000000001101111010000
000000000000000000000000001110000101001
000000000000000000000000001110010000010
000000000000000000000000001110011011011
000000000000000000000000001110100110100
000000000000000000000000001110110001101
000000000000000000000000001110111100110
000000000000000000000000001111000111111
000000000000000000000000001111010011000
000000000000000000000000001111011110001
000000000000000000000000001111101001010
000000000000000000000000001111110100011
000000000000000000000000001111111111100
000000000000000000000000010000001010101
000000000000000000000000010000010101110
000000000000000000000000010000100000111
000000000000000000000000010000101100000
000000000000000000000000010000110111001
000000000000000000000000010001000010010
000000000000000000000000010001001101011
000000000000000000000000010001011000100
000000000000000000000000010001100011101
000000000000000000000000010001101110110
000000000000000000000000010001111001111
000000000000000000000000010010000101000
000000000000000000000000010010010000001
000000000000000000000000010010011011010
000000000000000000000000010010100110011
000000000000000000000000010010110001100
000000000000000000000000010010111100101
000000000000000000000000010011000111110
000000000000000000000000010011010010111
000000000000000000000000010011011110000
000000000000000000000000010011101001001
000000000000000000000000010011110100010
000000000000000000000000010011111111011
000000000000000000000000010100001010100
000000000000000000000000010100010101101
000000000000000000000000010100100000110
000000000000000000000000010100101011111
000000000000000000000000010100110111000
000000000000000000000000010101000010001
000000000000000000000000010101001101010
000000000000000000000000010101011000011
000000000000000000000000010101100011100
000000000000000000000000010101101110101
000000000000000000000000010101111001110
000000000000000000000000010110000100111
000000000000000000000000010110010000000
000000000000000000000000010110011011001
000000000000000000000000010110100110010
000000000000000000000000010110110001011
000000000000000000000000010110111100100
000000000000000000000000010111000111101
000000000000000000000000010111010010110
000000000000000000000000010111011101111
000000000000000000000000010111101001000
000000000000000000000000010111110100001
000000000000000000000000010111111111010
000000000000000000000000011000001010011
000000000000000000000000011000010101100
000000000000000000000000011000100000101
000000000000000000000000011000101011110
000000000000000000000000011000110110111
000000000000000000000000011001000010000
000000000000000000000000011001001101001
000000000000000000000000011001011000010
000000000000000000000000011001100011011
000000000000000000000000011001101110100
000000000000000000000000011001111001101
000000000000000000000000011010000100110
000000000000000000000000011010001111111
000000000000000000000000011010011011000
000000000000000000000000011010100110001
000000000000000000000000011010110001010
000000000000000000000000011010111100011
000000000000000000000000011011000111100
000000000000000000000000011011010010101
000000000000000000000000011011011101110
000000000000000000000000011011101000111
000000000000000000000000011011110100000
000000000000000000000000011011111111001
000000000000000000000000011100001010010
000000000000000000000000011100010101011
000000000000000000000000011100100000100
000000000000000000000000011100101011101
000000000000000000000000011100110110110
000000000000000000000000011101000001111
000000000000000000000000011101001101000
000000000000000000000000011101011000001
000000000000000000000000011101100011010
000000000000000000000000011101101110011
000000000000000000000000011101111001100
000000000000000000000000011110000100101
000000000000000000000000011110001111110
000000000000000000000000011110011010111
000000000000000000000000011110100110000
000000000000000000000000011110110001001
000000000000000000000000011110111100010
000000000000000000000000011111000111011
000000000000000000000000011111010010100
000000000000000000000000011111011101101
000000000000000000000000011111101000110
000000000000000000000000011111110011111
000000000000000000000000011111111111000
000000000000000000000000100000001010001
000000000000000000000000100000010101010
000000000000000000000000100000100000011
000000000000000000000000100000101011100
000000000000000000000000100000110110101
000000000000000000000000100001000001110
000000000000000000000000100001001100111
000000000000000000000000100001011000000
000000000000000000000000100001100011001
000000000000000000000000100001101110010
000000000000000000000000100001111001011
000000000000000000000000100010000100100
000000000000000000000000100010001111101
000000000000000000000000100010011010110
000000000000000000000000100010100101111
000000000000000000000000100010110001000
000000000000000000000000100010111100001
000000000000000000000000100011000111010
000000000000000000000000100011010010011
000000000000000000000000100011011101100
000000000000000000000000100011101000101
000000000000000000000000100011110011110
000000000000000000000000100011111110111
000000000000000000000000100100001010000
000000000000000000000000100100010101001
000000000000000000000000100100100000010
000000000000000000000000100100101011011
000000000000000000000000100100110110100
000000000000000000000000100101000001101
000000000000000000000000100101001100110
000000000000000000000000100101010111111
000000000000000000000000100101100011000
000000000000000000000000100101101110001
000000000000000000000000100101111001010
000000000000000000000000100110000100011
000000000000000000000000100110001111100
000000000000000000000000100110011010101
000000000000000000000000100110100101110
000000000000000000000000100110110000111
000000000000000000000000100110111100000
000000000000000000000000100111000111001
000000000000000000000000100111010010010
000000000000000000000000100111011101011
000000000000000000000000100111101000100
000000000000000000000000100111110011101
000000000000000000000000100111111110110
000000000000000000000000101000001001111
000000000000000000000000101000010101000
000000000000000000000000101000100000001
000000000000000000000000101000101011010
000000000000000000000000101000110110011
000000000000000000000000101001000001100
000000000000000000000000101001001100101
000000000000000000000000101001010111110
000000000000000000000000101001100010111
000000000000000000000000101001101110000
000000000000000000000000101001111001001
000000000000000000000000101010000100010
000000000000000000000000101010001111011
000000000000000000000000101010011010100
000000000000000000000000101010100101101
000000000000000000000000101010110000110
000000000000000000000000101010111011111
000000000000000000000000101011000111000
000000000000000000000000101011010010001
000000000000000000000000101011011101010
000000000000000000000000101011101000011
000000000000000000000000101011110011100
000000000000000000000000101011111110101
000000000000000000000000101100001001110
000000000000000000000000101100010100111
