000000000000000000000000000000000000000
111111111111111111111111111111111100011
111111111111111111111111111111111000110
111111111111111111111111111111110101001
111111111111111111111111111111110001100
111111111111111111111111111111101101111
111111111111111111111111111111101010010
111111111111111111111111111111100110101
111111111111111111111111111111100011000
111111111111111111111111111111011111011
111111111111111111111111111111011011110
111111111111111111111111111111011000001
111111111111111111111111111111010100100
111111111111111111111111111111010000111
111111111111111111111111111111001101010
111111111111111111111111111111001001101
111111111111111111111111111111000110000
111111111111111111111111111111000010011
111111111111111111111111111110111110110
111111111111111111111111111110111011001
111111111111111111111111111110110111100
111111111111111111111111111110110011111
111111111111111111111111111110110000010
111111111111111111111111111110101100101
111111111111111111111111111110101001000
111111111111111111111111111110100101011
111111111111111111111111111110100001110
111111111111111111111111111110011110001
111111111111111111111111111110011010100
111111111111111111111111111110010110111
111111111111111111111111111110010011010
111111111111111111111111111110001111101
111111111111111111111111111110001100000
111111111111111111111111111110001000011
111111111111111111111111111110000100110
111111111111111111111111111110000001001
111111111111111111111111111101111101100
111111111111111111111111111101111001111
111111111111111111111111111101110110010
111111111111111111111111111101110010101
111111111111111111111111111101101111000
111111111111111111111111111101101011011
111111111111111111111111111101100111110
111111111111111111111111111101100100001
111111111111111111111111111101100000100
111111111111111111111111111101011100111
111111111111111111111111111101011001010
111111111111111111111111111101010101101
111111111111111111111111111101010010000
111111111111111111111111111101001110011
111111111111111111111111111101001010110
111111111111111111111111111101000111001
111111111111111111111111111101000011100
111111111111111111111111111100111111111
111111111111111111111111111100111100010
111111111111111111111111111100111000101
111111111111111111111111111100110101000
111111111111111111111111111100110001011
111111111111111111111111111100101101110
111111111111111111111111111100101010001
111111111111111111111111111100100110100
111111111111111111111111111100100010111
111111111111111111111111111100011111010
111111111111111111111111111100011011101
111111111111111111111111111100011000000
111111111111111111111111111100010100011
111111111111111111111111111100010000110
111111111111111111111111111100001101001
111111111111111111111111111100001001100
111111111111111111111111111100000101111
111111111111111111111111111100000010010
111111111111111111111111111011111110101
111111111111111111111111111011111011000
111111111111111111111111111011110111011
111111111111111111111111111011110011110
111111111111111111111111111011110000001
111111111111111111111111111011101100100
111111111111111111111111111011101000111
111111111111111111111111111011100101010
111111111111111111111111111011100001101
111111111111111111111111111011011110000
111111111111111111111111111011011010011
111111111111111111111111111011010110110
111111111111111111111111111011010011001
111111111111111111111111111011001111100
111111111111111111111111111011001011111
111111111111111111111111111011001000010
111111111111111111111111111011000100101
111111111111111111111111111011000001000
111111111111111111111111111010111101011
111111111111111111111111111010111001110
111111111111111111111111111010110110001
111111111111111111111111111010110010100
111111111111111111111111111010101110111
111111111111111111111111111010101011010
111111111111111111111111111010100111101
111111111111111111111111111010100100000
111111111111111111111111111010100000011
111111111111111111111111111010011100110
111111111111111111111111111010011001001
111111111111111111111111111010010101100
111111111111111111111111111010010001111
111111111111111111111111111010001110010
111111111111111111111111111010001010101
111111111111111111111111111010000111000
111111111111111111111111111010000011011
111111111111111111111111111001111111110
111111111111111111111111111001111100001
111111111111111111111111111001111000100
111111111111111111111111111001110100111
111111111111111111111111111001110001010
111111111111111111111111111001101101101
111111111111111111111111111001101010000
111111111111111111111111111001100110011
111111111111111111111111111001100010110
111111111111111111111111111001011111001
111111111111111111111111111001011011100
111111111111111111111111111001010111111
111111111111111111111111111001010100010
111111111111111111111111111001010000101
111111111111111111111111111001001101000
111111111111111111111111111001001001011
111111111111111111111111111001000101110
111111111111111111111111111001000010001
111111111111111111111111111000111110100
111111111111111111111111111000111010111
111111111111111111111111111000110111010
111111111111111111111111111000110011101
111111111111111111111111111000110000000
111111111111111111111111111000101100011
111111111111111111111111111000101000110
111111111111111111111111111000100101001
111111111111111111111111111000100001100
111111111111111111111111111000011101111
111111111111111111111111111000011010010
111111111111111111111111111000010110101
111111111111111111111111111000010011000
111111111111111111111111111000001111011
111111111111111111111111111000001011110
111111111111111111111111111000001000001
111111111111111111111111111000000100100
111111111111111111111111111000000000111
111111111111111111111111110111111101010
111111111111111111111111110111111001101
111111111111111111111111110111110110000
111111111111111111111111110111110010011
111111111111111111111111110111101110110
111111111111111111111111110111101011001
111111111111111111111111110111100111100
111111111111111111111111110111100011111
111111111111111111111111110111100000010
111111111111111111111111110111011100101
111111111111111111111111110111011001000
111111111111111111111111110111010101011
111111111111111111111111110111010001110
111111111111111111111111110111001110001
111111111111111111111111110111001010100
111111111111111111111111110111000110111
111111111111111111111111110111000011010
111111111111111111111111110110111111101
111111111111111111111111110110111100000
111111111111111111111111110110111000011
111111111111111111111111110110110100110
111111111111111111111111110110110001001
111111111111111111111111110110101101100
111111111111111111111111110110101001111
111111111111111111111111110110100110010
111111111111111111111111110110100010101
111111111111111111111111110110011111000
111111111111111111111111110110011011011
111111111111111111111111110110010111110
111111111111111111111111110110010100001
111111111111111111111111110110010000100
111111111111111111111111110110001100111
111111111111111111111111110110001001010
111111111111111111111111110110000101101
111111111111111111111111110110000010000
111111111111111111111111110101111110011
111111111111111111111111110101111010110
111111111111111111111111110101110111001
111111111111111111111111110101110011100
111111111111111111111111110101101111111
111111111111111111111111110101101100010
111111111111111111111111110101101000101
111111111111111111111111110101100101000
111111111111111111111111110101100001011
111111111111111111111111110101011101110
111111111111111111111111110101011010001
111111111111111111111111110101010110100
111111111111111111111111110101010010111
111111111111111111111111110101001111010
111111111111111111111111110101001011101
111111111111111111111111110101001000000
111111111111111111111111110101000100011
111111111111111111111111110101000000110
111111111111111111111111110100111101001
111111111111111111111111110100111001100
111111111111111111111111110100110101111
111111111111111111111111110100110010010
111111111111111111111111110100101110101
111111111111111111111111110100101011000
111111111111111111111111110100100111011
111111111111111111111111110100100011110
111111111111111111111111110100100000001
111111111111111111111111110100011100100
111111111111111111111111110100011000111
111111111111111111111111110100010101010
111111111111111111111111110100010001101
111111111111111111111111110100001110000
111111111111111111111111110100001010011
111111111111111111111111110100000110110
111111111111111111111111110100000011001
111111111111111111111111110011111111100
111111111111111111111111110011111011111
111111111111111111111111110011111000010
111111111111111111111111110011110100101
111111111111111111111111110011110001000
111111111111111111111111110011101101011
111111111111111111111111110011101001110
111111111111111111111111110011100110001
111111111111111111111111110011100010100
111111111111111111111111110011011110111
111111111111111111111111110011011011010
111111111111111111111111110011010111101
111111111111111111111111110011010100000
111111111111111111111111110011010000011
111111111111111111111111110011001100110
111111111111111111111111110011001001001
111111111111111111111111110011000101100
111111111111111111111111110011000001111
111111111111111111111111110010111110010
111111111111111111111111110010111010101
111111111111111111111111110010110111000
111111111111111111111111110010110011011
111111111111111111111111110010101111110
111111111111111111111111110010101100001
111111111111111111111111110010101000100
111111111111111111111111110010100100111
111111111111111111111111110010100001010
111111111111111111111111110010011101101
111111111111111111111111110010011010000
111111111111111111111111110010010110011
111111111111111111111111110010010010110
111111111111111111111111110010001111001
111111111111111111111111110010001011100
111111111111111111111111110010000111111
111111111111111111111111110010000100010
111111111111111111111111110010000000101
111111111111111111111111110001111101000
111111111111111111111111110001111001011
111111111111111111111111110001110101110
111111111111111111111111110001110010001
111111111111111111111111110001101110100
111111111111111111111111110001101010111
111111111111111111111111110001100111010
111111111111111111111111110001100011101
