000000000000000000000000000000000000000
111111111111111111111111111111100011001
111111111111111111111111111111000110010
111111111111111111111111111110101001011
111111111111111111111111111110001100100
111111111111111111111111111101101111101
111111111111111111111111111101010010110
111111111111111111111111111100110101111
111111111111111111111111111100011001000
111111111111111111111111111011111100001
111111111111111111111111111011011111010
111111111111111111111111111011000010011
111111111111111111111111111010100101100
111111111111111111111111111010001000101
111111111111111111111111111001101011110
111111111111111111111111111001001110111
111111111111111111111111111000110010000
111111111111111111111111111000010101001
111111111111111111111111110111111000010
111111111111111111111111110111011011011
111111111111111111111111110110111110100
111111111111111111111111110110100001101
111111111111111111111111110110000100110
111111111111111111111111110101100111111
111111111111111111111111110101001011000
111111111111111111111111110100101110001
111111111111111111111111110100010001010
111111111111111111111111110011110100011
111111111111111111111111110011010111100
111111111111111111111111110010111010101
111111111111111111111111110010011101110
111111111111111111111111110010000000111
111111111111111111111111110001100100000
111111111111111111111111110001000111001
111111111111111111111111110000101010010
111111111111111111111111110000001101011
111111111111111111111111101111110000100
111111111111111111111111101111010011101
111111111111111111111111101110110110110
111111111111111111111111101110011001111
111111111111111111111111101101111101000
111111111111111111111111101101100000001
111111111111111111111111101101000011010
111111111111111111111111101100100110011
111111111111111111111111101100001001100
111111111111111111111111101011101100101
111111111111111111111111101011001111110
111111111111111111111111101010110010111
111111111111111111111111101010010110000
111111111111111111111111101001111001001
111111111111111111111111101001011100010
111111111111111111111111101000111111011
111111111111111111111111101000100010100
111111111111111111111111101000000101101
111111111111111111111111100111101000110
111111111111111111111111100111001011111
111111111111111111111111100110101111000
111111111111111111111111100110010010001
111111111111111111111111100101110101010
111111111111111111111111100101011000011
111111111111111111111111100100111011100
111111111111111111111111100100011110101
111111111111111111111111100100000001110
111111111111111111111111100011100100111
111111111111111111111111100011001000000
111111111111111111111111100010101011001
111111111111111111111111100010001110010
111111111111111111111111100001110001011
111111111111111111111111100001010100100
111111111111111111111111100000110111101
111111111111111111111111100000011010110
111111111111111111111111011111111101111
111111111111111111111111011111100001000
111111111111111111111111011111000100001
111111111111111111111111011110100111010
111111111111111111111111011110001010011
111111111111111111111111011101101101100
111111111111111111111111011101010000101
111111111111111111111111011100110011110
111111111111111111111111011100010110111
111111111111111111111111011011111010000
111111111111111111111111011011011101001
111111111111111111111111011011000000010
111111111111111111111111011010100011011
111111111111111111111111011010000110100
111111111111111111111111011001101001101
111111111111111111111111011001001100110
111111111111111111111111011000101111111
111111111111111111111111011000010011000
111111111111111111111111010111110110001
111111111111111111111111010111011001010
111111111111111111111111010110111100011
111111111111111111111111010110011111100
111111111111111111111111010110000010101
111111111111111111111111010101100101110
111111111111111111111111010101001000111
111111111111111111111111010100101100000
111111111111111111111111010100001111001
111111111111111111111111010011110010010
111111111111111111111111010011010101011
111111111111111111111111010010111000100
111111111111111111111111010010011011101
111111111111111111111111010001111110110
111111111111111111111111010001100001111
111111111111111111111111010001000101000
111111111111111111111111010000101000001
111111111111111111111111010000001011010
111111111111111111111111001111101110011
111111111111111111111111001111010001100
111111111111111111111111001110110100101
111111111111111111111111001110010111110
111111111111111111111111001101111010111
111111111111111111111111001101011110000
111111111111111111111111001101000001001
111111111111111111111111001100100100010
111111111111111111111111001100000111011
111111111111111111111111001011101010100
111111111111111111111111001011001101101
111111111111111111111111001010110000110
111111111111111111111111001010010011111
111111111111111111111111001001110111000
111111111111111111111111001001011010001
111111111111111111111111001000111101010
111111111111111111111111001000100000011
111111111111111111111111001000000011100
111111111111111111111111000111100110101
111111111111111111111111000111001001110
111111111111111111111111000110101100111
111111111111111111111111000110010000000
111111111111111111111111000101110011001
111111111111111111111111000101010110010
111111111111111111111111000100111001011
111111111111111111111111000100011100100
111111111111111111111111000011111111101
111111111111111111111111000011100010110
111111111111111111111111000011000101111
111111111111111111111111000010101001000
111111111111111111111111000010001100001
111111111111111111111111000001101111010
111111111111111111111111000001010010011
111111111111111111111111000000110101100
111111111111111111111111000000011000101
111111111111111111111110111111111011110
111111111111111111111110111111011110111
111111111111111111111110111111000010000
111111111111111111111110111110100101001
111111111111111111111110111110001000010
111111111111111111111110111101101011011
111111111111111111111110111101001110100
111111111111111111111110111100110001101
111111111111111111111110111100010100110
111111111111111111111110111011110111111
111111111111111111111110111011011011000
111111111111111111111110111010111110001
111111111111111111111110111010100001010
111111111111111111111110111010000100011
111111111111111111111110111001100111100
111111111111111111111110111001001010101
111111111111111111111110111000101101110
111111111111111111111110111000010000111
111111111111111111111110110111110100000
111111111111111111111110110111010111001
111111111111111111111110110110111010010
111111111111111111111110110110011101011
111111111111111111111110110110000000100
111111111111111111111110110101100011101
111111111111111111111110110101000110110
111111111111111111111110110100101001111
111111111111111111111110110100001101000
111111111111111111111110110011110000001
111111111111111111111110110011010011010
111111111111111111111110110010110110011
111111111111111111111110110010011001100
111111111111111111111110110001111100101
111111111111111111111110110001011111110
111111111111111111111110110001000010111
111111111111111111111110110000100110000
111111111111111111111110110000001001001
111111111111111111111110101111101100010
111111111111111111111110101111001111011
111111111111111111111110101110110010100
111111111111111111111110101110010101101
111111111111111111111110101101111000110
111111111111111111111110101101011011111
111111111111111111111110101100111111000
111111111111111111111110101100100010001
111111111111111111111110101100000101010
111111111111111111111110101011101000011
111111111111111111111110101011001011100
111111111111111111111110101010101110101
111111111111111111111110101010010001110
111111111111111111111110101001110100111
111111111111111111111110101001011000000
111111111111111111111110101000111011001
111111111111111111111110101000011110010
111111111111111111111110101000000001011
111111111111111111111110100111100100100
111111111111111111111110100111000111101
111111111111111111111110100110101010110
111111111111111111111110100110001101111
111111111111111111111110100101110001000
111111111111111111111110100101010100001
111111111111111111111110100100110111010
111111111111111111111110100100011010011
111111111111111111111110100011111101100
111111111111111111111110100011100000101
111111111111111111111110100011000011110
111111111111111111111110100010100110111
111111111111111111111110100010001010000
111111111111111111111110100001101101001
111111111111111111111110100001010000010
111111111111111111111110100000110011011
111111111111111111111110100000010110100
111111111111111111111110011111111001101
111111111111111111111110011111011100110
111111111111111111111110011110111111111
111111111111111111111110011110100011000
111111111111111111111110011110000110001
111111111111111111111110011101101001010
111111111111111111111110011101001100011
111111111111111111111110011100101111100
111111111111111111111110011100010010101
111111111111111111111110011011110101110
111111111111111111111110011011011000111
111111111111111111111110011010111100000
111111111111111111111110011010011111001
111111111111111111111110011010000010010
111111111111111111111110011001100101011
111111111111111111111110011001001000100
111111111111111111111110011000101011101
111111111111111111111110011000001110110
111111111111111111111110010111110001111
111111111111111111111110010111010101000
111111111111111111111110010110111000001
111111111111111111111110010110011011010
111111111111111111111110010101111110011
111111111111111111111110010101100001100
111111111111111111111110010101000100101
111111111111111111111110010100100111110
111111111111111111111110010100001010111
111111111111111111111110010011101110000
111111111111111111111110010011010001001
111111111111111111111110010010110100010
111111111111111111111110010010010111011
111111111111111111111110010001111010100
111111111111111111111110010001011101101
111111111111111111111110010001000000110
111111111111111111111110010000100011111
111111111111111111111110010000000111000
111111111111111111111110001111101010001
111111111111111111111110001111001101010
111111111111111111111110001110110000011
111111111111111111111110001110010011100
111111111111111111111110001101110110101
111111111111111111111110001101011001110
111111111111111111111110001100111100111
