000000000000000000000000000000000000000
000000000000000000000000000000011111101
000000000000000000000000000000111111010
000000000000000000000000000001011110111
000000000000000000000000000001111110100
000000000000000000000000000010011110001
000000000000000000000000000010111101110
000000000000000000000000000011011101011
000000000000000000000000000011111101000
000000000000000000000000000100011100101
000000000000000000000000000100111100010
000000000000000000000000000101011011111
000000000000000000000000000101111011100
000000000000000000000000000110011011001
000000000000000000000000000110111010110
000000000000000000000000000111011010011
000000000000000000000000000111111010000
000000000000000000000000001000011001101
000000000000000000000000001000111001010
000000000000000000000000001001011000111
000000000000000000000000001001111000100
000000000000000000000000001010011000001
000000000000000000000000001010110111110
000000000000000000000000001011010111011
000000000000000000000000001011110111000
000000000000000000000000001100010110101
000000000000000000000000001100110110010
000000000000000000000000001101010101111
000000000000000000000000001101110101100
000000000000000000000000001110010101001
000000000000000000000000001110110100110
000000000000000000000000001111010100011
000000000000000000000000001111110100000
000000000000000000000000010000010011101
000000000000000000000000010000110011010
000000000000000000000000010001010010111
000000000000000000000000010001110010100
000000000000000000000000010010010010001
000000000000000000000000010010110001110
000000000000000000000000010011010001011
000000000000000000000000010011110001000
000000000000000000000000010100010000101
000000000000000000000000010100110000010
000000000000000000000000010101001111111
000000000000000000000000010101101111100
000000000000000000000000010110001111001
000000000000000000000000010110101110110
000000000000000000000000010111001110011
000000000000000000000000010111101110000
000000000000000000000000011000001101101
000000000000000000000000011000101101010
000000000000000000000000011001001100111
000000000000000000000000011001101100100
000000000000000000000000011010001100001
000000000000000000000000011010101011110
000000000000000000000000011011001011011
000000000000000000000000011011101011000
000000000000000000000000011100001010101
000000000000000000000000011100101010010
000000000000000000000000011101001001111
000000000000000000000000011101101001100
000000000000000000000000011110001001001
000000000000000000000000011110101000110
000000000000000000000000011111001000011
000000000000000000000000011111101000000
000000000000000000000000100000000111101
000000000000000000000000100000100111010
000000000000000000000000100001000110111
000000000000000000000000100001100110100
000000000000000000000000100010000110001
000000000000000000000000100010100101110
000000000000000000000000100011000101011
000000000000000000000000100011100101000
000000000000000000000000100100000100101
000000000000000000000000100100100100010
000000000000000000000000100101000011111
000000000000000000000000100101100011100
000000000000000000000000100110000011001
000000000000000000000000100110100010110
000000000000000000000000100111000010011
000000000000000000000000100111100010000
000000000000000000000000101000000001101
000000000000000000000000101000100001010
000000000000000000000000101001000000111
000000000000000000000000101001100000100
000000000000000000000000101010000000001
000000000000000000000000101010011111110
000000000000000000000000101010111111011
000000000000000000000000101011011111000
000000000000000000000000101011111110101
000000000000000000000000101100011110010
000000000000000000000000101100111101111
000000000000000000000000101101011101100
000000000000000000000000101101111101001
000000000000000000000000101110011100110
000000000000000000000000101110111100011
000000000000000000000000101111011100000
000000000000000000000000101111111011101
000000000000000000000000110000011011010
000000000000000000000000110000111010111
000000000000000000000000110001011010100
000000000000000000000000110001111010001
000000000000000000000000110010011001110
000000000000000000000000110010111001011
000000000000000000000000110011011001000
000000000000000000000000110011111000101
000000000000000000000000110100011000010
000000000000000000000000110100110111111
000000000000000000000000110101010111100
000000000000000000000000110101110111001
000000000000000000000000110110010110110
000000000000000000000000110110110110011
000000000000000000000000110111010110000
000000000000000000000000110111110101101
000000000000000000000000111000010101010
000000000000000000000000111000110100111
000000000000000000000000111001010100100
000000000000000000000000111001110100001
000000000000000000000000111010010011110
000000000000000000000000111010110011011
000000000000000000000000111011010011000
000000000000000000000000111011110010101
000000000000000000000000111100010010010
000000000000000000000000111100110001111
000000000000000000000000111101010001100
000000000000000000000000111101110001001
000000000000000000000000111110010000110
000000000000000000000000111110110000011
000000000000000000000000111111010000000
000000000000000000000000111111101111101
000000000000000000000001000000001111010
000000000000000000000001000000101110111
000000000000000000000001000001001110100
000000000000000000000001000001101110001
000000000000000000000001000010001101110
000000000000000000000001000010101101011
000000000000000000000001000011001101000
000000000000000000000001000011101100101
000000000000000000000001000100001100010
000000000000000000000001000100101011111
000000000000000000000001000101001011100
000000000000000000000001000101101011001
000000000000000000000001000110001010110
000000000000000000000001000110101010011
000000000000000000000001000111001010000
000000000000000000000001000111101001101
000000000000000000000001001000001001010
000000000000000000000001001000101000111
000000000000000000000001001001001000100
000000000000000000000001001001101000001
000000000000000000000001001010000111110
000000000000000000000001001010100111011
000000000000000000000001001011000111000
000000000000000000000001001011100110101
000000000000000000000001001100000110010
000000000000000000000001001100100101111
000000000000000000000001001101000101100
000000000000000000000001001101100101001
000000000000000000000001001110000100110
000000000000000000000001001110100100011
000000000000000000000001001111000100000
000000000000000000000001001111100011101
000000000000000000000001010000000011010
000000000000000000000001010000100010111
000000000000000000000001010001000010100
000000000000000000000001010001100010001
000000000000000000000001010010000001110
000000000000000000000001010010100001011
000000000000000000000001010011000001000
000000000000000000000001010011100000101
000000000000000000000001010100000000010
000000000000000000000001010100011111111
000000000000000000000001010100111111100
000000000000000000000001010101011111001
000000000000000000000001010101111110110
000000000000000000000001010110011110011
000000000000000000000001010110111110000
000000000000000000000001010111011101101
000000000000000000000001010111111101010
000000000000000000000001011000011100111
000000000000000000000001011000111100100
000000000000000000000001011001011100001
000000000000000000000001011001111011110
000000000000000000000001011010011011011
000000000000000000000001011010111011000
000000000000000000000001011011011010101
000000000000000000000001011011111010010
000000000000000000000001011100011001111
000000000000000000000001011100111001100
000000000000000000000001011101011001001
000000000000000000000001011101111000110
000000000000000000000001011110011000011
000000000000000000000001011110111000000
000000000000000000000001011111010111101
000000000000000000000001011111110111010
000000000000000000000001100000010110111
000000000000000000000001100000110110100
000000000000000000000001100001010110001
000000000000000000000001100001110101110
000000000000000000000001100010010101011
000000000000000000000001100010110101000
000000000000000000000001100011010100101
000000000000000000000001100011110100010
000000000000000000000001100100010011111
000000000000000000000001100100110011100
000000000000000000000001100101010011001
000000000000000000000001100101110010110
000000000000000000000001100110010010011
000000000000000000000001100110110010000
000000000000000000000001100111010001101
000000000000000000000001100111110001010
000000000000000000000001101000010000111
000000000000000000000001101000110000100
000000000000000000000001101001010000001
000000000000000000000001101001101111110
000000000000000000000001101010001111011
000000000000000000000001101010101111000
000000000000000000000001101011001110101
000000000000000000000001101011101110010
000000000000000000000001101100001101111
000000000000000000000001101100101101100
000000000000000000000001101101001101001
000000000000000000000001101101101100110
000000000000000000000001101110001100011
000000000000000000000001101110101100000
000000000000000000000001101111001011101
000000000000000000000001101111101011010
000000000000000000000001110000001010111
000000000000000000000001110000101010100
000000000000000000000001110001001010001
000000000000000000000001110001101001110
000000000000000000000001110010001001011
000000000000000000000001110010101001000
000000000000000000000001110011001000101
000000000000000000000001110011101000010
000000000000000000000001110100000111111
000000000000000000000001110100100111100
000000000000000000000001110101000111001
000000000000000000000001110101100110110
000000000000000000000001110110000110011
000000000000000000000001110110100110000
000000000000000000000001110111000101101
000000000000000000000001110111100101010
000000000000000000000001111000000100111
000000000000000000000001111000100100100
000000000000000000000001111001000100001
000000000000000000000001111001100011110
000000000000000000000001111010000011011
000000000000000000000001111010100011000
000000000000000000000001111011000010101
000000000000000000000001111011100010010
000000000000000000000001111100000001111
000000000000000000000001111100100001100
000000000000000000000001111101000001001
000000000000000000000001111101100000110
000000000000000000000001111110000000011
