000000000000000000000000000000000000000
000000000000000000000000000000011011010
000000000000000000000000000000110110100
000000000000000000000000000001010001110
000000000000000000000000000001101101000
000000000000000000000000000010001000010
000000000000000000000000000010100011100
000000000000000000000000000010111110110
000000000000000000000000000011011010000
000000000000000000000000000011110101010
000000000000000000000000000100010000100
000000000000000000000000000100101011110
000000000000000000000000000101000111000
000000000000000000000000000101100010010
000000000000000000000000000101111101100
000000000000000000000000000110011000110
000000000000000000000000000110110100000
000000000000000000000000000111001111010
000000000000000000000000000111101010100
000000000000000000000000001000000101110
000000000000000000000000001000100001000
000000000000000000000000001000111100010
000000000000000000000000001001010111100
000000000000000000000000001001110010110
000000000000000000000000001010001110000
000000000000000000000000001010101001010
000000000000000000000000001011000100100
000000000000000000000000001011011111110
000000000000000000000000001011111011000
000000000000000000000000001100010110010
000000000000000000000000001100110001100
000000000000000000000000001101001100110
000000000000000000000000001101101000000
000000000000000000000000001110000011010
000000000000000000000000001110011110100
000000000000000000000000001110111001110
000000000000000000000000001111010101000
000000000000000000000000001111110000010
000000000000000000000000010000001011100
000000000000000000000000010000100110110
000000000000000000000000010001000010000
000000000000000000000000010001011101010
000000000000000000000000010001111000100
000000000000000000000000010010010011110
000000000000000000000000010010101111000
000000000000000000000000010011001010010
000000000000000000000000010011100101100
000000000000000000000000010100000000110
000000000000000000000000010100011100000
000000000000000000000000010100110111010
000000000000000000000000010101010010100
000000000000000000000000010101101101110
000000000000000000000000010110001001000
000000000000000000000000010110100100010
000000000000000000000000010110111111100
000000000000000000000000010111011010110
000000000000000000000000010111110110000
000000000000000000000000011000010001010
000000000000000000000000011000101100100
000000000000000000000000011001000111110
000000000000000000000000011001100011000
000000000000000000000000011001111110010
000000000000000000000000011010011001100
000000000000000000000000011010110100110
000000000000000000000000011011010000000
000000000000000000000000011011101011010
000000000000000000000000011100000110100
000000000000000000000000011100100001110
000000000000000000000000011100111101000
000000000000000000000000011101011000010
000000000000000000000000011101110011100
000000000000000000000000011110001110110
000000000000000000000000011110101010000
000000000000000000000000011111000101010
000000000000000000000000011111100000100
000000000000000000000000011111111011110
000000000000000000000000100000010111000
000000000000000000000000100000110010010
000000000000000000000000100001001101100
000000000000000000000000100001101000110
000000000000000000000000100010000100000
000000000000000000000000100010011111010
000000000000000000000000100010111010100
000000000000000000000000100011010101110
000000000000000000000000100011110001000
000000000000000000000000100100001100010
000000000000000000000000100100100111100
000000000000000000000000100101000010110
000000000000000000000000100101011110000
000000000000000000000000100101111001010
000000000000000000000000100110010100100
000000000000000000000000100110101111110
000000000000000000000000100111001011000
000000000000000000000000100111100110010
000000000000000000000000101000000001100
000000000000000000000000101000011100110
000000000000000000000000101000111000000
000000000000000000000000101001010011010
000000000000000000000000101001101110100
000000000000000000000000101010001001110
000000000000000000000000101010100101000
000000000000000000000000101011000000010
000000000000000000000000101011011011100
000000000000000000000000101011110110110
000000000000000000000000101100010010000
000000000000000000000000101100101101010
000000000000000000000000101101001000100
000000000000000000000000101101100011110
000000000000000000000000101101111111000
000000000000000000000000101110011010010
000000000000000000000000101110110101100
000000000000000000000000101111010000110
000000000000000000000000101111101100000
000000000000000000000000110000000111010
000000000000000000000000110000100010100
000000000000000000000000110000111101110
000000000000000000000000110001011001000
000000000000000000000000110001110100010
000000000000000000000000110010001111100
000000000000000000000000110010101010110
000000000000000000000000110011000110000
000000000000000000000000110011100001010
000000000000000000000000110011111100100
000000000000000000000000110100010111110
000000000000000000000000110100110011000
000000000000000000000000110101001110010
000000000000000000000000110101101001100
000000000000000000000000110110000100110
000000000000000000000000110110100000000
000000000000000000000000110110111011010
000000000000000000000000110111010110100
000000000000000000000000110111110001110
000000000000000000000000111000001101000
000000000000000000000000111000101000010
000000000000000000000000111001000011100
000000000000000000000000111001011110110
000000000000000000000000111001111010000
000000000000000000000000111010010101010
000000000000000000000000111010110000100
000000000000000000000000111011001011110
000000000000000000000000111011100111000
000000000000000000000000111100000010010
000000000000000000000000111100011101100
000000000000000000000000111100111000110
000000000000000000000000111101010100000
000000000000000000000000111101101111010
000000000000000000000000111110001010100
000000000000000000000000111110100101110
000000000000000000000000111111000001000
000000000000000000000000111111011100010
000000000000000000000000111111110111100
000000000000000000000001000000010010110
000000000000000000000001000000101110000
000000000000000000000001000001001001010
000000000000000000000001000001100100100
000000000000000000000001000001111111110
000000000000000000000001000010011011000
000000000000000000000001000010110110010
000000000000000000000001000011010001100
000000000000000000000001000011101100110
000000000000000000000001000100001000000
000000000000000000000001000100100011010
000000000000000000000001000100111110100
000000000000000000000001000101011001110
000000000000000000000001000101110101000
000000000000000000000001000110010000010
000000000000000000000001000110101011100
000000000000000000000001000111000110110
000000000000000000000001000111100010000
000000000000000000000001000111111101010
000000000000000000000001001000011000100
000000000000000000000001001000110011110
000000000000000000000001001001001111000
000000000000000000000001001001101010010
000000000000000000000001001010000101100
000000000000000000000001001010100000110
000000000000000000000001001010111100000
000000000000000000000001001011010111010
000000000000000000000001001011110010100
000000000000000000000001001100001101110
000000000000000000000001001100101001000
000000000000000000000001001101000100010
000000000000000000000001001101011111100
000000000000000000000001001101111010110
000000000000000000000001001110010110000
000000000000000000000001001110110001010
000000000000000000000001001111001100100
000000000000000000000001001111100111110
000000000000000000000001010000000011000
000000000000000000000001010000011110010
000000000000000000000001010000111001100
000000000000000000000001010001010100110
000000000000000000000001010001110000000
000000000000000000000001010010001011010
000000000000000000000001010010100110100
000000000000000000000001010011000001110
000000000000000000000001010011011101000
000000000000000000000001010011111000010
000000000000000000000001010100010011100
000000000000000000000001010100101110110
000000000000000000000001010101001010000
000000000000000000000001010101100101010
000000000000000000000001010110000000100
000000000000000000000001010110011011110
000000000000000000000001010110110111000
000000000000000000000001010111010010010
000000000000000000000001010111101101100
000000000000000000000001011000001000110
000000000000000000000001011000100100000
000000000000000000000001011000111111010
000000000000000000000001011001011010100
000000000000000000000001011001110101110
000000000000000000000001011010010001000
000000000000000000000001011010101100010
000000000000000000000001011011000111100
000000000000000000000001011011100010110
000000000000000000000001011011111110000
000000000000000000000001011100011001010
000000000000000000000001011100110100100
000000000000000000000001011101001111110
000000000000000000000001011101101011000
000000000000000000000001011110000110010
000000000000000000000001011110100001100
000000000000000000000001011110111100110
000000000000000000000001011111011000000
000000000000000000000001011111110011010
000000000000000000000001100000001110100
000000000000000000000001100000101001110
000000000000000000000001100001000101000
000000000000000000000001100001100000010
000000000000000000000001100001111011100
000000000000000000000001100010010110110
000000000000000000000001100010110010000
000000000000000000000001100011001101010
000000000000000000000001100011101000100
000000000000000000000001100100000011110
000000000000000000000001100100011111000
000000000000000000000001100100111010010
000000000000000000000001100101010101100
000000000000000000000001100101110000110
000000000000000000000001100110001100000
000000000000000000000001100110100111010
000000000000000000000001100111000010100
000000000000000000000001100111011101110
000000000000000000000001100111111001000
000000000000000000000001101000010100010
000000000000000000000001101000101111100
000000000000000000000001101001001010110
000000000000000000000001101001100110000
000000000000000000000001101010000001010
000000000000000000000001101010011100100
000000000000000000000001101010110111110
000000000000000000000001101011010011000
000000000000000000000001101011101110010
000000000000000000000001101100001001100
000000000000000000000001101100100100110
