000000000000000000000000000000000000000
000000000000000000000000000000000100011
000000000000000000000000000000001000110
000000000000000000000000000000001101001
000000000000000000000000000000010001100
000000000000000000000000000000010101111
000000000000000000000000000000011010010
000000000000000000000000000000011110101
000000000000000000000000000000100011000
000000000000000000000000000000100111011
000000000000000000000000000000101011110
000000000000000000000000000000110000001
000000000000000000000000000000110100100
000000000000000000000000000000111000111
000000000000000000000000000000111101010
000000000000000000000000000001000001101
000000000000000000000000000001000110000
000000000000000000000000000001001010011
000000000000000000000000000001001110110
000000000000000000000000000001010011001
000000000000000000000000000001010111100
000000000000000000000000000001011011111
000000000000000000000000000001100000010
000000000000000000000000000001100100101
000000000000000000000000000001101001000
000000000000000000000000000001101101011
000000000000000000000000000001110001110
000000000000000000000000000001110110001
000000000000000000000000000001111010100
000000000000000000000000000001111110111
000000000000000000000000000010000011010
000000000000000000000000000010000111101
000000000000000000000000000010001100000
000000000000000000000000000010010000011
000000000000000000000000000010010100110
000000000000000000000000000010011001001
000000000000000000000000000010011101100
000000000000000000000000000010100001111
000000000000000000000000000010100110010
000000000000000000000000000010101010101
000000000000000000000000000010101111000
000000000000000000000000000010110011011
000000000000000000000000000010110111110
000000000000000000000000000010111100001
000000000000000000000000000011000000100
000000000000000000000000000011000100111
000000000000000000000000000011001001010
000000000000000000000000000011001101101
000000000000000000000000000011010010000
000000000000000000000000000011010110011
000000000000000000000000000011011010110
000000000000000000000000000011011111001
000000000000000000000000000011100011100
000000000000000000000000000011100111111
000000000000000000000000000011101100010
000000000000000000000000000011110000101
000000000000000000000000000011110101000
000000000000000000000000000011111001011
000000000000000000000000000011111101110
000000000000000000000000000100000010001
000000000000000000000000000100000110100
000000000000000000000000000100001010111
000000000000000000000000000100001111010
000000000000000000000000000100010011101
000000000000000000000000000100011000000
000000000000000000000000000100011100011
000000000000000000000000000100100000110
000000000000000000000000000100100101001
000000000000000000000000000100101001100
000000000000000000000000000100101101111
000000000000000000000000000100110010010
000000000000000000000000000100110110101
000000000000000000000000000100111011000
000000000000000000000000000100111111011
000000000000000000000000000101000011110
000000000000000000000000000101001000001
000000000000000000000000000101001100100
000000000000000000000000000101010000111
000000000000000000000000000101010101010
000000000000000000000000000101011001101
000000000000000000000000000101011110000
000000000000000000000000000101100010011
000000000000000000000000000101100110110
000000000000000000000000000101101011001
000000000000000000000000000101101111100
000000000000000000000000000101110011111
000000000000000000000000000101111000010
000000000000000000000000000101111100101
000000000000000000000000000110000001000
000000000000000000000000000110000101011
000000000000000000000000000110001001110
000000000000000000000000000110001110001
000000000000000000000000000110010010100
000000000000000000000000000110010110111
000000000000000000000000000110011011010
000000000000000000000000000110011111101
000000000000000000000000000110100100000
000000000000000000000000000110101000011
000000000000000000000000000110101100110
000000000000000000000000000110110001001
000000000000000000000000000110110101100
000000000000000000000000000110111001111
000000000000000000000000000110111110010
000000000000000000000000000111000010101
000000000000000000000000000111000111000
000000000000000000000000000111001011011
000000000000000000000000000111001111110
000000000000000000000000000111010100001
000000000000000000000000000111011000100
000000000000000000000000000111011100111
000000000000000000000000000111100001010
000000000000000000000000000111100101101
000000000000000000000000000111101010000
000000000000000000000000000111101110011
000000000000000000000000000111110010110
000000000000000000000000000111110111001
000000000000000000000000000111111011100
000000000000000000000000000111111111111
000000000000000000000000001000000100010
000000000000000000000000001000001000101
000000000000000000000000001000001101000
000000000000000000000000001000010001011
000000000000000000000000001000010101110
000000000000000000000000001000011010001
000000000000000000000000001000011110100
000000000000000000000000001000100010111
000000000000000000000000001000100111010
000000000000000000000000001000101011101
000000000000000000000000001000110000000
000000000000000000000000001000110100011
000000000000000000000000001000111000110
000000000000000000000000001000111101001
000000000000000000000000001001000001100
000000000000000000000000001001000101111
000000000000000000000000001001001010010
000000000000000000000000001001001110101
000000000000000000000000001001010011000
000000000000000000000000001001010111011
000000000000000000000000001001011011110
000000000000000000000000001001100000001
000000000000000000000000001001100100100
000000000000000000000000001001101000111
000000000000000000000000001001101101010
000000000000000000000000001001110001101
000000000000000000000000001001110110000
000000000000000000000000001001111010011
000000000000000000000000001001111110110
000000000000000000000000001010000011001
000000000000000000000000001010000111100
000000000000000000000000001010001011111
000000000000000000000000001010010000010
000000000000000000000000001010010100101
000000000000000000000000001010011001000
000000000000000000000000001010011101011
000000000000000000000000001010100001110
000000000000000000000000001010100110001
000000000000000000000000001010101010100
000000000000000000000000001010101110111
000000000000000000000000001010110011010
000000000000000000000000001010110111101
000000000000000000000000001010111100000
000000000000000000000000001011000000011
000000000000000000000000001011000100110
000000000000000000000000001011001001001
000000000000000000000000001011001101100
000000000000000000000000001011010001111
000000000000000000000000001011010110010
000000000000000000000000001011011010101
000000000000000000000000001011011111000
000000000000000000000000001011100011011
000000000000000000000000001011100111110
000000000000000000000000001011101100001
000000000000000000000000001011110000100
000000000000000000000000001011110100111
000000000000000000000000001011111001010
000000000000000000000000001011111101101
000000000000000000000000001100000010000
000000000000000000000000001100000110011
000000000000000000000000001100001010110
000000000000000000000000001100001111001
000000000000000000000000001100010011100
000000000000000000000000001100010111111
000000000000000000000000001100011100010
000000000000000000000000001100100000101
000000000000000000000000001100100101000
000000000000000000000000001100101001011
000000000000000000000000001100101101110
000000000000000000000000001100110010001
000000000000000000000000001100110110100
000000000000000000000000001100111010111
000000000000000000000000001100111111010
000000000000000000000000001101000011101
000000000000000000000000001101001000000
000000000000000000000000001101001100011
000000000000000000000000001101010000110
000000000000000000000000001101010101001
000000000000000000000000001101011001100
000000000000000000000000001101011101111
000000000000000000000000001101100010010
000000000000000000000000001101100110101
000000000000000000000000001101101011000
000000000000000000000000001101101111011
000000000000000000000000001101110011110
000000000000000000000000001101111000001
000000000000000000000000001101111100100
000000000000000000000000001110000000111
000000000000000000000000001110000101010
000000000000000000000000001110001001101
000000000000000000000000001110001110000
000000000000000000000000001110010010011
000000000000000000000000001110010110110
000000000000000000000000001110011011001
000000000000000000000000001110011111100
000000000000000000000000001110100011111
000000000000000000000000001110101000010
000000000000000000000000001110101100101
000000000000000000000000001110110001000
000000000000000000000000001110110101011
000000000000000000000000001110111001110
000000000000000000000000001110111110001
000000000000000000000000001111000010100
000000000000000000000000001111000110111
000000000000000000000000001111001011010
000000000000000000000000001111001111101
000000000000000000000000001111010100000
000000000000000000000000001111011000011
000000000000000000000000001111011100110
000000000000000000000000001111100001001
000000000000000000000000001111100101100
000000000000000000000000001111101001111
000000000000000000000000001111101110010
000000000000000000000000001111110010101
000000000000000000000000001111110111000
000000000000000000000000001111111011011
000000000000000000000000001111111111110
000000000000000000000000010000000100001
000000000000000000000000010000001000100
000000000000000000000000010000001100111
000000000000000000000000010000010001010
000000000000000000000000010000010101101
000000000000000000000000010000011010000
000000000000000000000000010000011110011
000000000000000000000000010000100010110
000000000000000000000000010000100111001
000000000000000000000000010000101011100
000000000000000000000000010000101111111
000000000000000000000000010000110100010
000000000000000000000000010000111000101
000000000000000000000000010000111101000
000000000000000000000000010001000001011
000000000000000000000000010001000101110
000000000000000000000000010001001010001
000000000000000000000000010001001110100
000000000000000000000000010001010010111
000000000000000000000000010001010111010
000000000000000000000000010001011011101
