000000000000000000000000000000000000000
111111111111111111111111111111110000111
111111111111111111111111111111100001110
111111111111111111111111111111010010101
111111111111111111111111111111000011100
111111111111111111111111111110110100011
111111111111111111111111111110100101010
111111111111111111111111111110010110001
111111111111111111111111111110000111000
111111111111111111111111111101110111111
111111111111111111111111111101101000110
111111111111111111111111111101011001101
111111111111111111111111111101001010100
111111111111111111111111111100111011011
111111111111111111111111111100101100010
111111111111111111111111111100011101001
111111111111111111111111111100001110000
111111111111111111111111111011111110111
111111111111111111111111111011101111110
111111111111111111111111111011100000101
111111111111111111111111111011010001100
111111111111111111111111111011000010011
111111111111111111111111111010110011010
111111111111111111111111111010100100001
111111111111111111111111111010010101000
111111111111111111111111111010000101111
111111111111111111111111111001110110110
111111111111111111111111111001100111101
111111111111111111111111111001011000100
111111111111111111111111111001001001011
111111111111111111111111111000111010010
111111111111111111111111111000101011001
111111111111111111111111111000011100000
111111111111111111111111111000001100111
111111111111111111111111110111111101110
111111111111111111111111110111101110101
111111111111111111111111110111011111100
111111111111111111111111110111010000011
111111111111111111111111110111000001010
111111111111111111111111110110110010001
111111111111111111111111110110100011000
111111111111111111111111110110010011111
111111111111111111111111110110000100110
111111111111111111111111110101110101101
111111111111111111111111110101100110100
111111111111111111111111110101010111011
111111111111111111111111110101001000010
111111111111111111111111110100111001001
111111111111111111111111110100101010000
111111111111111111111111110100011010111
111111111111111111111111110100001011110
111111111111111111111111110011111100101
111111111111111111111111110011101101100
111111111111111111111111110011011110011
111111111111111111111111110011001111010
111111111111111111111111110011000000001
111111111111111111111111110010110001000
111111111111111111111111110010100001111
111111111111111111111111110010010010110
111111111111111111111111110010000011101
111111111111111111111111110001110100100
111111111111111111111111110001100101011
111111111111111111111111110001010110010
111111111111111111111111110001000111001
111111111111111111111111110000111000000
111111111111111111111111110000101000111
111111111111111111111111110000011001110
111111111111111111111111110000001010101
111111111111111111111111101111111011100
111111111111111111111111101111101100011
111111111111111111111111101111011101010
111111111111111111111111101111001110001
111111111111111111111111101110111111000
111111111111111111111111101110101111111
111111111111111111111111101110100000110
111111111111111111111111101110010001101
111111111111111111111111101110000010100
111111111111111111111111101101110011011
111111111111111111111111101101100100010
111111111111111111111111101101010101001
111111111111111111111111101101000110000
111111111111111111111111101100110110111
111111111111111111111111101100100111110
111111111111111111111111101100011000101
111111111111111111111111101100001001100
111111111111111111111111101011111010011
111111111111111111111111101011101011010
111111111111111111111111101011011100001
111111111111111111111111101011001101000
111111111111111111111111101010111101111
111111111111111111111111101010101110110
111111111111111111111111101010011111101
111111111111111111111111101010010000100
111111111111111111111111101010000001011
111111111111111111111111101001110010010
111111111111111111111111101001100011001
111111111111111111111111101001010100000
111111111111111111111111101001000100111
111111111111111111111111101000110101110
111111111111111111111111101000100110101
111111111111111111111111101000010111100
111111111111111111111111101000001000011
111111111111111111111111100111111001010
111111111111111111111111100111101010001
111111111111111111111111100111011011000
111111111111111111111111100111001011111
111111111111111111111111100110111100110
111111111111111111111111100110101101101
111111111111111111111111100110011110100
111111111111111111111111100110001111011
111111111111111111111111100110000000010
111111111111111111111111100101110001001
111111111111111111111111100101100010000
111111111111111111111111100101010010111
111111111111111111111111100101000011110
111111111111111111111111100100110100101
111111111111111111111111100100100101100
111111111111111111111111100100010110011
111111111111111111111111100100000111010
111111111111111111111111100011111000001
111111111111111111111111100011101001000
111111111111111111111111100011011001111
111111111111111111111111100011001010110
111111111111111111111111100010111011101
111111111111111111111111100010101100100
111111111111111111111111100010011101011
111111111111111111111111100010001110010
111111111111111111111111100001111111001
111111111111111111111111100001110000000
111111111111111111111111100001100000111
111111111111111111111111100001010001110
111111111111111111111111100001000010101
111111111111111111111111100000110011100
111111111111111111111111100000100100011
111111111111111111111111100000010101010
111111111111111111111111100000000110001
111111111111111111111111011111110111000
111111111111111111111111011111100111111
111111111111111111111111011111011000110
111111111111111111111111011111001001101
111111111111111111111111011110111010100
111111111111111111111111011110101011011
111111111111111111111111011110011100010
111111111111111111111111011110001101001
111111111111111111111111011101111110000
111111111111111111111111011101101110111
111111111111111111111111011101011111110
111111111111111111111111011101010000101
111111111111111111111111011101000001100
111111111111111111111111011100110010011
111111111111111111111111011100100011010
111111111111111111111111011100010100001
111111111111111111111111011100000101000
111111111111111111111111011011110101111
111111111111111111111111011011100110110
111111111111111111111111011011010111101
111111111111111111111111011011001000100
111111111111111111111111011010111001011
111111111111111111111111011010101010010
111111111111111111111111011010011011001
111111111111111111111111011010001100000
111111111111111111111111011001111100111
111111111111111111111111011001101101110
111111111111111111111111011001011110101
111111111111111111111111011001001111100
111111111111111111111111011001000000011
111111111111111111111111011000110001010
111111111111111111111111011000100010001
111111111111111111111111011000010011000
111111111111111111111111011000000011111
111111111111111111111111010111110100110
111111111111111111111111010111100101101
111111111111111111111111010111010110100
111111111111111111111111010111000111011
111111111111111111111111010110111000010
111111111111111111111111010110101001001
111111111111111111111111010110011010000
111111111111111111111111010110001010111
111111111111111111111111010101111011110
111111111111111111111111010101101100101
111111111111111111111111010101011101100
111111111111111111111111010101001110011
111111111111111111111111010100111111010
111111111111111111111111010100110000001
111111111111111111111111010100100001000
111111111111111111111111010100010001111
111111111111111111111111010100000010110
111111111111111111111111010011110011101
111111111111111111111111010011100100100
111111111111111111111111010011010101011
111111111111111111111111010011000110010
111111111111111111111111010010110111001
111111111111111111111111010010101000000
111111111111111111111111010010011000111
111111111111111111111111010010001001110
111111111111111111111111010001111010101
111111111111111111111111010001101011100
111111111111111111111111010001011100011
111111111111111111111111010001001101010
111111111111111111111111010000111110001
111111111111111111111111010000101111000
111111111111111111111111010000011111111
111111111111111111111111010000010000110
111111111111111111111111010000000001101
111111111111111111111111001111110010100
111111111111111111111111001111100011011
111111111111111111111111001111010100010
111111111111111111111111001111000101001
111111111111111111111111001110110110000
111111111111111111111111001110100110111
111111111111111111111111001110010111110
111111111111111111111111001110001000101
111111111111111111111111001101111001100
111111111111111111111111001101101010011
111111111111111111111111001101011011010
111111111111111111111111001101001100001
111111111111111111111111001100111101000
111111111111111111111111001100101101111
111111111111111111111111001100011110110
111111111111111111111111001100001111101
111111111111111111111111001100000000100
111111111111111111111111001011110001011
111111111111111111111111001011100010010
111111111111111111111111001011010011001
111111111111111111111111001011000100000
111111111111111111111111001010110100111
111111111111111111111111001010100101110
111111111111111111111111001010010110101
111111111111111111111111001010000111100
111111111111111111111111001001111000011
111111111111111111111111001001101001010
111111111111111111111111001001011010001
111111111111111111111111001001001011000
111111111111111111111111001000111011111
111111111111111111111111001000101100110
111111111111111111111111001000011101101
111111111111111111111111001000001110100
111111111111111111111111000111111111011
111111111111111111111111000111110000010
111111111111111111111111000111100001001
111111111111111111111111000111010010000
111111111111111111111111000111000010111
111111111111111111111111000110110011110
111111111111111111111111000110100100101
111111111111111111111111000110010101100
111111111111111111111111000110000110011
111111111111111111111111000101110111010
111111111111111111111111000101101000001
111111111111111111111111000101011001000
111111111111111111111111000101001001111
111111111111111111111111000100111010110
111111111111111111111111000100101011101
111111111111111111111111000100011100100
111111111111111111111111000100001101011
111111111111111111111111000011111110010
111111111111111111111111000011101111001
