000000000000000000000000000000000000000
111111111111111111111111111111101010011
111111111111111111111111111111010100110
111111111111111111111111111110111111001
111111111111111111111111111110101001100
111111111111111111111111111110010011111
111111111111111111111111111101111110010
111111111111111111111111111101101000101
111111111111111111111111111101010011000
111111111111111111111111111100111101011
111111111111111111111111111100100111110
111111111111111111111111111100010010001
111111111111111111111111111011111100100
111111111111111111111111111011100110111
111111111111111111111111111011010001010
111111111111111111111111111010111011101
111111111111111111111111111010100110000
111111111111111111111111111010010000011
111111111111111111111111111001111010110
111111111111111111111111111001100101001
111111111111111111111111111001001111100
111111111111111111111111111000111001111
111111111111111111111111111000100100010
111111111111111111111111111000001110101
111111111111111111111111110111111001000
111111111111111111111111110111100011011
111111111111111111111111110111001101110
111111111111111111111111110110111000001
111111111111111111111111110110100010100
111111111111111111111111110110001100111
111111111111111111111111110101110111010
111111111111111111111111110101100001101
111111111111111111111111110101001100000
111111111111111111111111110100110110011
111111111111111111111111110100100000110
111111111111111111111111110100001011001
111111111111111111111111110011110101100
111111111111111111111111110011011111111
111111111111111111111111110011001010010
111111111111111111111111110010110100101
111111111111111111111111110010011111000
111111111111111111111111110010001001011
111111111111111111111111110001110011110
111111111111111111111111110001011110001
111111111111111111111111110001001000100
111111111111111111111111110000110010111
111111111111111111111111110000011101010
111111111111111111111111110000000111101
111111111111111111111111101111110010000
111111111111111111111111101111011100011
111111111111111111111111101111000110110
111111111111111111111111101110110001001
111111111111111111111111101110011011100
111111111111111111111111101110000101111
111111111111111111111111101101110000010
111111111111111111111111101101011010101
111111111111111111111111101101000101000
111111111111111111111111101100101111011
111111111111111111111111101100011001110
111111111111111111111111101100000100001
111111111111111111111111101011101110100
111111111111111111111111101011011000111
111111111111111111111111101011000011010
111111111111111111111111101010101101101
111111111111111111111111101010011000000
111111111111111111111111101010000010011
111111111111111111111111101001101100110
111111111111111111111111101001010111001
111111111111111111111111101001000001100
111111111111111111111111101000101011111
111111111111111111111111101000010110010
111111111111111111111111101000000000101
111111111111111111111111100111101011000
111111111111111111111111100111010101011
111111111111111111111111100110111111110
111111111111111111111111100110101010001
111111111111111111111111100110010100100
111111111111111111111111100101111110111
111111111111111111111111100101101001010
111111111111111111111111100101010011101
111111111111111111111111100100111110000
111111111111111111111111100100101000011
111111111111111111111111100100010010110
111111111111111111111111100011111101001
111111111111111111111111100011100111100
111111111111111111111111100011010001111
111111111111111111111111100010111100010
111111111111111111111111100010100110101
111111111111111111111111100010010001000
111111111111111111111111100001111011011
111111111111111111111111100001100101110
111111111111111111111111100001010000001
111111111111111111111111100000111010100
111111111111111111111111100000100100111
111111111111111111111111100000001111010
111111111111111111111111011111111001101
111111111111111111111111011111100100000
111111111111111111111111011111001110011
111111111111111111111111011110111000110
111111111111111111111111011110100011001
111111111111111111111111011110001101100
111111111111111111111111011101110111111
111111111111111111111111011101100010010
111111111111111111111111011101001100101
111111111111111111111111011100110111000
111111111111111111111111011100100001011
111111111111111111111111011100001011110
111111111111111111111111011011110110001
111111111111111111111111011011100000100
111111111111111111111111011011001010111
111111111111111111111111011010110101010
111111111111111111111111011010011111101
111111111111111111111111011010001010000
111111111111111111111111011001110100011
111111111111111111111111011001011110110
111111111111111111111111011001001001001
111111111111111111111111011000110011100
111111111111111111111111011000011101111
111111111111111111111111011000001000010
111111111111111111111111010111110010101
111111111111111111111111010111011101000
111111111111111111111111010111000111011
111111111111111111111111010110110001110
111111111111111111111111010110011100001
111111111111111111111111010110000110100
111111111111111111111111010101110000111
111111111111111111111111010101011011010
111111111111111111111111010101000101101
111111111111111111111111010100110000000
111111111111111111111111010100011010011
111111111111111111111111010100000100110
111111111111111111111111010011101111001
111111111111111111111111010011011001100
111111111111111111111111010011000011111
111111111111111111111111010010101110010
111111111111111111111111010010011000101
111111111111111111111111010010000011000
111111111111111111111111010001101101011
111111111111111111111111010001010111110
111111111111111111111111010001000010001
111111111111111111111111010000101100100
111111111111111111111111010000010110111
111111111111111111111111010000000001010
111111111111111111111111001111101011101
111111111111111111111111001111010110000
111111111111111111111111001111000000011
111111111111111111111111001110101010110
111111111111111111111111001110010101001
111111111111111111111111001101111111100
111111111111111111111111001101101001111
111111111111111111111111001101010100010
111111111111111111111111001100111110101
111111111111111111111111001100101001000
111111111111111111111111001100010011011
111111111111111111111111001011111101110
111111111111111111111111001011101000001
111111111111111111111111001011010010100
111111111111111111111111001010111100111
111111111111111111111111001010100111010
111111111111111111111111001010010001101
111111111111111111111111001001111100000
111111111111111111111111001001100110011
111111111111111111111111001001010000110
111111111111111111111111001000111011001
111111111111111111111111001000100101100
111111111111111111111111001000001111111
111111111111111111111111000111111010010
111111111111111111111111000111100100101
111111111111111111111111000111001111000
111111111111111111111111000110111001011
111111111111111111111111000110100011110
111111111111111111111111000110001110001
111111111111111111111111000101111000100
111111111111111111111111000101100010111
111111111111111111111111000101001101010
111111111111111111111111000100110111101
111111111111111111111111000100100010000
111111111111111111111111000100001100011
111111111111111111111111000011110110110
111111111111111111111111000011100001001
111111111111111111111111000011001011100
111111111111111111111111000010110101111
111111111111111111111111000010100000010
111111111111111111111111000010001010101
111111111111111111111111000001110101000
111111111111111111111111000001011111011
111111111111111111111111000001001001110
111111111111111111111111000000110100001
111111111111111111111111000000011110100
111111111111111111111111000000001000111
111111111111111111111110111111110011010
111111111111111111111110111111011101101
111111111111111111111110111111001000000
111111111111111111111110111110110010011
111111111111111111111110111110011100110
111111111111111111111110111110000111001
111111111111111111111110111101110001100
111111111111111111111110111101011011111
111111111111111111111110111101000110010
111111111111111111111110111100110000101
111111111111111111111110111100011011000
111111111111111111111110111100000101011
111111111111111111111110111011101111110
111111111111111111111110111011011010001
111111111111111111111110111011000100100
111111111111111111111110111010101110111
111111111111111111111110111010011001010
111111111111111111111110111010000011101
111111111111111111111110111001101110000
111111111111111111111110111001011000011
111111111111111111111110111001000010110
111111111111111111111110111000101101001
111111111111111111111110111000010111100
111111111111111111111110111000000001111
111111111111111111111110110111101100010
111111111111111111111110110111010110101
111111111111111111111110110111000001000
111111111111111111111110110110101011011
111111111111111111111110110110010101110
111111111111111111111110110110000000001
111111111111111111111110110101101010100
111111111111111111111110110101010100111
111111111111111111111110110100111111010
111111111111111111111110110100101001101
111111111111111111111110110100010100000
111111111111111111111110110011111110011
111111111111111111111110110011101000110
111111111111111111111110110011010011001
111111111111111111111110110010111101100
111111111111111111111110110010100111111
111111111111111111111110110010010010010
111111111111111111111110110001111100101
111111111111111111111110110001100111000
111111111111111111111110110001010001011
111111111111111111111110110000111011110
111111111111111111111110110000100110001
111111111111111111111110110000010000100
111111111111111111111110101111111010111
111111111111111111111110101111100101010
111111111111111111111110101111001111101
111111111111111111111110101110111010000
111111111111111111111110101110100100011
111111111111111111111110101110001110110
111111111111111111111110101101111001001
111111111111111111111110101101100011100
111111111111111111111110101101001101111
111111111111111111111110101100111000010
111111111111111111111110101100100010101
111111111111111111111110101100001101000
111111111111111111111110101011110111011
111111111111111111111110101011100001110
111111111111111111111110101011001100001
111111111111111111111110101010110110100
111111111111111111111110101010100000111
111111111111111111111110101010001011010
111111111111111111111110101001110101101
