000000000000000000000000000000000000000
000000000000000000000000000000011100101
000000000000000000000000000000111001010
000000000000000000000000000001010101111
000000000000000000000000000001110010100
000000000000000000000000000010001111001
000000000000000000000000000010101011110
000000000000000000000000000011001000011
000000000000000000000000000011100101000
000000000000000000000000000100000001101
000000000000000000000000000100011110010
000000000000000000000000000100111010111
000000000000000000000000000101010111100
000000000000000000000000000101110100001
000000000000000000000000000110010000110
000000000000000000000000000110101101011
000000000000000000000000000111001010000
000000000000000000000000000111100110101
000000000000000000000000001000000011010
000000000000000000000000001000011111111
000000000000000000000000001000111100100
000000000000000000000000001001011001001
000000000000000000000000001001110101110
000000000000000000000000001010010010011
000000000000000000000000001010101111000
000000000000000000000000001011001011101
000000000000000000000000001011101000010
000000000000000000000000001100000100111
000000000000000000000000001100100001100
000000000000000000000000001100111110001
000000000000000000000000001101011010110
000000000000000000000000001101110111011
000000000000000000000000001110010100000
000000000000000000000000001110110000101
000000000000000000000000001111001101010
000000000000000000000000001111101001111
000000000000000000000000010000000110100
000000000000000000000000010000100011001
000000000000000000000000010000111111110
000000000000000000000000010001011100011
000000000000000000000000010001111001000
000000000000000000000000010010010101101
000000000000000000000000010010110010010
000000000000000000000000010011001110111
000000000000000000000000010011101011100
000000000000000000000000010100001000001
000000000000000000000000010100100100110
000000000000000000000000010101000001011
000000000000000000000000010101011110000
000000000000000000000000010101111010101
000000000000000000000000010110010111010
000000000000000000000000010110110011111
000000000000000000000000010111010000100
000000000000000000000000010111101101001
000000000000000000000000011000001001110
000000000000000000000000011000100110011
000000000000000000000000011001000011000
000000000000000000000000011001011111101
000000000000000000000000011001111100010
000000000000000000000000011010011000111
000000000000000000000000011010110101100
000000000000000000000000011011010010001
000000000000000000000000011011101110110
000000000000000000000000011100001011011
000000000000000000000000011100101000000
000000000000000000000000011101000100101
000000000000000000000000011101100001010
000000000000000000000000011101111101111
000000000000000000000000011110011010100
000000000000000000000000011110110111001
000000000000000000000000011111010011110
000000000000000000000000011111110000011
000000000000000000000000100000001101000
000000000000000000000000100000101001101
000000000000000000000000100001000110010
000000000000000000000000100001100010111
000000000000000000000000100001111111100
000000000000000000000000100010011100001
000000000000000000000000100010111000110
000000000000000000000000100011010101011
000000000000000000000000100011110010000
000000000000000000000000100100001110101
000000000000000000000000100100101011010
000000000000000000000000100101000111111
000000000000000000000000100101100100100
000000000000000000000000100110000001001
000000000000000000000000100110011101110
000000000000000000000000100110111010011
000000000000000000000000100111010111000
000000000000000000000000100111110011101
000000000000000000000000101000010000010
000000000000000000000000101000101100111
000000000000000000000000101001001001100
000000000000000000000000101001100110001
000000000000000000000000101010000010110
000000000000000000000000101010011111011
000000000000000000000000101010111100000
000000000000000000000000101011011000101
000000000000000000000000101011110101010
000000000000000000000000101100010001111
000000000000000000000000101100101110100
000000000000000000000000101101001011001
000000000000000000000000101101100111110
000000000000000000000000101110000100011
000000000000000000000000101110100001000
000000000000000000000000101110111101101
000000000000000000000000101111011010010
000000000000000000000000101111110110111
000000000000000000000000110000010011100
000000000000000000000000110000110000001
000000000000000000000000110001001100110
000000000000000000000000110001101001011
000000000000000000000000110010000110000
000000000000000000000000110010100010101
000000000000000000000000110010111111010
000000000000000000000000110011011011111
000000000000000000000000110011111000100
000000000000000000000000110100010101001
000000000000000000000000110100110001110
000000000000000000000000110101001110011
000000000000000000000000110101101011000
000000000000000000000000110110000111101
000000000000000000000000110110100100010
000000000000000000000000110111000000111
000000000000000000000000110111011101100
000000000000000000000000110111111010001
000000000000000000000000111000010110110
000000000000000000000000111000110011011
000000000000000000000000111001010000000
000000000000000000000000111001101100101
000000000000000000000000111010001001010
000000000000000000000000111010100101111
000000000000000000000000111011000010100
000000000000000000000000111011011111001
000000000000000000000000111011111011110
000000000000000000000000111100011000011
000000000000000000000000111100110101000
000000000000000000000000111101010001101
000000000000000000000000111101101110010
000000000000000000000000111110001010111
000000000000000000000000111110100111100
000000000000000000000000111111000100001
000000000000000000000000111111100000110
000000000000000000000000111111111101011
000000000000000000000001000000011010000
000000000000000000000001000000110110101
000000000000000000000001000001010011010
000000000000000000000001000001101111111
000000000000000000000001000010001100100
000000000000000000000001000010101001001
000000000000000000000001000011000101110
000000000000000000000001000011100010011
000000000000000000000001000011111111000
000000000000000000000001000100011011101
000000000000000000000001000100111000010
000000000000000000000001000101010100111
000000000000000000000001000101110001100
000000000000000000000001000110001110001
000000000000000000000001000110101010110
000000000000000000000001000111000111011
000000000000000000000001000111100100000
000000000000000000000001001000000000101
000000000000000000000001001000011101010
000000000000000000000001001000111001111
000000000000000000000001001001010110100
000000000000000000000001001001110011001
000000000000000000000001001010001111110
000000000000000000000001001010101100011
000000000000000000000001001011001001000
000000000000000000000001001011100101101
000000000000000000000001001100000010010
000000000000000000000001001100011110111
000000000000000000000001001100111011100
000000000000000000000001001101011000001
000000000000000000000001001101110100110
000000000000000000000001001110010001011
000000000000000000000001001110101110000
000000000000000000000001001111001010101
000000000000000000000001001111100111010
000000000000000000000001010000000011111
000000000000000000000001010000100000100
000000000000000000000001010000111101001
000000000000000000000001010001011001110
000000000000000000000001010001110110011
000000000000000000000001010010010011000
000000000000000000000001010010101111101
000000000000000000000001010011001100010
000000000000000000000001010011101000111
000000000000000000000001010100000101100
000000000000000000000001010100100010001
000000000000000000000001010100111110110
000000000000000000000001010101011011011
000000000000000000000001010101111000000
000000000000000000000001010110010100101
000000000000000000000001010110110001010
000000000000000000000001010111001101111
000000000000000000000001010111101010100
000000000000000000000001011000000111001
000000000000000000000001011000100011110
000000000000000000000001011001000000011
000000000000000000000001011001011101000
000000000000000000000001011001111001101
000000000000000000000001011010010110010
000000000000000000000001011010110010111
000000000000000000000001011011001111100
000000000000000000000001011011101100001
000000000000000000000001011100001000110
000000000000000000000001011100100101011
000000000000000000000001011101000010000
000000000000000000000001011101011110101
000000000000000000000001011101111011010
000000000000000000000001011110010111111
000000000000000000000001011110110100100
000000000000000000000001011111010001001
000000000000000000000001011111101101110
000000000000000000000001100000001010011
000000000000000000000001100000100111000
000000000000000000000001100001000011101
000000000000000000000001100001100000010
000000000000000000000001100001111100111
000000000000000000000001100010011001100
000000000000000000000001100010110110001
000000000000000000000001100011010010110
000000000000000000000001100011101111011
000000000000000000000001100100001100000
000000000000000000000001100100101000101
000000000000000000000001100101000101010
000000000000000000000001100101100001111
000000000000000000000001100101111110100
000000000000000000000001100110011011001
000000000000000000000001100110110111110
000000000000000000000001100111010100011
000000000000000000000001100111110001000
000000000000000000000001101000001101101
000000000000000000000001101000101010010
000000000000000000000001101001000110111
000000000000000000000001101001100011100
000000000000000000000001101010000000001
000000000000000000000001101010011100110
000000000000000000000001101010111001011
000000000000000000000001101011010110000
000000000000000000000001101011110010101
000000000000000000000001101100001111010
000000000000000000000001101100101011111
000000000000000000000001101101001000100
000000000000000000000001101101100101001
000000000000000000000001101110000001110
000000000000000000000001101110011110011
000000000000000000000001101110111011000
000000000000000000000001101111010111101
000000000000000000000001101111110100010
000000000000000000000001110000010000111
000000000000000000000001110000101101100
000000000000000000000001110001001010001
000000000000000000000001110001100110110
000000000000000000000001110010000011011
