000000000000000000000000000000000000000
111111111111111111111111111111110000101
111111111111111111111111111111100001010
111111111111111111111111111111010001111
111111111111111111111111111111000010100
111111111111111111111111111110110011001
111111111111111111111111111110100011110
111111111111111111111111111110010100011
111111111111111111111111111110000101000
111111111111111111111111111101110101101
111111111111111111111111111101100110010
111111111111111111111111111101010110111
111111111111111111111111111101000111100
111111111111111111111111111100111000001
111111111111111111111111111100101000110
111111111111111111111111111100011001011
111111111111111111111111111100001010000
111111111111111111111111111011111010101
111111111111111111111111111011101011010
111111111111111111111111111011011011111
111111111111111111111111111011001100100
111111111111111111111111111010111101001
111111111111111111111111111010101101110
111111111111111111111111111010011110011
111111111111111111111111111010001111000
111111111111111111111111111001111111101
111111111111111111111111111001110000010
111111111111111111111111111001100000111
111111111111111111111111111001010001100
111111111111111111111111111001000010001
111111111111111111111111111000110010110
111111111111111111111111111000100011011
111111111111111111111111111000010100000
111111111111111111111111111000000100101
111111111111111111111111110111110101010
111111111111111111111111110111100101111
111111111111111111111111110111010110100
111111111111111111111111110111000111001
111111111111111111111111110110110111110
111111111111111111111111110110101000011
111111111111111111111111110110011001000
111111111111111111111111110110001001101
111111111111111111111111110101111010010
111111111111111111111111110101101010111
111111111111111111111111110101011011100
111111111111111111111111110101001100001
111111111111111111111111110100111100110
111111111111111111111111110100101101011
111111111111111111111111110100011110000
111111111111111111111111110100001110101
111111111111111111111111110011111111010
111111111111111111111111110011101111111
111111111111111111111111110011100000100
111111111111111111111111110011010001001
111111111111111111111111110011000001110
111111111111111111111111110010110010011
111111111111111111111111110010100011000
111111111111111111111111110010010011101
111111111111111111111111110010000100010
111111111111111111111111110001110100111
111111111111111111111111110001100101100
111111111111111111111111110001010110001
111111111111111111111111110001000110110
111111111111111111111111110000110111011
111111111111111111111111110000101000000
111111111111111111111111110000011000101
111111111111111111111111110000001001010
111111111111111111111111101111111001111
111111111111111111111111101111101010100
111111111111111111111111101111011011001
111111111111111111111111101111001011110
111111111111111111111111101110111100011
111111111111111111111111101110101101000
111111111111111111111111101110011101101
111111111111111111111111101110001110010
111111111111111111111111101101111110111
111111111111111111111111101101101111100
111111111111111111111111101101100000001
111111111111111111111111101101010000110
111111111111111111111111101101000001011
111111111111111111111111101100110010000
111111111111111111111111101100100010101
111111111111111111111111101100010011010
111111111111111111111111101100000011111
111111111111111111111111101011110100100
111111111111111111111111101011100101001
111111111111111111111111101011010101110
111111111111111111111111101011000110011
111111111111111111111111101010110111000
111111111111111111111111101010100111101
111111111111111111111111101010011000010
111111111111111111111111101010001000111
111111111111111111111111101001111001100
111111111111111111111111101001101010001
111111111111111111111111101001011010110
111111111111111111111111101001001011011
111111111111111111111111101000111100000
111111111111111111111111101000101100101
111111111111111111111111101000011101010
111111111111111111111111101000001101111
111111111111111111111111100111111110100
111111111111111111111111100111101111001
111111111111111111111111100111011111110
111111111111111111111111100111010000011
111111111111111111111111100111000001000
111111111111111111111111100110110001101
111111111111111111111111100110100010010
111111111111111111111111100110010010111
111111111111111111111111100110000011100
111111111111111111111111100101110100001
111111111111111111111111100101100100110
111111111111111111111111100101010101011
111111111111111111111111100101000110000
111111111111111111111111100100110110101
111111111111111111111111100100100111010
111111111111111111111111100100010111111
111111111111111111111111100100001000100
111111111111111111111111100011111001001
111111111111111111111111100011101001110
111111111111111111111111100011011010011
111111111111111111111111100011001011000
111111111111111111111111100010111011101
111111111111111111111111100010101100010
111111111111111111111111100010011100111
111111111111111111111111100010001101100
111111111111111111111111100001111110001
111111111111111111111111100001101110110
111111111111111111111111100001011111011
111111111111111111111111100001010000000
111111111111111111111111100001000000101
111111111111111111111111100000110001010
111111111111111111111111100000100001111
111111111111111111111111100000010010100
111111111111111111111111100000000011001
111111111111111111111111011111110011110
111111111111111111111111011111100100011
111111111111111111111111011111010101000
111111111111111111111111011111000101101
111111111111111111111111011110110110010
111111111111111111111111011110100110111
111111111111111111111111011110010111100
111111111111111111111111011110001000001
111111111111111111111111011101111000110
111111111111111111111111011101101001011
111111111111111111111111011101011010000
111111111111111111111111011101001010101
111111111111111111111111011100111011010
111111111111111111111111011100101011111
111111111111111111111111011100011100100
111111111111111111111111011100001101001
111111111111111111111111011011111101110
111111111111111111111111011011101110011
111111111111111111111111011011011111000
111111111111111111111111011011001111101
111111111111111111111111011011000000010
111111111111111111111111011010110000111
111111111111111111111111011010100001100
111111111111111111111111011010010010001
111111111111111111111111011010000010110
111111111111111111111111011001110011011
111111111111111111111111011001100100000
111111111111111111111111011001010100101
111111111111111111111111011001000101010
111111111111111111111111011000110101111
111111111111111111111111011000100110100
111111111111111111111111011000010111001
111111111111111111111111011000000111110
111111111111111111111111010111111000011
111111111111111111111111010111101001000
111111111111111111111111010111011001101
111111111111111111111111010111001010010
111111111111111111111111010110111010111
111111111111111111111111010110101011100
111111111111111111111111010110011100001
111111111111111111111111010110001100110
111111111111111111111111010101111101011
111111111111111111111111010101101110000
111111111111111111111111010101011110101
111111111111111111111111010101001111010
111111111111111111111111010100111111111
111111111111111111111111010100110000100
111111111111111111111111010100100001001
111111111111111111111111010100010001110
111111111111111111111111010100000010011
111111111111111111111111010011110011000
111111111111111111111111010011100011101
111111111111111111111111010011010100010
111111111111111111111111010011000100111
111111111111111111111111010010110101100
111111111111111111111111010010100110001
111111111111111111111111010010010110110
111111111111111111111111010010000111011
111111111111111111111111010001111000000
111111111111111111111111010001101000101
111111111111111111111111010001011001010
111111111111111111111111010001001001111
111111111111111111111111010000111010100
111111111111111111111111010000101011001
111111111111111111111111010000011011110
111111111111111111111111010000001100011
111111111111111111111111001111111101000
111111111111111111111111001111101101101
111111111111111111111111001111011110010
111111111111111111111111001111001110111
111111111111111111111111001110111111100
111111111111111111111111001110110000001
111111111111111111111111001110100000110
111111111111111111111111001110010001011
111111111111111111111111001110000010000
111111111111111111111111001101110010101
111111111111111111111111001101100011010
111111111111111111111111001101010011111
111111111111111111111111001101000100100
111111111111111111111111001100110101001
111111111111111111111111001100100101110
111111111111111111111111001100010110011
111111111111111111111111001100000111000
111111111111111111111111001011110111101
111111111111111111111111001011101000010
111111111111111111111111001011011000111
111111111111111111111111001011001001100
111111111111111111111111001010111010001
111111111111111111111111001010101010110
111111111111111111111111001010011011011
111111111111111111111111001010001100000
111111111111111111111111001001111100101
111111111111111111111111001001101101010
111111111111111111111111001001011101111
111111111111111111111111001001001110100
111111111111111111111111001000111111001
111111111111111111111111001000101111110
111111111111111111111111001000100000011
111111111111111111111111001000010001000
111111111111111111111111001000000001101
111111111111111111111111000111110010010
111111111111111111111111000111100010111
111111111111111111111111000111010011100
111111111111111111111111000111000100001
111111111111111111111111000110110100110
111111111111111111111111000110100101011
111111111111111111111111000110010110000
111111111111111111111111000110000110101
111111111111111111111111000101110111010
111111111111111111111111000101100111111
111111111111111111111111000101011000100
111111111111111111111111000101001001001
111111111111111111111111000100111001110
111111111111111111111111000100101010011
111111111111111111111111000100011011000
111111111111111111111111000100001011101
111111111111111111111111000011111100010
111111111111111111111111000011101100111
111111111111111111111111000011011101100
111111111111111111111111000011001110001
111111111111111111111111000010111110110
111111111111111111111111000010101111011
