000000000000000000000000000000000000000
111111111111111111111111111111110101010
111111111111111111111111111111101010100
111111111111111111111111111111011111110
111111111111111111111111111111010101000
111111111111111111111111111111001010010
111111111111111111111111111110111111100
111111111111111111111111111110110100110
111111111111111111111111111110101010000
111111111111111111111111111110011111010
111111111111111111111111111110010100100
111111111111111111111111111110001001110
111111111111111111111111111101111111000
111111111111111111111111111101110100010
111111111111111111111111111101101001100
111111111111111111111111111101011110110
111111111111111111111111111101010100000
111111111111111111111111111101001001010
111111111111111111111111111100111110100
111111111111111111111111111100110011110
111111111111111111111111111100101001000
111111111111111111111111111100011110010
111111111111111111111111111100010011100
111111111111111111111111111100001000110
111111111111111111111111111011111110000
111111111111111111111111111011110011010
111111111111111111111111111011101000100
111111111111111111111111111011011101110
111111111111111111111111111011010011000
111111111111111111111111111011001000010
111111111111111111111111111010111101100
111111111111111111111111111010110010110
111111111111111111111111111010101000000
111111111111111111111111111010011101010
111111111111111111111111111010010010100
111111111111111111111111111010000111110
111111111111111111111111111001111101000
111111111111111111111111111001110010010
111111111111111111111111111001100111100
111111111111111111111111111001011100110
111111111111111111111111111001010010000
111111111111111111111111111001000111010
111111111111111111111111111000111100100
111111111111111111111111111000110001110
111111111111111111111111111000100111000
111111111111111111111111111000011100010
111111111111111111111111111000010001100
111111111111111111111111111000000110110
111111111111111111111111110111111100000
111111111111111111111111110111110001010
111111111111111111111111110111100110100
111111111111111111111111110111011011110
111111111111111111111111110111010001000
111111111111111111111111110111000110010
111111111111111111111111110110111011100
111111111111111111111111110110110000110
111111111111111111111111110110100110000
111111111111111111111111110110011011010
111111111111111111111111110110010000100
111111111111111111111111110110000101110
111111111111111111111111110101111011000
111111111111111111111111110101110000010
111111111111111111111111110101100101100
111111111111111111111111110101011010110
111111111111111111111111110101010000000
111111111111111111111111110101000101010
111111111111111111111111110100111010100
111111111111111111111111110100101111110
111111111111111111111111110100100101000
111111111111111111111111110100011010010
111111111111111111111111110100001111100
111111111111111111111111110100000100110
111111111111111111111111110011111010000
111111111111111111111111110011101111010
111111111111111111111111110011100100100
111111111111111111111111110011011001110
111111111111111111111111110011001111000
111111111111111111111111110011000100010
111111111111111111111111110010111001100
111111111111111111111111110010101110110
111111111111111111111111110010100100000
111111111111111111111111110010011001010
111111111111111111111111110010001110100
111111111111111111111111110010000011110
111111111111111111111111110001111001000
111111111111111111111111110001101110010
111111111111111111111111110001100011100
111111111111111111111111110001011000110
111111111111111111111111110001001110000
111111111111111111111111110001000011010
111111111111111111111111110000111000100
111111111111111111111111110000101101110
111111111111111111111111110000100011000
111111111111111111111111110000011000010
111111111111111111111111110000001101100
111111111111111111111111110000000010110
111111111111111111111111101111111000000
111111111111111111111111101111101101010
111111111111111111111111101111100010100
111111111111111111111111101111010111110
111111111111111111111111101111001101000
111111111111111111111111101111000010010
111111111111111111111111101110110111100
111111111111111111111111101110101100110
111111111111111111111111101110100010000
111111111111111111111111101110010111010
111111111111111111111111101110001100100
111111111111111111111111101110000001110
111111111111111111111111101101110111000
111111111111111111111111101101101100010
111111111111111111111111101101100001100
111111111111111111111111101101010110110
111111111111111111111111101101001100000
111111111111111111111111101101000001010
111111111111111111111111101100110110100
111111111111111111111111101100101011110
111111111111111111111111101100100001000
111111111111111111111111101100010110010
111111111111111111111111101100001011100
111111111111111111111111101100000000110
111111111111111111111111101011110110000
111111111111111111111111101011101011010
111111111111111111111111101011100000100
111111111111111111111111101011010101110
111111111111111111111111101011001011000
111111111111111111111111101011000000010
111111111111111111111111101010110101100
111111111111111111111111101010101010110
111111111111111111111111101010100000000
111111111111111111111111101010010101010
111111111111111111111111101010001010100
111111111111111111111111101001111111110
111111111111111111111111101001110101000
111111111111111111111111101001101010010
111111111111111111111111101001011111100
111111111111111111111111101001010100110
111111111111111111111111101001001010000
111111111111111111111111101000111111010
111111111111111111111111101000110100100
111111111111111111111111101000101001110
111111111111111111111111101000011111000
111111111111111111111111101000010100010
111111111111111111111111101000001001100
111111111111111111111111100111111110110
111111111111111111111111100111110100000
111111111111111111111111100111101001010
111111111111111111111111100111011110100
111111111111111111111111100111010011110
111111111111111111111111100111001001000
111111111111111111111111100110111110010
111111111111111111111111100110110011100
111111111111111111111111100110101000110
111111111111111111111111100110011110000
111111111111111111111111100110010011010
111111111111111111111111100110001000100
111111111111111111111111100101111101110
111111111111111111111111100101110011000
111111111111111111111111100101101000010
111111111111111111111111100101011101100
111111111111111111111111100101010010110
111111111111111111111111100101001000000
111111111111111111111111100100111101010
111111111111111111111111100100110010100
111111111111111111111111100100100111110
111111111111111111111111100100011101000
111111111111111111111111100100010010010
111111111111111111111111100100000111100
111111111111111111111111100011111100110
111111111111111111111111100011110010000
111111111111111111111111100011100111010
111111111111111111111111100011011100100
111111111111111111111111100011010001110
111111111111111111111111100011000111000
111111111111111111111111100010111100010
111111111111111111111111100010110001100
111111111111111111111111100010100110110
111111111111111111111111100010011100000
111111111111111111111111100010010001010
111111111111111111111111100010000110100
111111111111111111111111100001111011110
111111111111111111111111100001110001000
111111111111111111111111100001100110010
111111111111111111111111100001011011100
111111111111111111111111100001010000110
111111111111111111111111100001000110000
111111111111111111111111100000111011010
111111111111111111111111100000110000100
111111111111111111111111100000100101110
111111111111111111111111100000011011000
111111111111111111111111100000010000010
111111111111111111111111100000000101100
111111111111111111111111011111111010110
111111111111111111111111011111110000000
111111111111111111111111011111100101010
111111111111111111111111011111011010100
111111111111111111111111011111001111110
111111111111111111111111011111000101000
111111111111111111111111011110111010010
111111111111111111111111011110101111100
111111111111111111111111011110100100110
111111111111111111111111011110011010000
111111111111111111111111011110001111010
111111111111111111111111011110000100100
111111111111111111111111011101111001110
111111111111111111111111011101101111000
111111111111111111111111011101100100010
111111111111111111111111011101011001100
111111111111111111111111011101001110110
111111111111111111111111011101000100000
111111111111111111111111011100111001010
111111111111111111111111011100101110100
111111111111111111111111011100100011110
111111111111111111111111011100011001000
111111111111111111111111011100001110010
111111111111111111111111011100000011100
111111111111111111111111011011111000110
111111111111111111111111011011101110000
111111111111111111111111011011100011010
111111111111111111111111011011011000100
111111111111111111111111011011001101110
111111111111111111111111011011000011000
111111111111111111111111011010111000010
111111111111111111111111011010101101100
111111111111111111111111011010100010110
111111111111111111111111011010011000000
111111111111111111111111011010001101010
111111111111111111111111011010000010100
111111111111111111111111011001110111110
111111111111111111111111011001101101000
111111111111111111111111011001100010010
111111111111111111111111011001010111100
111111111111111111111111011001001100110
111111111111111111111111011001000010000
111111111111111111111111011000110111010
111111111111111111111111011000101100100
111111111111111111111111011000100001110
111111111111111111111111011000010111000
111111111111111111111111011000001100010
111111111111111111111111011000000001100
111111111111111111111111010111110110110
111111111111111111111111010111101100000
111111111111111111111111010111100001010
111111111111111111111111010111010110100
111111111111111111111111010111001011110
111111111111111111111111010111000001000
111111111111111111111111010110110110010
111111111111111111111111010110101011100
111111111111111111111111010110100000110
111111111111111111111111010110010110000
111111111111111111111111010110001011010
111111111111111111111111010110000000100
111111111111111111111111010101110101110
111111111111111111111111010101101011000
111111111111111111111111010101100000010
111111111111111111111111010101010101100
111111111111111111111111010101001010110
