000000000000000000000000000000000000000
111111111111111111111111111111111000110
111111111111111111111111111111110001100
111111111111111111111111111111101010010
111111111111111111111111111111100011000
111111111111111111111111111111011011110
111111111111111111111111111111010100100
111111111111111111111111111111001101010
111111111111111111111111111111000110000
111111111111111111111111111110111110110
111111111111111111111111111110110111100
111111111111111111111111111110110000010
111111111111111111111111111110101001000
111111111111111111111111111110100001110
111111111111111111111111111110011010100
111111111111111111111111111110010011010
111111111111111111111111111110001100000
111111111111111111111111111110000100110
111111111111111111111111111101111101100
111111111111111111111111111101110110010
111111111111111111111111111101101111000
111111111111111111111111111101100111110
111111111111111111111111111101100000100
111111111111111111111111111101011001010
111111111111111111111111111101010010000
111111111111111111111111111101001010110
111111111111111111111111111101000011100
111111111111111111111111111100111100010
111111111111111111111111111100110101000
111111111111111111111111111100101101110
111111111111111111111111111100100110100
111111111111111111111111111100011111010
111111111111111111111111111100011000000
111111111111111111111111111100010000110
111111111111111111111111111100001001100
111111111111111111111111111100000010010
111111111111111111111111111011111011000
111111111111111111111111111011110011110
111111111111111111111111111011101100100
111111111111111111111111111011100101010
111111111111111111111111111011011110000
111111111111111111111111111011010110110
111111111111111111111111111011001111100
111111111111111111111111111011001000010
111111111111111111111111111011000001000
111111111111111111111111111010111001110
111111111111111111111111111010110010100
111111111111111111111111111010101011010
111111111111111111111111111010100100000
111111111111111111111111111010011100110
111111111111111111111111111010010101100
111111111111111111111111111010001110010
111111111111111111111111111010000111000
111111111111111111111111111001111111110
111111111111111111111111111001111000100
111111111111111111111111111001110001010
111111111111111111111111111001101010000
111111111111111111111111111001100010110
111111111111111111111111111001011011100
111111111111111111111111111001010100010
111111111111111111111111111001001101000
111111111111111111111111111001000101110
111111111111111111111111111000111110100
111111111111111111111111111000110111010
111111111111111111111111111000110000000
111111111111111111111111111000101000110
111111111111111111111111111000100001100
111111111111111111111111111000011010010
111111111111111111111111111000010011000
111111111111111111111111111000001011110
111111111111111111111111111000000100100
111111111111111111111111110111111101010
111111111111111111111111110111110110000
111111111111111111111111110111101110110
111111111111111111111111110111100111100
111111111111111111111111110111100000010
111111111111111111111111110111011001000
111111111111111111111111110111010001110
111111111111111111111111110111001010100
111111111111111111111111110111000011010
111111111111111111111111110110111100000
111111111111111111111111110110110100110
111111111111111111111111110110101101100
111111111111111111111111110110100110010
111111111111111111111111110110011111000
111111111111111111111111110110010111110
111111111111111111111111110110010000100
111111111111111111111111110110001001010
111111111111111111111111110110000010000
111111111111111111111111110101111010110
111111111111111111111111110101110011100
111111111111111111111111110101101100010
111111111111111111111111110101100101000
111111111111111111111111110101011101110
111111111111111111111111110101010110100
111111111111111111111111110101001111010
111111111111111111111111110101001000000
111111111111111111111111110101000000110
111111111111111111111111110100111001100
111111111111111111111111110100110010010
111111111111111111111111110100101011000
111111111111111111111111110100100011110
111111111111111111111111110100011100100
111111111111111111111111110100010101010
111111111111111111111111110100001110000
111111111111111111111111110100000110110
111111111111111111111111110011111111100
111111111111111111111111110011111000010
111111111111111111111111110011110001000
111111111111111111111111110011101001110
111111111111111111111111110011100010100
111111111111111111111111110011011011010
111111111111111111111111110011010100000
111111111111111111111111110011001100110
111111111111111111111111110011000101100
111111111111111111111111110010111110010
111111111111111111111111110010110111000
111111111111111111111111110010101111110
111111111111111111111111110010101000100
111111111111111111111111110010100001010
111111111111111111111111110010011010000
111111111111111111111111110010010010110
111111111111111111111111110010001011100
111111111111111111111111110010000100010
111111111111111111111111110001111101000
111111111111111111111111110001110101110
111111111111111111111111110001101110100
111111111111111111111111110001100111010
111111111111111111111111110001100000000
111111111111111111111111110001011000110
111111111111111111111111110001010001100
111111111111111111111111110001001010010
111111111111111111111111110001000011000
111111111111111111111111110000111011110
111111111111111111111111110000110100100
111111111111111111111111110000101101010
111111111111111111111111110000100110000
111111111111111111111111110000011110110
111111111111111111111111110000010111100
111111111111111111111111110000010000010
111111111111111111111111110000001001000
111111111111111111111111110000000001110
111111111111111111111111101111111010100
111111111111111111111111101111110011010
111111111111111111111111101111101100000
111111111111111111111111101111100100110
111111111111111111111111101111011101100
111111111111111111111111101111010110010
111111111111111111111111101111001111000
111111111111111111111111101111000111110
111111111111111111111111101111000000100
111111111111111111111111101110111001010
111111111111111111111111101110110010000
111111111111111111111111101110101010110
111111111111111111111111101110100011100
111111111111111111111111101110011100010
111111111111111111111111101110010101000
111111111111111111111111101110001101110
111111111111111111111111101110000110100
111111111111111111111111101101111111010
111111111111111111111111101101111000000
111111111111111111111111101101110000110
111111111111111111111111101101101001100
111111111111111111111111101101100010010
111111111111111111111111101101011011000
111111111111111111111111101101010011110
111111111111111111111111101101001100100
111111111111111111111111101101000101010
111111111111111111111111101100111110000
111111111111111111111111101100110110110
111111111111111111111111101100101111100
111111111111111111111111101100101000010
111111111111111111111111101100100001000
111111111111111111111111101100011001110
111111111111111111111111101100010010100
111111111111111111111111101100001011010
111111111111111111111111101100000100000
111111111111111111111111101011111100110
111111111111111111111111101011110101100
111111111111111111111111101011101110010
111111111111111111111111101011100111000
111111111111111111111111101011011111110
111111111111111111111111101011011000100
111111111111111111111111101011010001010
111111111111111111111111101011001010000
111111111111111111111111101011000010110
111111111111111111111111101010111011100
111111111111111111111111101010110100010
111111111111111111111111101010101101000
111111111111111111111111101010100101110
111111111111111111111111101010011110100
111111111111111111111111101010010111010
111111111111111111111111101010010000000
111111111111111111111111101010001000110
111111111111111111111111101010000001100
111111111111111111111111101001111010010
111111111111111111111111101001110011000
111111111111111111111111101001101011110
111111111111111111111111101001100100100
111111111111111111111111101001011101010
111111111111111111111111101001010110000
111111111111111111111111101001001110110
111111111111111111111111101001000111100
111111111111111111111111101001000000010
111111111111111111111111101000111001000
111111111111111111111111101000110001110
111111111111111111111111101000101010100
111111111111111111111111101000100011010
111111111111111111111111101000011100000
111111111111111111111111101000010100110
111111111111111111111111101000001101100
111111111111111111111111101000000110010
111111111111111111111111100111111111000
111111111111111111111111100111110111110
111111111111111111111111100111110000100
111111111111111111111111100111101001010
111111111111111111111111100111100010000
111111111111111111111111100111011010110
111111111111111111111111100111010011100
111111111111111111111111100111001100010
111111111111111111111111100111000101000
111111111111111111111111100110111101110
111111111111111111111111100110110110100
111111111111111111111111100110101111010
111111111111111111111111100110101000000
111111111111111111111111100110100000110
111111111111111111111111100110011001100
111111111111111111111111100110010010010
111111111111111111111111100110001011000
111111111111111111111111100110000011110
111111111111111111111111100101111100100
111111111111111111111111100101110101010
111111111111111111111111100101101110000
111111111111111111111111100101100110110
111111111111111111111111100101011111100
111111111111111111111111100101011000010
111111111111111111111111100101010001000
111111111111111111111111100101001001110
111111111111111111111111100101000010100
111111111111111111111111100100111011010
111111111111111111111111100100110100000
111111111111111111111111100100101100110
111111111111111111111111100100100101100
111111111111111111111111100100011110010
111111111111111111111111100100010111000
111111111111111111111111100100001111110
111111111111111111111111100100001000100
111111111111111111111111100100000001010
111111111111111111111111100011111010000
111111111111111111111111100011110010110
111111111111111111111111100011101011100
111111111111111111111111100011100100010
111111111111111111111111100011011101000
111111111111111111111111100011010101110
111111111111111111111111100011001110100
111111111111111111111111100011000111010
