000000000000000000000000000000000000000
111111111111111111111111111111101010100
111111111111111111111111111111010101000
111111111111111111111111111110111111100
111111111111111111111111111110101010000
111111111111111111111111111110010100100
111111111111111111111111111101111111000
111111111111111111111111111101101001100
111111111111111111111111111101010100000
111111111111111111111111111100111110100
111111111111111111111111111100101001000
111111111111111111111111111100010011100
111111111111111111111111111011111110000
111111111111111111111111111011101000100
111111111111111111111111111011010011000
111111111111111111111111111010111101100
111111111111111111111111111010101000000
111111111111111111111111111010010010100
111111111111111111111111111001111101000
111111111111111111111111111001100111100
111111111111111111111111111001010010000
111111111111111111111111111000111100100
111111111111111111111111111000100111000
111111111111111111111111111000010001100
111111111111111111111111110111111100000
111111111111111111111111110111100110100
111111111111111111111111110111010001000
111111111111111111111111110110111011100
111111111111111111111111110110100110000
111111111111111111111111110110010000100
111111111111111111111111110101111011000
111111111111111111111111110101100101100
111111111111111111111111110101010000000
111111111111111111111111110100111010100
111111111111111111111111110100100101000
111111111111111111111111110100001111100
111111111111111111111111110011111010000
111111111111111111111111110011100100100
111111111111111111111111110011001111000
111111111111111111111111110010111001100
111111111111111111111111110010100100000
111111111111111111111111110010001110100
111111111111111111111111110001111001000
111111111111111111111111110001100011100
111111111111111111111111110001001110000
111111111111111111111111110000111000100
111111111111111111111111110000100011000
111111111111111111111111110000001101100
111111111111111111111111101111111000000
111111111111111111111111101111100010100
111111111111111111111111101111001101000
111111111111111111111111101110110111100
111111111111111111111111101110100010000
111111111111111111111111101110001100100
111111111111111111111111101101110111000
111111111111111111111111101101100001100
111111111111111111111111101101001100000
111111111111111111111111101100110110100
111111111111111111111111101100100001000
111111111111111111111111101100001011100
111111111111111111111111101011110110000
111111111111111111111111101011100000100
111111111111111111111111101011001011000
111111111111111111111111101010110101100
111111111111111111111111101010100000000
111111111111111111111111101010001010100
111111111111111111111111101001110101000
111111111111111111111111101001011111100
111111111111111111111111101001001010000
111111111111111111111111101000110100100
111111111111111111111111101000011111000
111111111111111111111111101000001001100
111111111111111111111111100111110100000
111111111111111111111111100111011110100
111111111111111111111111100111001001000
111111111111111111111111100110110011100
111111111111111111111111100110011110000
111111111111111111111111100110001000100
111111111111111111111111100101110011000
111111111111111111111111100101011101100
111111111111111111111111100101001000000
111111111111111111111111100100110010100
111111111111111111111111100100011101000
111111111111111111111111100100000111100
111111111111111111111111100011110010000
111111111111111111111111100011011100100
111111111111111111111111100011000111000
111111111111111111111111100010110001100
111111111111111111111111100010011100000
111111111111111111111111100010000110100
111111111111111111111111100001110001000
111111111111111111111111100001011011100
111111111111111111111111100001000110000
111111111111111111111111100000110000100
111111111111111111111111100000011011000
111111111111111111111111100000000101100
111111111111111111111111011111110000000
111111111111111111111111011111011010100
111111111111111111111111011111000101000
111111111111111111111111011110101111100
111111111111111111111111011110011010000
111111111111111111111111011110000100100
111111111111111111111111011101101111000
111111111111111111111111011101011001100
111111111111111111111111011101000100000
111111111111111111111111011100101110100
111111111111111111111111011100011001000
111111111111111111111111011100000011100
111111111111111111111111011011101110000
111111111111111111111111011011011000100
111111111111111111111111011011000011000
111111111111111111111111011010101101100
111111111111111111111111011010011000000
111111111111111111111111011010000010100
111111111111111111111111011001101101000
111111111111111111111111011001010111100
111111111111111111111111011001000010000
111111111111111111111111011000101100100
111111111111111111111111011000010111000
111111111111111111111111011000000001100
111111111111111111111111010111101100000
111111111111111111111111010111010110100
111111111111111111111111010111000001000
111111111111111111111111010110101011100
111111111111111111111111010110010110000
111111111111111111111111010110000000100
111111111111111111111111010101101011000
111111111111111111111111010101010101100
111111111111111111111111010101000000000
111111111111111111111111010100101010100
111111111111111111111111010100010101000
111111111111111111111111010011111111100
111111111111111111111111010011101010000
111111111111111111111111010011010100100
111111111111111111111111010010111111000
111111111111111111111111010010101001100
111111111111111111111111010010010100000
111111111111111111111111010001111110100
111111111111111111111111010001101001000
111111111111111111111111010001010011100
111111111111111111111111010000111110000
111111111111111111111111010000101000100
111111111111111111111111010000010011000
111111111111111111111111001111111101100
111111111111111111111111001111101000000
111111111111111111111111001111010010100
111111111111111111111111001110111101000
111111111111111111111111001110100111100
111111111111111111111111001110010010000
111111111111111111111111001101111100100
111111111111111111111111001101100111000
111111111111111111111111001101010001100
111111111111111111111111001100111100000
111111111111111111111111001100100110100
111111111111111111111111001100010001000
111111111111111111111111001011111011100
111111111111111111111111001011100110000
111111111111111111111111001011010000100
111111111111111111111111001010111011000
111111111111111111111111001010100101100
111111111111111111111111001010010000000
111111111111111111111111001001111010100
111111111111111111111111001001100101000
111111111111111111111111001001001111100
111111111111111111111111001000111010000
111111111111111111111111001000100100100
111111111111111111111111001000001111000
111111111111111111111111000111111001100
111111111111111111111111000111100100000
111111111111111111111111000111001110100
111111111111111111111111000110111001000
111111111111111111111111000110100011100
111111111111111111111111000110001110000
111111111111111111111111000101111000100
111111111111111111111111000101100011000
111111111111111111111111000101001101100
111111111111111111111111000100111000000
111111111111111111111111000100100010100
111111111111111111111111000100001101000
111111111111111111111111000011110111100
111111111111111111111111000011100010000
111111111111111111111111000011001100100
111111111111111111111111000010110111000
111111111111111111111111000010100001100
111111111111111111111111000010001100000
111111111111111111111111000001110110100
111111111111111111111111000001100001000
111111111111111111111111000001001011100
111111111111111111111111000000110110000
111111111111111111111111000000100000100
111111111111111111111111000000001011000
111111111111111111111110111111110101100
111111111111111111111110111111100000000
111111111111111111111110111111001010100
111111111111111111111110111110110101000
111111111111111111111110111110011111100
111111111111111111111110111110001010000
111111111111111111111110111101110100100
111111111111111111111110111101011111000
111111111111111111111110111101001001100
111111111111111111111110111100110100000
111111111111111111111110111100011110100
111111111111111111111110111100001001000
111111111111111111111110111011110011100
111111111111111111111110111011011110000
111111111111111111111110111011001000100
111111111111111111111110111010110011000
111111111111111111111110111010011101100
111111111111111111111110111010001000000
111111111111111111111110111001110010100
111111111111111111111110111001011101000
111111111111111111111110111001000111100
111111111111111111111110111000110010000
111111111111111111111110111000011100100
111111111111111111111110111000000111000
111111111111111111111110110111110001100
111111111111111111111110110111011100000
111111111111111111111110110111000110100
111111111111111111111110110110110001000
111111111111111111111110110110011011100
111111111111111111111110110110000110000
111111111111111111111110110101110000100
111111111111111111111110110101011011000
111111111111111111111110110101000101100
111111111111111111111110110100110000000
111111111111111111111110110100011010100
111111111111111111111110110100000101000
111111111111111111111110110011101111100
111111111111111111111110110011011010000
111111111111111111111110110011000100100
111111111111111111111110110010101111000
111111111111111111111110110010011001100
111111111111111111111110110010000100000
111111111111111111111110110001101110100
111111111111111111111110110001011001000
111111111111111111111110110001000011100
111111111111111111111110110000101110000
111111111111111111111110110000011000100
111111111111111111111110110000000011000
111111111111111111111110101111101101100
111111111111111111111110101111011000000
111111111111111111111110101111000010100
111111111111111111111110101110101101000
111111111111111111111110101110010111100
111111111111111111111110101110000010000
111111111111111111111110101101101100100
111111111111111111111110101101010111000
111111111111111111111110101101000001100
111111111111111111111110101100101100000
111111111111111111111110101100010110100
111111111111111111111110101100000001000
111111111111111111111110101011101011100
111111111111111111111110101011010110000
111111111111111111111110101011000000100
111111111111111111111110101010101011000
111111111111111111111110101010010101100
