000000000000000000000000000000000000000
000000000000000000000000000000011101110
000000000000000000000000000000111011100
000000000000000000000000000001011001010
000000000000000000000000000001110111000
000000000000000000000000000010010100110
000000000000000000000000000010110010100
000000000000000000000000000011010000010
000000000000000000000000000011101110000
000000000000000000000000000100001011110
000000000000000000000000000100101001100
000000000000000000000000000101000111010
000000000000000000000000000101100101000
000000000000000000000000000110000010110
000000000000000000000000000110100000100
000000000000000000000000000110111110010
000000000000000000000000000111011100000
000000000000000000000000000111111001110
000000000000000000000000001000010111100
000000000000000000000000001000110101010
000000000000000000000000001001010011000
000000000000000000000000001001110000110
000000000000000000000000001010001110100
000000000000000000000000001010101100010
000000000000000000000000001011001010000
000000000000000000000000001011100111110
000000000000000000000000001100000101100
000000000000000000000000001100100011010
000000000000000000000000001101000001000
000000000000000000000000001101011110110
000000000000000000000000001101111100100
000000000000000000000000001110011010010
000000000000000000000000001110111000000
000000000000000000000000001111010101110
000000000000000000000000001111110011100
000000000000000000000000010000010001010
000000000000000000000000010000101111000
000000000000000000000000010001001100110
000000000000000000000000010001101010100
000000000000000000000000010010001000010
000000000000000000000000010010100110000
000000000000000000000000010011000011110
000000000000000000000000010011100001100
000000000000000000000000010011111111010
000000000000000000000000010100011101000
000000000000000000000000010100111010110
000000000000000000000000010101011000100
000000000000000000000000010101110110010
000000000000000000000000010110010100000
000000000000000000000000010110110001110
000000000000000000000000010111001111100
000000000000000000000000010111101101010
000000000000000000000000011000001011000
000000000000000000000000011000101000110
000000000000000000000000011001000110100
000000000000000000000000011001100100010
000000000000000000000000011010000010000
000000000000000000000000011010011111110
000000000000000000000000011010111101100
000000000000000000000000011011011011010
000000000000000000000000011011111001000
000000000000000000000000011100010110110
000000000000000000000000011100110100100
000000000000000000000000011101010010010
000000000000000000000000011101110000000
000000000000000000000000011110001101110
000000000000000000000000011110101011100
000000000000000000000000011111001001010
000000000000000000000000011111100111000
000000000000000000000000100000000100110
000000000000000000000000100000100010100
000000000000000000000000100001000000010
000000000000000000000000100001011110000
000000000000000000000000100001111011110
000000000000000000000000100010011001100
000000000000000000000000100010110111010
000000000000000000000000100011010101000
000000000000000000000000100011110010110
000000000000000000000000100100010000100
000000000000000000000000100100101110010
000000000000000000000000100101001100000
000000000000000000000000100101101001110
000000000000000000000000100110000111100
000000000000000000000000100110100101010
000000000000000000000000100111000011000
000000000000000000000000100111100000110
000000000000000000000000100111111110100
000000000000000000000000101000011100010
000000000000000000000000101000111010000
000000000000000000000000101001010111110
000000000000000000000000101001110101100
000000000000000000000000101010010011010
000000000000000000000000101010110001000
000000000000000000000000101011001110110
000000000000000000000000101011101100100
000000000000000000000000101100001010010
000000000000000000000000101100101000000
000000000000000000000000101101000101110
000000000000000000000000101101100011100
000000000000000000000000101110000001010
000000000000000000000000101110011111000
000000000000000000000000101110111100110
000000000000000000000000101111011010100
000000000000000000000000101111111000010
000000000000000000000000110000010110000
000000000000000000000000110000110011110
000000000000000000000000110001010001100
000000000000000000000000110001101111010
000000000000000000000000110010001101000
000000000000000000000000110010101010110
000000000000000000000000110011001000100
000000000000000000000000110011100110010
000000000000000000000000110100000100000
000000000000000000000000110100100001110
000000000000000000000000110100111111100
000000000000000000000000110101011101010
000000000000000000000000110101111011000
000000000000000000000000110110011000110
000000000000000000000000110110110110100
000000000000000000000000110111010100010
000000000000000000000000110111110010000
000000000000000000000000111000001111110
000000000000000000000000111000101101100
000000000000000000000000111001001011010
000000000000000000000000111001101001000
000000000000000000000000111010000110110
000000000000000000000000111010100100100
000000000000000000000000111011000010010
000000000000000000000000111011100000000
000000000000000000000000111011111101110
000000000000000000000000111100011011100
000000000000000000000000111100111001010
000000000000000000000000111101010111000
000000000000000000000000111101110100110
000000000000000000000000111110010010100
000000000000000000000000111110110000010
000000000000000000000000111111001110000
000000000000000000000000111111101011110
000000000000000000000001000000001001100
000000000000000000000001000000100111010
000000000000000000000001000001000101000
000000000000000000000001000001100010110
000000000000000000000001000010000000100
000000000000000000000001000010011110010
000000000000000000000001000010111100000
000000000000000000000001000011011001110
000000000000000000000001000011110111100
000000000000000000000001000100010101010
000000000000000000000001000100110011000
000000000000000000000001000101010000110
000000000000000000000001000101101110100
000000000000000000000001000110001100010
000000000000000000000001000110101010000
000000000000000000000001000111000111110
000000000000000000000001000111100101100
000000000000000000000001001000000011010
000000000000000000000001001000100001000
000000000000000000000001001000111110110
000000000000000000000001001001011100100
000000000000000000000001001001111010010
000000000000000000000001001010011000000
000000000000000000000001001010110101110
000000000000000000000001001011010011100
000000000000000000000001001011110001010
000000000000000000000001001100001111000
000000000000000000000001001100101100110
000000000000000000000001001101001010100
000000000000000000000001001101101000010
000000000000000000000001001110000110000
000000000000000000000001001110100011110
000000000000000000000001001111000001100
000000000000000000000001001111011111010
000000000000000000000001001111111101000
000000000000000000000001010000011010110
000000000000000000000001010000111000100
000000000000000000000001010001010110010
000000000000000000000001010001110100000
000000000000000000000001010010010001110
000000000000000000000001010010101111100
000000000000000000000001010011001101010
000000000000000000000001010011101011000
000000000000000000000001010100001000110
000000000000000000000001010100100110100
000000000000000000000001010101000100010
000000000000000000000001010101100010000
000000000000000000000001010101111111110
000000000000000000000001010110011101100
000000000000000000000001010110111011010
000000000000000000000001010111011001000
000000000000000000000001010111110110110
000000000000000000000001011000010100100
000000000000000000000001011000110010010
000000000000000000000001011001010000000
000000000000000000000001011001101101110
000000000000000000000001011010001011100
000000000000000000000001011010101001010
000000000000000000000001011011000111000
000000000000000000000001011011100100110
000000000000000000000001011100000010100
000000000000000000000001011100100000010
000000000000000000000001011100111110000
000000000000000000000001011101011011110
000000000000000000000001011101111001100
000000000000000000000001011110010111010
000000000000000000000001011110110101000
000000000000000000000001011111010010110
000000000000000000000001011111110000100
000000000000000000000001100000001110010
000000000000000000000001100000101100000
000000000000000000000001100001001001110
000000000000000000000001100001100111100
000000000000000000000001100010000101010
000000000000000000000001100010100011000
000000000000000000000001100011000000110
000000000000000000000001100011011110100
000000000000000000000001100011111100010
000000000000000000000001100100011010000
000000000000000000000001100100110111110
000000000000000000000001100101010101100
000000000000000000000001100101110011010
000000000000000000000001100110010001000
000000000000000000000001100110101110110
000000000000000000000001100111001100100
000000000000000000000001100111101010010
000000000000000000000001101000001000000
000000000000000000000001101000100101110
000000000000000000000001101001000011100
000000000000000000000001101001100001010
000000000000000000000001101001111111000
000000000000000000000001101010011100110
000000000000000000000001101010111010100
000000000000000000000001101011011000010
000000000000000000000001101011110110000
000000000000000000000001101100010011110
000000000000000000000001101100110001100
000000000000000000000001101101001111010
000000000000000000000001101101101101000
000000000000000000000001101110001010110
000000000000000000000001101110101000100
000000000000000000000001101111000110010
000000000000000000000001101111100100000
000000000000000000000001110000000001110
000000000000000000000001110000011111100
000000000000000000000001110000111101010
000000000000000000000001110001011011000
000000000000000000000001110001111000110
000000000000000000000001110010010110100
000000000000000000000001110010110100010
000000000000000000000001110011010010000
000000000000000000000001110011101111110
000000000000000000000001110100001101100
000000000000000000000001110100101011010
000000000000000000000001110101001001000
000000000000000000000001110101100110110
000000000000000000000001110110000100100
000000000000000000000001110110100010010
