000000000000000000000000000000000000000
111111111111111111111111111111101110010
111111111111111111111111111111011100100
111111111111111111111111111111001010110
111111111111111111111111111110111001000
111111111111111111111111111110100111010
111111111111111111111111111110010101100
111111111111111111111111111110000011110
111111111111111111111111111101110010000
111111111111111111111111111101100000010
111111111111111111111111111101001110100
111111111111111111111111111100111100110
111111111111111111111111111100101011000
111111111111111111111111111100011001010
111111111111111111111111111100000111100
111111111111111111111111111011110101110
111111111111111111111111111011100100000
111111111111111111111111111011010010010
111111111111111111111111111011000000100
111111111111111111111111111010101110110
111111111111111111111111111010011101000
111111111111111111111111111010001011010
111111111111111111111111111001111001100
111111111111111111111111111001100111110
111111111111111111111111111001010110000
111111111111111111111111111001000100010
111111111111111111111111111000110010100
111111111111111111111111111000100000110
111111111111111111111111111000001111000
111111111111111111111111110111111101010
111111111111111111111111110111101011100
111111111111111111111111110111011001110
111111111111111111111111110111001000000
111111111111111111111111110110110110010
111111111111111111111111110110100100100
111111111111111111111111110110010010110
111111111111111111111111110110000001000
111111111111111111111111110101101111010
111111111111111111111111110101011101100
111111111111111111111111110101001011110
111111111111111111111111110100111010000
111111111111111111111111110100101000010
111111111111111111111111110100010110100
111111111111111111111111110100000100110
111111111111111111111111110011110011000
111111111111111111111111110011100001010
111111111111111111111111110011001111100
111111111111111111111111110010111101110
111111111111111111111111110010101100000
111111111111111111111111110010011010010
111111111111111111111111110010001000100
111111111111111111111111110001110110110
111111111111111111111111110001100101000
111111111111111111111111110001010011010
111111111111111111111111110001000001100
111111111111111111111111110000101111110
111111111111111111111111110000011110000
111111111111111111111111110000001100010
111111111111111111111111101111111010100
111111111111111111111111101111101000110
111111111111111111111111101111010111000
111111111111111111111111101111000101010
111111111111111111111111101110110011100
111111111111111111111111101110100001110
111111111111111111111111101110010000000
111111111111111111111111101101111110010
111111111111111111111111101101101100100
111111111111111111111111101101011010110
111111111111111111111111101101001001000
111111111111111111111111101100110111010
111111111111111111111111101100100101100
111111111111111111111111101100010011110
111111111111111111111111101100000010000
111111111111111111111111101011110000010
111111111111111111111111101011011110100
111111111111111111111111101011001100110
111111111111111111111111101010111011000
111111111111111111111111101010101001010
111111111111111111111111101010010111100
111111111111111111111111101010000101110
111111111111111111111111101001110100000
111111111111111111111111101001100010010
111111111111111111111111101001010000100
111111111111111111111111101000111110110
111111111111111111111111101000101101000
111111111111111111111111101000011011010
111111111111111111111111101000001001100
111111111111111111111111100111110111110
111111111111111111111111100111100110000
111111111111111111111111100111010100010
111111111111111111111111100111000010100
111111111111111111111111100110110000110
111111111111111111111111100110011111000
111111111111111111111111100110001101010
111111111111111111111111100101111011100
111111111111111111111111100101101001110
111111111111111111111111100101011000000
111111111111111111111111100101000110010
111111111111111111111111100100110100100
111111111111111111111111100100100010110
111111111111111111111111100100010001000
111111111111111111111111100011111111010
111111111111111111111111100011101101100
111111111111111111111111100011011011110
111111111111111111111111100011001010000
111111111111111111111111100010111000010
111111111111111111111111100010100110100
111111111111111111111111100010010100110
111111111111111111111111100010000011000
111111111111111111111111100001110001010
111111111111111111111111100001011111100
111111111111111111111111100001001101110
111111111111111111111111100000111100000
111111111111111111111111100000101010010
111111111111111111111111100000011000100
111111111111111111111111100000000110110
111111111111111111111111011111110101000
111111111111111111111111011111100011010
111111111111111111111111011111010001100
111111111111111111111111011110111111110
111111111111111111111111011110101110000
111111111111111111111111011110011100010
111111111111111111111111011110001010100
111111111111111111111111011101111000110
111111111111111111111111011101100111000
111111111111111111111111011101010101010
111111111111111111111111011101000011100
111111111111111111111111011100110001110
111111111111111111111111011100100000000
111111111111111111111111011100001110010
111111111111111111111111011011111100100
111111111111111111111111011011101010110
111111111111111111111111011011011001000
111111111111111111111111011011000111010
111111111111111111111111011010110101100
111111111111111111111111011010100011110
111111111111111111111111011010010010000
111111111111111111111111011010000000010
111111111111111111111111011001101110100
111111111111111111111111011001011100110
111111111111111111111111011001001011000
111111111111111111111111011000111001010
111111111111111111111111011000100111100
111111111111111111111111011000010101110
111111111111111111111111011000000100000
111111111111111111111111010111110010010
111111111111111111111111010111100000100
111111111111111111111111010111001110110
111111111111111111111111010110111101000
111111111111111111111111010110101011010
111111111111111111111111010110011001100
111111111111111111111111010110000111110
111111111111111111111111010101110110000
111111111111111111111111010101100100010
111111111111111111111111010101010010100
111111111111111111111111010101000000110
111111111111111111111111010100101111000
111111111111111111111111010100011101010
111111111111111111111111010100001011100
111111111111111111111111010011111001110
111111111111111111111111010011101000000
111111111111111111111111010011010110010
111111111111111111111111010011000100100
111111111111111111111111010010110010110
111111111111111111111111010010100001000
111111111111111111111111010010001111010
111111111111111111111111010001111101100
111111111111111111111111010001101011110
111111111111111111111111010001011010000
111111111111111111111111010001001000010
111111111111111111111111010000110110100
111111111111111111111111010000100100110
111111111111111111111111010000010011000
111111111111111111111111010000000001010
111111111111111111111111001111101111100
111111111111111111111111001111011101110
111111111111111111111111001111001100000
111111111111111111111111001110111010010
111111111111111111111111001110101000100
111111111111111111111111001110010110110
111111111111111111111111001110000101000
111111111111111111111111001101110011010
111111111111111111111111001101100001100
111111111111111111111111001101001111110
111111111111111111111111001100111110000
111111111111111111111111001100101100010
111111111111111111111111001100011010100
111111111111111111111111001100001000110
111111111111111111111111001011110111000
111111111111111111111111001011100101010
111111111111111111111111001011010011100
111111111111111111111111001011000001110
111111111111111111111111001010110000000
111111111111111111111111001010011110010
111111111111111111111111001010001100100
111111111111111111111111001001111010110
111111111111111111111111001001101001000
111111111111111111111111001001010111010
111111111111111111111111001001000101100
111111111111111111111111001000110011110
111111111111111111111111001000100010000
111111111111111111111111001000010000010
111111111111111111111111000111111110100
111111111111111111111111000111101100110
111111111111111111111111000111011011000
111111111111111111111111000111001001010
111111111111111111111111000110110111100
111111111111111111111111000110100101110
111111111111111111111111000110010100000
111111111111111111111111000110000010010
111111111111111111111111000101110000100
111111111111111111111111000101011110110
111111111111111111111111000101001101000
111111111111111111111111000100111011010
111111111111111111111111000100101001100
111111111111111111111111000100010111110
111111111111111111111111000100000110000
111111111111111111111111000011110100010
111111111111111111111111000011100010100
111111111111111111111111000011010000110
111111111111111111111111000010111111000
111111111111111111111111000010101101010
111111111111111111111111000010011011100
111111111111111111111111000010001001110
111111111111111111111111000001111000000
111111111111111111111111000001100110010
111111111111111111111111000001010100100
111111111111111111111111000001000010110
111111111111111111111111000000110001000
111111111111111111111111000000011111010
111111111111111111111111000000001101100
111111111111111111111110111111111011110
111111111111111111111110111111101010000
111111111111111111111110111111011000010
111111111111111111111110111111000110100
111111111111111111111110111110110100110
111111111111111111111110111110100011000
111111111111111111111110111110010001010
111111111111111111111110111101111111100
111111111111111111111110111101101101110
111111111111111111111110111101011100000
111111111111111111111110111101001010010
111111111111111111111110111100111000100
111111111111111111111110111100100110110
111111111111111111111110111100010101000
111111111111111111111110111100000011010
111111111111111111111110111011110001100
111111111111111111111110111011011111110
111111111111111111111110111011001110000
111111111111111111111110111010111100010
111111111111111111111110111010101010100
111111111111111111111110111010011000110
111111111111111111111110111010000111000
111111111111111111111110111001110101010
111111111111111111111110111001100011100
111111111111111111111110111001010001110
