000000000000000000000000000000000000000
111111111111111111111111111111101010111
111111111111111111111111111111010101110
111111111111111111111111111111000000101
111111111111111111111111111110101011100
111111111111111111111111111110010110011
111111111111111111111111111110000001010
111111111111111111111111111101101100001
111111111111111111111111111101010111000
111111111111111111111111111101000001111
111111111111111111111111111100101100110
111111111111111111111111111100010111101
111111111111111111111111111100000010100
111111111111111111111111111011101101011
111111111111111111111111111011011000010
111111111111111111111111111011000011001
111111111111111111111111111010101110000
111111111111111111111111111010011000111
111111111111111111111111111010000011110
111111111111111111111111111001101110101
111111111111111111111111111001011001100
111111111111111111111111111001000100011
111111111111111111111111111000101111010
111111111111111111111111111000011010001
111111111111111111111111111000000101000
111111111111111111111111110111101111111
111111111111111111111111110111011010110
111111111111111111111111110111000101101
111111111111111111111111110110110000100
111111111111111111111111110110011011011
111111111111111111111111110110000110010
111111111111111111111111110101110001001
111111111111111111111111110101011100000
111111111111111111111111110101000110111
111111111111111111111111110100110001110
111111111111111111111111110100011100101
111111111111111111111111110100000111100
111111111111111111111111110011110010011
111111111111111111111111110011011101010
111111111111111111111111110011001000001
111111111111111111111111110010110011000
111111111111111111111111110010011101111
111111111111111111111111110010001000110
111111111111111111111111110001110011101
111111111111111111111111110001011110100
111111111111111111111111110001001001011
111111111111111111111111110000110100010
111111111111111111111111110000011111001
111111111111111111111111110000001010000
111111111111111111111111101111110100111
111111111111111111111111101111011111110
111111111111111111111111101111001010101
111111111111111111111111101110110101100
111111111111111111111111101110100000011
111111111111111111111111101110001011010
111111111111111111111111101101110110001
111111111111111111111111101101100001000
111111111111111111111111101101001011111
111111111111111111111111101100110110110
111111111111111111111111101100100001101
111111111111111111111111101100001100100
111111111111111111111111101011110111011
111111111111111111111111101011100010010
111111111111111111111111101011001101001
111111111111111111111111101010111000000
111111111111111111111111101010100010111
111111111111111111111111101010001101110
111111111111111111111111101001111000101
111111111111111111111111101001100011100
111111111111111111111111101001001110011
111111111111111111111111101000111001010
111111111111111111111111101000100100001
111111111111111111111111101000001111000
111111111111111111111111100111111001111
111111111111111111111111100111100100110
111111111111111111111111100111001111101
111111111111111111111111100110111010100
111111111111111111111111100110100101011
111111111111111111111111100110010000010
111111111111111111111111100101111011001
111111111111111111111111100101100110000
111111111111111111111111100101010000111
111111111111111111111111100100111011110
111111111111111111111111100100100110101
111111111111111111111111100100010001100
111111111111111111111111100011111100011
111111111111111111111111100011100111010
111111111111111111111111100011010010001
111111111111111111111111100010111101000
111111111111111111111111100010100111111
111111111111111111111111100010010010110
111111111111111111111111100001111101101
111111111111111111111111100001101000100
111111111111111111111111100001010011011
111111111111111111111111100000111110010
111111111111111111111111100000101001001
111111111111111111111111100000010100000
111111111111111111111111011111111110111
111111111111111111111111011111101001110
111111111111111111111111011111010100101
111111111111111111111111011110111111100
111111111111111111111111011110101010011
111111111111111111111111011110010101010
111111111111111111111111011110000000001
111111111111111111111111011101101011000
111111111111111111111111011101010101111
111111111111111111111111011101000000110
111111111111111111111111011100101011101
111111111111111111111111011100010110100
111111111111111111111111011100000001011
111111111111111111111111011011101100010
111111111111111111111111011011010111001
111111111111111111111111011011000010000
111111111111111111111111011010101100111
111111111111111111111111011010010111110
111111111111111111111111011010000010101
111111111111111111111111011001101101100
111111111111111111111111011001011000011
111111111111111111111111011001000011010
111111111111111111111111011000101110001
111111111111111111111111011000011001000
111111111111111111111111011000000011111
111111111111111111111111010111101110110
111111111111111111111111010111011001101
111111111111111111111111010111000100100
111111111111111111111111010110101111011
111111111111111111111111010110011010010
111111111111111111111111010110000101001
111111111111111111111111010101110000000
111111111111111111111111010101011010111
111111111111111111111111010101000101110
111111111111111111111111010100110000101
111111111111111111111111010100011011100
111111111111111111111111010100000110011
111111111111111111111111010011110001010
111111111111111111111111010011011100001
111111111111111111111111010011000111000
111111111111111111111111010010110001111
111111111111111111111111010010011100110
111111111111111111111111010010000111101
111111111111111111111111010001110010100
111111111111111111111111010001011101011
111111111111111111111111010001001000010
111111111111111111111111010000110011001
111111111111111111111111010000011110000
111111111111111111111111010000001000111
111111111111111111111111001111110011110
111111111111111111111111001111011110101
111111111111111111111111001111001001100
111111111111111111111111001110110100011
111111111111111111111111001110011111010
111111111111111111111111001110001010001
111111111111111111111111001101110101000
111111111111111111111111001101011111111
111111111111111111111111001101001010110
111111111111111111111111001100110101101
111111111111111111111111001100100000100
111111111111111111111111001100001011011
111111111111111111111111001011110110010
111111111111111111111111001011100001001
111111111111111111111111001011001100000
111111111111111111111111001010110110111
111111111111111111111111001010100001110
111111111111111111111111001010001100101
111111111111111111111111001001110111100
111111111111111111111111001001100010011
111111111111111111111111001001001101010
111111111111111111111111001000111000001
111111111111111111111111001000100011000
111111111111111111111111001000001101111
111111111111111111111111000111111000110
111111111111111111111111000111100011101
111111111111111111111111000111001110100
111111111111111111111111000110111001011
111111111111111111111111000110100100010
111111111111111111111111000110001111001
111111111111111111111111000101111010000
111111111111111111111111000101100100111
111111111111111111111111000101001111110
111111111111111111111111000100111010101
111111111111111111111111000100100101100
111111111111111111111111000100010000011
111111111111111111111111000011111011010
111111111111111111111111000011100110001
111111111111111111111111000011010001000
111111111111111111111111000010111011111
111111111111111111111111000010100110110
111111111111111111111111000010010001101
111111111111111111111111000001111100100
111111111111111111111111000001100111011
111111111111111111111111000001010010010
111111111111111111111111000000111101001
111111111111111111111111000000101000000
111111111111111111111111000000010010111
111111111111111111111110111111111101110
111111111111111111111110111111101000101
111111111111111111111110111111010011100
111111111111111111111110111110111110011
111111111111111111111110111110101001010
111111111111111111111110111110010100001
111111111111111111111110111101111111000
111111111111111111111110111101101001111
111111111111111111111110111101010100110
111111111111111111111110111100111111101
111111111111111111111110111100101010100
111111111111111111111110111100010101011
111111111111111111111110111100000000010
111111111111111111111110111011101011001
111111111111111111111110111011010110000
111111111111111111111110111011000000111
111111111111111111111110111010101011110
111111111111111111111110111010010110101
111111111111111111111110111010000001100
111111111111111111111110111001101100011
111111111111111111111110111001010111010
111111111111111111111110111001000010001
111111111111111111111110111000101101000
111111111111111111111110111000010111111
111111111111111111111110111000000010110
111111111111111111111110110111101101101
111111111111111111111110110111011000100
111111111111111111111110110111000011011
111111111111111111111110110110101110010
111111111111111111111110110110011001001
111111111111111111111110110110000100000
111111111111111111111110110101101110111
111111111111111111111110110101011001110
111111111111111111111110110101000100101
111111111111111111111110110100101111100
111111111111111111111110110100011010011
111111111111111111111110110100000101010
111111111111111111111110110011110000001
111111111111111111111110110011011011000
111111111111111111111110110011000101111
111111111111111111111110110010110000110
111111111111111111111110110010011011101
111111111111111111111110110010000110100
111111111111111111111110110001110001011
111111111111111111111110110001011100010
111111111111111111111110110001000111001
111111111111111111111110110000110010000
111111111111111111111110110000011100111
111111111111111111111110110000000111110
111111111111111111111110101111110010101
111111111111111111111110101111011101100
111111111111111111111110101111001000011
111111111111111111111110101110110011010
111111111111111111111110101110011110001
111111111111111111111110101110001001000
111111111111111111111110101101110011111
111111111111111111111110101101011110110
111111111111111111111110101101001001101
111111111111111111111110101100110100100
111111111111111111111110101100011111011
111111111111111111111110101100001010010
111111111111111111111110101011110101001
