000000000000000000000000000000000000000
111111111111111111111111111111101100110
111111111111111111111111111111011001100
111111111111111111111111111111000110010
111111111111111111111111111110110011000
111111111111111111111111111110011111110
111111111111111111111111111110001100100
111111111111111111111111111101111001010
111111111111111111111111111101100110000
111111111111111111111111111101010010110
111111111111111111111111111100111111100
111111111111111111111111111100101100010
111111111111111111111111111100011001000
111111111111111111111111111100000101110
111111111111111111111111111011110010100
111111111111111111111111111011011111010
111111111111111111111111111011001100000
111111111111111111111111111010111000110
111111111111111111111111111010100101100
111111111111111111111111111010010010010
111111111111111111111111111001111111000
111111111111111111111111111001101011110
111111111111111111111111111001011000100
111111111111111111111111111001000101010
111111111111111111111111111000110010000
111111111111111111111111111000011110110
111111111111111111111111111000001011100
111111111111111111111111110111111000010
111111111111111111111111110111100101000
111111111111111111111111110111010001110
111111111111111111111111110110111110100
111111111111111111111111110110101011010
111111111111111111111111110110011000000
111111111111111111111111110110000100110
111111111111111111111111110101110001100
111111111111111111111111110101011110010
111111111111111111111111110101001011000
111111111111111111111111110100110111110
111111111111111111111111110100100100100
111111111111111111111111110100010001010
111111111111111111111111110011111110000
111111111111111111111111110011101010110
111111111111111111111111110011010111100
111111111111111111111111110011000100010
111111111111111111111111110010110001000
111111111111111111111111110010011101110
111111111111111111111111110010001010100
111111111111111111111111110001110111010
111111111111111111111111110001100100000
111111111111111111111111110001010000110
111111111111111111111111110000111101100
111111111111111111111111110000101010010
111111111111111111111111110000010111000
111111111111111111111111110000000011110
111111111111111111111111101111110000100
111111111111111111111111101111011101010
111111111111111111111111101111001010000
111111111111111111111111101110110110110
111111111111111111111111101110100011100
111111111111111111111111101110010000010
111111111111111111111111101101111101000
111111111111111111111111101101101001110
111111111111111111111111101101010110100
111111111111111111111111101101000011010
111111111111111111111111101100110000000
111111111111111111111111101100011100110
111111111111111111111111101100001001100
111111111111111111111111101011110110010
111111111111111111111111101011100011000
111111111111111111111111101011001111110
111111111111111111111111101010111100100
111111111111111111111111101010101001010
111111111111111111111111101010010110000
111111111111111111111111101010000010110
111111111111111111111111101001101111100
111111111111111111111111101001011100010
111111111111111111111111101001001001000
111111111111111111111111101000110101110
111111111111111111111111101000100010100
111111111111111111111111101000001111010
111111111111111111111111100111111100000
111111111111111111111111100111101000110
111111111111111111111111100111010101100
111111111111111111111111100111000010010
111111111111111111111111100110101111000
111111111111111111111111100110011011110
111111111111111111111111100110001000100
111111111111111111111111100101110101010
111111111111111111111111100101100010000
111111111111111111111111100101001110110
111111111111111111111111100100111011100
111111111111111111111111100100101000010
111111111111111111111111100100010101000
111111111111111111111111100100000001110
111111111111111111111111100011101110100
111111111111111111111111100011011011010
111111111111111111111111100011001000000
111111111111111111111111100010110100110
111111111111111111111111100010100001100
111111111111111111111111100010001110010
111111111111111111111111100001111011000
111111111111111111111111100001100111110
111111111111111111111111100001010100100
111111111111111111111111100001000001010
111111111111111111111111100000101110000
111111111111111111111111100000011010110
111111111111111111111111100000000111100
111111111111111111111111011111110100010
111111111111111111111111011111100001000
111111111111111111111111011111001101110
111111111111111111111111011110111010100
111111111111111111111111011110100111010
111111111111111111111111011110010100000
111111111111111111111111011110000000110
111111111111111111111111011101101101100
111111111111111111111111011101011010010
111111111111111111111111011101000111000
111111111111111111111111011100110011110
111111111111111111111111011100100000100
111111111111111111111111011100001101010
111111111111111111111111011011111010000
111111111111111111111111011011100110110
111111111111111111111111011011010011100
111111111111111111111111011011000000010
111111111111111111111111011010101101000
111111111111111111111111011010011001110
111111111111111111111111011010000110100
111111111111111111111111011001110011010
111111111111111111111111011001100000000
111111111111111111111111011001001100110
111111111111111111111111011000111001100
111111111111111111111111011000100110010
111111111111111111111111011000010011000
111111111111111111111111010111111111110
111111111111111111111111010111101100100
111111111111111111111111010111011001010
111111111111111111111111010111000110000
111111111111111111111111010110110010110
111111111111111111111111010110011111100
111111111111111111111111010110001100010
111111111111111111111111010101111001000
111111111111111111111111010101100101110
111111111111111111111111010101010010100
111111111111111111111111010100111111010
111111111111111111111111010100101100000
111111111111111111111111010100011000110
111111111111111111111111010100000101100
111111111111111111111111010011110010010
111111111111111111111111010011011111000
111111111111111111111111010011001011110
111111111111111111111111010010111000100
111111111111111111111111010010100101010
111111111111111111111111010010010010000
111111111111111111111111010001111110110
111111111111111111111111010001101011100
111111111111111111111111010001011000010
111111111111111111111111010001000101000
111111111111111111111111010000110001110
111111111111111111111111010000011110100
111111111111111111111111010000001011010
111111111111111111111111001111111000000
111111111111111111111111001111100100110
111111111111111111111111001111010001100
111111111111111111111111001110111110010
111111111111111111111111001110101011000
111111111111111111111111001110010111110
111111111111111111111111001110000100100
111111111111111111111111001101110001010
111111111111111111111111001101011110000
111111111111111111111111001101001010110
111111111111111111111111001100110111100
111111111111111111111111001100100100010
111111111111111111111111001100010001000
111111111111111111111111001011111101110
111111111111111111111111001011101010100
111111111111111111111111001011010111010
111111111111111111111111001011000100000
111111111111111111111111001010110000110
111111111111111111111111001010011101100
111111111111111111111111001010001010010
111111111111111111111111001001110111000
111111111111111111111111001001100011110
111111111111111111111111001001010000100
111111111111111111111111001000111101010
111111111111111111111111001000101010000
111111111111111111111111001000010110110
111111111111111111111111001000000011100
111111111111111111111111000111110000010
111111111111111111111111000111011101000
111111111111111111111111000111001001110
111111111111111111111111000110110110100
111111111111111111111111000110100011010
111111111111111111111111000110010000000
111111111111111111111111000101111100110
111111111111111111111111000101101001100
111111111111111111111111000101010110010
111111111111111111111111000101000011000
111111111111111111111111000100101111110
111111111111111111111111000100011100100
111111111111111111111111000100001001010
111111111111111111111111000011110110000
111111111111111111111111000011100010110
111111111111111111111111000011001111100
111111111111111111111111000010111100010
111111111111111111111111000010101001000
111111111111111111111111000010010101110
111111111111111111111111000010000010100
111111111111111111111111000001101111010
111111111111111111111111000001011100000
111111111111111111111111000001001000110
111111111111111111111111000000110101100
111111111111111111111111000000100010010
111111111111111111111111000000001111000
111111111111111111111110111111111011110
111111111111111111111110111111101000100
111111111111111111111110111111010101010
111111111111111111111110111111000010000
111111111111111111111110111110101110110
111111111111111111111110111110011011100
111111111111111111111110111110001000010
111111111111111111111110111101110101000
111111111111111111111110111101100001110
111111111111111111111110111101001110100
111111111111111111111110111100111011010
111111111111111111111110111100101000000
111111111111111111111110111100010100110
111111111111111111111110111100000001100
111111111111111111111110111011101110010
111111111111111111111110111011011011000
111111111111111111111110111011000111110
111111111111111111111110111010110100100
111111111111111111111110111010100001010
111111111111111111111110111010001110000
111111111111111111111110111001111010110
111111111111111111111110111001100111100
111111111111111111111110111001010100010
111111111111111111111110111001000001000
111111111111111111111110111000101101110
111111111111111111111110111000011010100
111111111111111111111110111000000111010
111111111111111111111110110111110100000
111111111111111111111110110111100000110
111111111111111111111110110111001101100
111111111111111111111110110110111010010
111111111111111111111110110110100111000
111111111111111111111110110110010011110
111111111111111111111110110110000000100
111111111111111111111110110101101101010
111111111111111111111110110101011010000
111111111111111111111110110101000110110
111111111111111111111110110100110011100
111111111111111111111110110100100000010
111111111111111111111110110100001101000
111111111111111111111110110011111001110
111111111111111111111110110011100110100
111111111111111111111110110011010011010
