000000000000000000000000000000000000000
111111111111111111111111111111101011101
111111111111111111111111111111010111010
111111111111111111111111111111000010111
111111111111111111111111111110101110100
111111111111111111111111111110011010001
111111111111111111111111111110000101110
111111111111111111111111111101110001011
111111111111111111111111111101011101000
111111111111111111111111111101001000101
111111111111111111111111111100110100010
111111111111111111111111111100011111111
111111111111111111111111111100001011100
111111111111111111111111111011110111001
111111111111111111111111111011100010110
111111111111111111111111111011001110011
111111111111111111111111111010111010000
111111111111111111111111111010100101101
111111111111111111111111111010010001010
111111111111111111111111111001111100111
111111111111111111111111111001101000100
111111111111111111111111111001010100001
111111111111111111111111111000111111110
111111111111111111111111111000101011011
111111111111111111111111111000010111000
111111111111111111111111111000000010101
111111111111111111111111110111101110010
111111111111111111111111110111011001111
111111111111111111111111110111000101100
111111111111111111111111110110110001001
111111111111111111111111110110011100110
111111111111111111111111110110001000011
111111111111111111111111110101110100000
111111111111111111111111110101011111101
111111111111111111111111110101001011010
111111111111111111111111110100110110111
111111111111111111111111110100100010100
111111111111111111111111110100001110001
111111111111111111111111110011111001110
111111111111111111111111110011100101011
111111111111111111111111110011010001000
111111111111111111111111110010111100101
111111111111111111111111110010101000010
111111111111111111111111110010010011111
111111111111111111111111110001111111100
111111111111111111111111110001101011001
111111111111111111111111110001010110110
111111111111111111111111110001000010011
111111111111111111111111110000101110000
111111111111111111111111110000011001101
111111111111111111111111110000000101010
111111111111111111111111101111110000111
111111111111111111111111101111011100100
111111111111111111111111101111001000001
111111111111111111111111101110110011110
111111111111111111111111101110011111011
111111111111111111111111101110001011000
111111111111111111111111101101110110101
111111111111111111111111101101100010010
111111111111111111111111101101001101111
111111111111111111111111101100111001100
111111111111111111111111101100100101001
111111111111111111111111101100010000110
111111111111111111111111101011111100011
111111111111111111111111101011101000000
111111111111111111111111101011010011101
111111111111111111111111101010111111010
111111111111111111111111101010101010111
111111111111111111111111101010010110100
111111111111111111111111101010000010001
111111111111111111111111101001101101110
111111111111111111111111101001011001011
111111111111111111111111101001000101000
111111111111111111111111101000110000101
111111111111111111111111101000011100010
111111111111111111111111101000000111111
111111111111111111111111100111110011100
111111111111111111111111100111011111001
111111111111111111111111100111001010110
111111111111111111111111100110110110011
111111111111111111111111100110100010000
111111111111111111111111100110001101101
111111111111111111111111100101111001010
111111111111111111111111100101100100111
111111111111111111111111100101010000100
111111111111111111111111100100111100001
111111111111111111111111100100100111110
111111111111111111111111100100010011011
111111111111111111111111100011111111000
111111111111111111111111100011101010101
111111111111111111111111100011010110010
111111111111111111111111100011000001111
111111111111111111111111100010101101100
111111111111111111111111100010011001001
111111111111111111111111100010000100110
111111111111111111111111100001110000011
111111111111111111111111100001011100000
111111111111111111111111100001000111101
111111111111111111111111100000110011010
111111111111111111111111100000011110111
111111111111111111111111100000001010100
111111111111111111111111011111110110001
111111111111111111111111011111100001110
111111111111111111111111011111001101011
111111111111111111111111011110111001000
111111111111111111111111011110100100101
111111111111111111111111011110010000010
111111111111111111111111011101111011111
111111111111111111111111011101100111100
111111111111111111111111011101010011001
111111111111111111111111011100111110110
111111111111111111111111011100101010011
111111111111111111111111011100010110000
111111111111111111111111011100000001101
111111111111111111111111011011101101010
111111111111111111111111011011011000111
111111111111111111111111011011000100100
111111111111111111111111011010110000001
111111111111111111111111011010011011110
111111111111111111111111011010000111011
111111111111111111111111011001110011000
111111111111111111111111011001011110101
111111111111111111111111011001001010010
111111111111111111111111011000110101111
111111111111111111111111011000100001100
111111111111111111111111011000001101001
111111111111111111111111010111111000110
111111111111111111111111010111100100011
111111111111111111111111010111010000000
111111111111111111111111010110111011101
111111111111111111111111010110100111010
111111111111111111111111010110010010111
111111111111111111111111010101111110100
111111111111111111111111010101101010001
111111111111111111111111010101010101110
111111111111111111111111010101000001011
111111111111111111111111010100101101000
111111111111111111111111010100011000101
111111111111111111111111010100000100010
111111111111111111111111010011101111111
111111111111111111111111010011011011100
111111111111111111111111010011000111001
111111111111111111111111010010110010110
111111111111111111111111010010011110011
111111111111111111111111010010001010000
111111111111111111111111010001110101101
111111111111111111111111010001100001010
111111111111111111111111010001001100111
111111111111111111111111010000111000100
111111111111111111111111010000100100001
111111111111111111111111010000001111110
111111111111111111111111001111111011011
111111111111111111111111001111100111000
111111111111111111111111001111010010101
111111111111111111111111001110111110010
111111111111111111111111001110101001111
111111111111111111111111001110010101100
111111111111111111111111001110000001001
111111111111111111111111001101101100110
111111111111111111111111001101011000011
111111111111111111111111001101000100000
111111111111111111111111001100101111101
111111111111111111111111001100011011010
111111111111111111111111001100000110111
111111111111111111111111001011110010100
111111111111111111111111001011011110001
111111111111111111111111001011001001110
111111111111111111111111001010110101011
111111111111111111111111001010100001000
111111111111111111111111001010001100101
111111111111111111111111001001111000010
111111111111111111111111001001100011111
111111111111111111111111001001001111100
111111111111111111111111001000111011001
111111111111111111111111001000100110110
111111111111111111111111001000010010011
111111111111111111111111000111111110000
111111111111111111111111000111101001101
111111111111111111111111000111010101010
111111111111111111111111000111000000111
111111111111111111111111000110101100100
111111111111111111111111000110011000001
111111111111111111111111000110000011110
111111111111111111111111000101101111011
111111111111111111111111000101011011000
111111111111111111111111000101000110101
111111111111111111111111000100110010010
111111111111111111111111000100011101111
111111111111111111111111000100001001100
111111111111111111111111000011110101001
111111111111111111111111000011100000110
111111111111111111111111000011001100011
111111111111111111111111000010111000000
111111111111111111111111000010100011101
111111111111111111111111000010001111010
111111111111111111111111000001111010111
111111111111111111111111000001100110100
111111111111111111111111000001010010001
111111111111111111111111000000111101110
111111111111111111111111000000101001011
111111111111111111111111000000010101000
111111111111111111111111000000000000101
111111111111111111111110111111101100010
111111111111111111111110111111010111111
111111111111111111111110111111000011100
111111111111111111111110111110101111001
111111111111111111111110111110011010110
111111111111111111111110111110000110011
111111111111111111111110111101110010000
111111111111111111111110111101011101101
111111111111111111111110111101001001010
111111111111111111111110111100110100111
111111111111111111111110111100100000100
111111111111111111111110111100001100001
111111111111111111111110111011110111110
111111111111111111111110111011100011011
111111111111111111111110111011001111000
111111111111111111111110111010111010101
111111111111111111111110111010100110010
111111111111111111111110111010010001111
111111111111111111111110111001111101100
111111111111111111111110111001101001001
111111111111111111111110111001010100110
111111111111111111111110111001000000011
111111111111111111111110111000101100000
111111111111111111111110111000010111101
111111111111111111111110111000000011010
111111111111111111111110110111101110111
111111111111111111111110110111011010100
111111111111111111111110110111000110001
111111111111111111111110110110110001110
111111111111111111111110110110011101011
111111111111111111111110110110001001000
111111111111111111111110110101110100101
111111111111111111111110110101100000010
111111111111111111111110110101001011111
111111111111111111111110110100110111100
111111111111111111111110110100100011001
111111111111111111111110110100001110110
111111111111111111111110110011111010011
111111111111111111111110110011100110000
111111111111111111111110110011010001101
111111111111111111111110110010111101010
111111111111111111111110110010101000111
111111111111111111111110110010010100100
111111111111111111111110110010000000001
111111111111111111111110110001101011110
111111111111111111111110110001010111011
111111111111111111111110110001000011000
111111111111111111111110110000101110101
111111111111111111111110110000011010010
111111111111111111111110110000000101111
111111111111111111111110101111110001100
111111111111111111111110101111011101001
111111111111111111111110101111001000110
111111111111111111111110101110110100011
