000000000000000000000000000000000000000
000000000000000000000000000000010101011
000000000000000000000000000000101010110
000000000000000000000000000001000000001
000000000000000000000000000001010101100
000000000000000000000000000001101010111
000000000000000000000000000010000000010
000000000000000000000000000010010101101
000000000000000000000000000010101011000
000000000000000000000000000011000000011
000000000000000000000000000011010101110
000000000000000000000000000011101011001
000000000000000000000000000100000000100
000000000000000000000000000100010101111
000000000000000000000000000100101011010
000000000000000000000000000101000000101
000000000000000000000000000101010110000
000000000000000000000000000101101011011
000000000000000000000000000110000000110
000000000000000000000000000110010110001
000000000000000000000000000110101011100
000000000000000000000000000111000000111
000000000000000000000000000111010110010
000000000000000000000000000111101011101
000000000000000000000000001000000001000
000000000000000000000000001000010110011
000000000000000000000000001000101011110
000000000000000000000000001001000001001
000000000000000000000000001001010110100
000000000000000000000000001001101011111
000000000000000000000000001010000001010
000000000000000000000000001010010110101
000000000000000000000000001010101100000
000000000000000000000000001011000001011
000000000000000000000000001011010110110
000000000000000000000000001011101100001
000000000000000000000000001100000001100
000000000000000000000000001100010110111
000000000000000000000000001100101100010
000000000000000000000000001101000001101
000000000000000000000000001101010111000
000000000000000000000000001101101100011
000000000000000000000000001110000001110
000000000000000000000000001110010111001
000000000000000000000000001110101100100
000000000000000000000000001111000001111
000000000000000000000000001111010111010
000000000000000000000000001111101100101
000000000000000000000000010000000010000
000000000000000000000000010000010111011
000000000000000000000000010000101100110
000000000000000000000000010001000010001
000000000000000000000000010001010111100
000000000000000000000000010001101100111
000000000000000000000000010010000010010
000000000000000000000000010010010111101
000000000000000000000000010010101101000
000000000000000000000000010011000010011
000000000000000000000000010011010111110
000000000000000000000000010011101101001
000000000000000000000000010100000010100
000000000000000000000000010100010111111
000000000000000000000000010100101101010
000000000000000000000000010101000010101
000000000000000000000000010101011000000
000000000000000000000000010101101101011
000000000000000000000000010110000010110
000000000000000000000000010110011000001
000000000000000000000000010110101101100
000000000000000000000000010111000010111
000000000000000000000000010111011000010
000000000000000000000000010111101101101
000000000000000000000000011000000011000
000000000000000000000000011000011000011
000000000000000000000000011000101101110
000000000000000000000000011001000011001
000000000000000000000000011001011000100
000000000000000000000000011001101101111
000000000000000000000000011010000011010
000000000000000000000000011010011000101
000000000000000000000000011010101110000
000000000000000000000000011011000011011
000000000000000000000000011011011000110
000000000000000000000000011011101110001
000000000000000000000000011100000011100
000000000000000000000000011100011000111
000000000000000000000000011100101110010
000000000000000000000000011101000011101
000000000000000000000000011101011001000
000000000000000000000000011101101110011
000000000000000000000000011110000011110
000000000000000000000000011110011001001
000000000000000000000000011110101110100
000000000000000000000000011111000011111
000000000000000000000000011111011001010
000000000000000000000000011111101110101
000000000000000000000000100000000100000
000000000000000000000000100000011001011
000000000000000000000000100000101110110
000000000000000000000000100001000100001
000000000000000000000000100001011001100
000000000000000000000000100001101110111
000000000000000000000000100010000100010
000000000000000000000000100010011001101
000000000000000000000000100010101111000
000000000000000000000000100011000100011
000000000000000000000000100011011001110
000000000000000000000000100011101111001
000000000000000000000000100100000100100
000000000000000000000000100100011001111
000000000000000000000000100100101111010
000000000000000000000000100101000100101
000000000000000000000000100101011010000
000000000000000000000000100101101111011
000000000000000000000000100110000100110
000000000000000000000000100110011010001
000000000000000000000000100110101111100
000000000000000000000000100111000100111
000000000000000000000000100111011010010
000000000000000000000000100111101111101
000000000000000000000000101000000101000
000000000000000000000000101000011010011
000000000000000000000000101000101111110
000000000000000000000000101001000101001
000000000000000000000000101001011010100
000000000000000000000000101001101111111
000000000000000000000000101010000101010
000000000000000000000000101010011010101
000000000000000000000000101010110000000
000000000000000000000000101011000101011
000000000000000000000000101011011010110
000000000000000000000000101011110000001
000000000000000000000000101100000101100
000000000000000000000000101100011010111
000000000000000000000000101100110000010
000000000000000000000000101101000101101
000000000000000000000000101101011011000
000000000000000000000000101101110000011
000000000000000000000000101110000101110
000000000000000000000000101110011011001
000000000000000000000000101110110000100
000000000000000000000000101111000101111
000000000000000000000000101111011011010
000000000000000000000000101111110000101
000000000000000000000000110000000110000
000000000000000000000000110000011011011
000000000000000000000000110000110000110
000000000000000000000000110001000110001
000000000000000000000000110001011011100
000000000000000000000000110001110000111
000000000000000000000000110010000110010
000000000000000000000000110010011011101
000000000000000000000000110010110001000
000000000000000000000000110011000110011
000000000000000000000000110011011011110
000000000000000000000000110011110001001
000000000000000000000000110100000110100
000000000000000000000000110100011011111
000000000000000000000000110100110001010
000000000000000000000000110101000110101
000000000000000000000000110101011100000
000000000000000000000000110101110001011
000000000000000000000000110110000110110
000000000000000000000000110110011100001
000000000000000000000000110110110001100
000000000000000000000000110111000110111
000000000000000000000000110111011100010
000000000000000000000000110111110001101
000000000000000000000000111000000111000
000000000000000000000000111000011100011
000000000000000000000000111000110001110
000000000000000000000000111001000111001
000000000000000000000000111001011100100
000000000000000000000000111001110001111
000000000000000000000000111010000111010
000000000000000000000000111010011100101
000000000000000000000000111010110010000
000000000000000000000000111011000111011
000000000000000000000000111011011100110
000000000000000000000000111011110010001
000000000000000000000000111100000111100
000000000000000000000000111100011100111
000000000000000000000000111100110010010
000000000000000000000000111101000111101
000000000000000000000000111101011101000
000000000000000000000000111101110010011
000000000000000000000000111110000111110
000000000000000000000000111110011101001
000000000000000000000000111110110010100
000000000000000000000000111111000111111
000000000000000000000000111111011101010
000000000000000000000000111111110010101
000000000000000000000001000000001000000
000000000000000000000001000000011101011
000000000000000000000001000000110010110
000000000000000000000001000001001000001
000000000000000000000001000001011101100
000000000000000000000001000001110010111
000000000000000000000001000010001000010
000000000000000000000001000010011101101
000000000000000000000001000010110011000
000000000000000000000001000011001000011
000000000000000000000001000011011101110
000000000000000000000001000011110011001
000000000000000000000001000100001000100
000000000000000000000001000100011101111
000000000000000000000001000100110011010
000000000000000000000001000101001000101
000000000000000000000001000101011110000
000000000000000000000001000101110011011
000000000000000000000001000110001000110
000000000000000000000001000110011110001
000000000000000000000001000110110011100
000000000000000000000001000111001000111
000000000000000000000001000111011110010
000000000000000000000001000111110011101
000000000000000000000001001000001001000
000000000000000000000001001000011110011
000000000000000000000001001000110011110
000000000000000000000001001001001001001
000000000000000000000001001001011110100
000000000000000000000001001001110011111
000000000000000000000001001010001001010
000000000000000000000001001010011110101
000000000000000000000001001010110100000
000000000000000000000001001011001001011
000000000000000000000001001011011110110
000000000000000000000001001011110100001
000000000000000000000001001100001001100
000000000000000000000001001100011110111
000000000000000000000001001100110100010
000000000000000000000001001101001001101
000000000000000000000001001101011111000
000000000000000000000001001101110100011
000000000000000000000001001110001001110
000000000000000000000001001110011111001
000000000000000000000001001110110100100
000000000000000000000001001111001001111
000000000000000000000001001111011111010
000000000000000000000001001111110100101
000000000000000000000001010000001010000
000000000000000000000001010000011111011
000000000000000000000001010000110100110
000000000000000000000001010001001010001
000000000000000000000001010001011111100
000000000000000000000001010001110100111
000000000000000000000001010010001010010
000000000000000000000001010010011111101
000000000000000000000001010010110101000
000000000000000000000001010011001010011
000000000000000000000001010011011111110
000000000000000000000001010011110101001
000000000000000000000001010100001010100
000000000000000000000001010100011111111
000000000000000000000001010100110101010
000000000000000000000001010101001010101
