000000000000000000000000000000000000000
111111111111111111111111111111111111111
111111111111111111111111111111111111110
111111111111111111111111111111111111101
111111111111111111111111111111111111100
111111111111111111111111111111111111011
111111111111111111111111111111111111010
111111111111111111111111111111111111001
111111111111111111111111111111111111000
111111111111111111111111111111111110111
111111111111111111111111111111111110110
111111111111111111111111111111111110101
111111111111111111111111111111111110100
111111111111111111111111111111111110011
111111111111111111111111111111111110010
111111111111111111111111111111111110001
111111111111111111111111111111111110000
111111111111111111111111111111111101111
111111111111111111111111111111111101110
111111111111111111111111111111111101101
111111111111111111111111111111111101100
111111111111111111111111111111111101011
111111111111111111111111111111111101010
111111111111111111111111111111111101001
111111111111111111111111111111111101000
111111111111111111111111111111111100111
111111111111111111111111111111111100110
111111111111111111111111111111111100101
111111111111111111111111111111111100100
111111111111111111111111111111111100011
111111111111111111111111111111111100010
111111111111111111111111111111111100001
111111111111111111111111111111111100000
111111111111111111111111111111111011111
111111111111111111111111111111111011110
111111111111111111111111111111111011101
111111111111111111111111111111111011100
111111111111111111111111111111111011011
111111111111111111111111111111111011010
111111111111111111111111111111111011001
111111111111111111111111111111111011000
111111111111111111111111111111111010111
111111111111111111111111111111111010110
111111111111111111111111111111111010101
111111111111111111111111111111111010100
111111111111111111111111111111111010011
111111111111111111111111111111111010010
111111111111111111111111111111111010001
111111111111111111111111111111111010000
111111111111111111111111111111111001111
111111111111111111111111111111111001110
111111111111111111111111111111111001101
111111111111111111111111111111111001100
111111111111111111111111111111111001011
111111111111111111111111111111111001010
111111111111111111111111111111111001001
111111111111111111111111111111111001000
111111111111111111111111111111111000111
111111111111111111111111111111111000110
111111111111111111111111111111111000101
111111111111111111111111111111111000100
111111111111111111111111111111111000011
111111111111111111111111111111111000010
111111111111111111111111111111111000001
111111111111111111111111111111111000000
111111111111111111111111111111110111111
111111111111111111111111111111110111110
111111111111111111111111111111110111101
111111111111111111111111111111110111100
111111111111111111111111111111110111011
111111111111111111111111111111110111010
111111111111111111111111111111110111001
111111111111111111111111111111110111000
111111111111111111111111111111110110111
111111111111111111111111111111110110110
111111111111111111111111111111110110101
111111111111111111111111111111110110100
111111111111111111111111111111110110011
111111111111111111111111111111110110010
111111111111111111111111111111110110001
111111111111111111111111111111110110000
111111111111111111111111111111110101111
111111111111111111111111111111110101110
111111111111111111111111111111110101101
111111111111111111111111111111110101100
111111111111111111111111111111110101011
111111111111111111111111111111110101010
111111111111111111111111111111110101001
111111111111111111111111111111110101000
111111111111111111111111111111110100111
111111111111111111111111111111110100110
111111111111111111111111111111110100101
111111111111111111111111111111110100100
111111111111111111111111111111110100011
111111111111111111111111111111110100010
111111111111111111111111111111110100001
111111111111111111111111111111110100000
111111111111111111111111111111110011111
111111111111111111111111111111110011110
111111111111111111111111111111110011101
111111111111111111111111111111110011100
111111111111111111111111111111110011011
111111111111111111111111111111110011010
111111111111111111111111111111110011001
111111111111111111111111111111110011000
111111111111111111111111111111110010111
111111111111111111111111111111110010110
111111111111111111111111111111110010101
111111111111111111111111111111110010100
111111111111111111111111111111110010011
111111111111111111111111111111110010010
111111111111111111111111111111110010001
111111111111111111111111111111110010000
111111111111111111111111111111110001111
111111111111111111111111111111110001110
111111111111111111111111111111110001101
111111111111111111111111111111110001100
111111111111111111111111111111110001011
111111111111111111111111111111110001010
111111111111111111111111111111110001001
111111111111111111111111111111110001000
111111111111111111111111111111110000111
111111111111111111111111111111110000110
111111111111111111111111111111110000101
111111111111111111111111111111110000100
111111111111111111111111111111110000011
111111111111111111111111111111110000010
111111111111111111111111111111110000001
111111111111111111111111111111110000000
111111111111111111111111111111101111111
111111111111111111111111111111101111110
111111111111111111111111111111101111101
111111111111111111111111111111101111100
111111111111111111111111111111101111011
111111111111111111111111111111101111010
111111111111111111111111111111101111001
111111111111111111111111111111101111000
111111111111111111111111111111101110111
111111111111111111111111111111101110110
111111111111111111111111111111101110101
111111111111111111111111111111101110100
111111111111111111111111111111101110011
111111111111111111111111111111101110010
111111111111111111111111111111101110001
111111111111111111111111111111101110000
111111111111111111111111111111101101111
111111111111111111111111111111101101110
111111111111111111111111111111101101101
111111111111111111111111111111101101100
111111111111111111111111111111101101011
111111111111111111111111111111101101010
111111111111111111111111111111101101001
111111111111111111111111111111101101000
111111111111111111111111111111101100111
111111111111111111111111111111101100110
111111111111111111111111111111101100101
111111111111111111111111111111101100100
111111111111111111111111111111101100011
111111111111111111111111111111101100010
111111111111111111111111111111101100001
111111111111111111111111111111101100000
111111111111111111111111111111101011111
111111111111111111111111111111101011110
111111111111111111111111111111101011101
111111111111111111111111111111101011100
111111111111111111111111111111101011011
111111111111111111111111111111101011010
111111111111111111111111111111101011001
111111111111111111111111111111101011000
111111111111111111111111111111101010111
111111111111111111111111111111101010110
111111111111111111111111111111101010101
111111111111111111111111111111101010100
111111111111111111111111111111101010011
111111111111111111111111111111101010010
111111111111111111111111111111101010001
111111111111111111111111111111101010000
111111111111111111111111111111101001111
111111111111111111111111111111101001110
111111111111111111111111111111101001101
111111111111111111111111111111101001100
111111111111111111111111111111101001011
111111111111111111111111111111101001010
111111111111111111111111111111101001001
111111111111111111111111111111101001000
111111111111111111111111111111101000111
111111111111111111111111111111101000110
111111111111111111111111111111101000101
111111111111111111111111111111101000100
111111111111111111111111111111101000011
111111111111111111111111111111101000010
111111111111111111111111111111101000001
111111111111111111111111111111101000000
111111111111111111111111111111100111111
111111111111111111111111111111100111110
111111111111111111111111111111100111101
111111111111111111111111111111100111100
111111111111111111111111111111100111011
111111111111111111111111111111100111010
111111111111111111111111111111100111001
111111111111111111111111111111100111000
111111111111111111111111111111100110111
111111111111111111111111111111100110110
111111111111111111111111111111100110101
111111111111111111111111111111100110100
111111111111111111111111111111100110011
111111111111111111111111111111100110010
111111111111111111111111111111100110001
111111111111111111111111111111100110000
111111111111111111111111111111100101111
111111111111111111111111111111100101110
111111111111111111111111111111100101101
111111111111111111111111111111100101100
111111111111111111111111111111100101011
111111111111111111111111111111100101010
111111111111111111111111111111100101001
111111111111111111111111111111100101000
111111111111111111111111111111100100111
111111111111111111111111111111100100110
111111111111111111111111111111100100101
111111111111111111111111111111100100100
111111111111111111111111111111100100011
111111111111111111111111111111100100010
111111111111111111111111111111100100001
111111111111111111111111111111100100000
111111111111111111111111111111100011111
111111111111111111111111111111100011110
111111111111111111111111111111100011101
111111111111111111111111111111100011100
111111111111111111111111111111100011011
111111111111111111111111111111100011010
111111111111111111111111111111100011001
111111111111111111111111111111100011000
111111111111111111111111111111100010111
111111111111111111111111111111100010110
111111111111111111111111111111100010101
111111111111111111111111111111100010100
111111111111111111111111111111100010011
111111111111111111111111111111100010010
111111111111111111111111111111100010001
111111111111111111111111111111100010000
111111111111111111111111111111100001111
111111111111111111111111111111100001110
111111111111111111111111111111100001101
111111111111111111111111111111100001100
111111111111111111111111111111100001011
111111111111111111111111111111100001010
111111111111111111111111111111100001001
111111111111111111111111111111100001000
111111111111111111111111111111100000111
111111111111111111111111111111100000110
111111111111111111111111111111100000101
111111111111111111111111111111100000100
111111111111111111111111111111100000011
111111111111111111111111111111100000010
111111111111111111111111111111100000001
