000000000000000000000000000000000000000
000000000000000000000000000000011100000
000000000000000000000000000000111000000
000000000000000000000000000001010100000
000000000000000000000000000001110000000
000000000000000000000000000010001100000
000000000000000000000000000010101000000
000000000000000000000000000011000100000
000000000000000000000000000011100000000
000000000000000000000000000011111100000
000000000000000000000000000100011000000
000000000000000000000000000100110100000
000000000000000000000000000101010000000
000000000000000000000000000101101100000
000000000000000000000000000110001000000
000000000000000000000000000110100100000
000000000000000000000000000111000000000
000000000000000000000000000111011100000
000000000000000000000000000111111000000
000000000000000000000000001000010100000
000000000000000000000000001000110000000
000000000000000000000000001001001100000
000000000000000000000000001001101000000
000000000000000000000000001010000100000
000000000000000000000000001010100000000
000000000000000000000000001010111100000
000000000000000000000000001011011000000
000000000000000000000000001011110100000
000000000000000000000000001100010000000
000000000000000000000000001100101100000
000000000000000000000000001101001000000
000000000000000000000000001101100100000
000000000000000000000000001110000000000
000000000000000000000000001110011100000
000000000000000000000000001110111000000
000000000000000000000000001111010100000
000000000000000000000000001111110000000
000000000000000000000000010000001100000
000000000000000000000000010000101000000
000000000000000000000000010001000100000
000000000000000000000000010001100000000
000000000000000000000000010001111100000
000000000000000000000000010010011000000
000000000000000000000000010010110100000
000000000000000000000000010011010000000
000000000000000000000000010011101100000
000000000000000000000000010100001000000
000000000000000000000000010100100100000
000000000000000000000000010101000000000
000000000000000000000000010101011100000
000000000000000000000000010101111000000
000000000000000000000000010110010100000
000000000000000000000000010110110000000
000000000000000000000000010111001100000
000000000000000000000000010111101000000
000000000000000000000000011000000100000
000000000000000000000000011000100000000
000000000000000000000000011000111100000
000000000000000000000000011001011000000
000000000000000000000000011001110100000
000000000000000000000000011010010000000
000000000000000000000000011010101100000
000000000000000000000000011011001000000
000000000000000000000000011011100100000
000000000000000000000000011100000000000
000000000000000000000000011100011100000
000000000000000000000000011100111000000
000000000000000000000000011101010100000
000000000000000000000000011101110000000
000000000000000000000000011110001100000
000000000000000000000000011110101000000
000000000000000000000000011111000100000
000000000000000000000000011111100000000
000000000000000000000000011111111100000
000000000000000000000000100000011000000
000000000000000000000000100000110100000
000000000000000000000000100001010000000
000000000000000000000000100001101100000
000000000000000000000000100010001000000
000000000000000000000000100010100100000
000000000000000000000000100011000000000
000000000000000000000000100011011100000
000000000000000000000000100011111000000
000000000000000000000000100100010100000
000000000000000000000000100100110000000
000000000000000000000000100101001100000
000000000000000000000000100101101000000
000000000000000000000000100110000100000
000000000000000000000000100110100000000
000000000000000000000000100110111100000
000000000000000000000000100111011000000
000000000000000000000000100111110100000
000000000000000000000000101000010000000
000000000000000000000000101000101100000
000000000000000000000000101001001000000
000000000000000000000000101001100100000
000000000000000000000000101010000000000
000000000000000000000000101010011100000
000000000000000000000000101010111000000
000000000000000000000000101011010100000
000000000000000000000000101011110000000
000000000000000000000000101100001100000
000000000000000000000000101100101000000
000000000000000000000000101101000100000
000000000000000000000000101101100000000
000000000000000000000000101101111100000
000000000000000000000000101110011000000
000000000000000000000000101110110100000
000000000000000000000000101111010000000
000000000000000000000000101111101100000
000000000000000000000000110000001000000
000000000000000000000000110000100100000
000000000000000000000000110001000000000
000000000000000000000000110001011100000
000000000000000000000000110001111000000
000000000000000000000000110010010100000
000000000000000000000000110010110000000
000000000000000000000000110011001100000
000000000000000000000000110011101000000
000000000000000000000000110100000100000
000000000000000000000000110100100000000
000000000000000000000000110100111100000
000000000000000000000000110101011000000
000000000000000000000000110101110100000
000000000000000000000000110110010000000
000000000000000000000000110110101100000
000000000000000000000000110111001000000
000000000000000000000000110111100100000
000000000000000000000000111000000000000
000000000000000000000000111000011100000
000000000000000000000000111000111000000
000000000000000000000000111001010100000
000000000000000000000000111001110000000
000000000000000000000000111010001100000
000000000000000000000000111010101000000
000000000000000000000000111011000100000
000000000000000000000000111011100000000
000000000000000000000000111011111100000
000000000000000000000000111100011000000
000000000000000000000000111100110100000
000000000000000000000000111101010000000
000000000000000000000000111101101100000
000000000000000000000000111110001000000
000000000000000000000000111110100100000
000000000000000000000000111111000000000
000000000000000000000000111111011100000
000000000000000000000000111111111000000
000000000000000000000001000000010100000
000000000000000000000001000000110000000
000000000000000000000001000001001100000
000000000000000000000001000001101000000
000000000000000000000001000010000100000
000000000000000000000001000010100000000
000000000000000000000001000010111100000
000000000000000000000001000011011000000
000000000000000000000001000011110100000
000000000000000000000001000100010000000
000000000000000000000001000100101100000
000000000000000000000001000101001000000
000000000000000000000001000101100100000
000000000000000000000001000110000000000
000000000000000000000001000110011100000
000000000000000000000001000110111000000
000000000000000000000001000111010100000
000000000000000000000001000111110000000
000000000000000000000001001000001100000
000000000000000000000001001000101000000
000000000000000000000001001001000100000
000000000000000000000001001001100000000
000000000000000000000001001001111100000
000000000000000000000001001010011000000
000000000000000000000001001010110100000
000000000000000000000001001011010000000
000000000000000000000001001011101100000
000000000000000000000001001100001000000
000000000000000000000001001100100100000
000000000000000000000001001101000000000
000000000000000000000001001101011100000
000000000000000000000001001101111000000
000000000000000000000001001110010100000
000000000000000000000001001110110000000
000000000000000000000001001111001100000
000000000000000000000001001111101000000
000000000000000000000001010000000100000
000000000000000000000001010000100000000
000000000000000000000001010000111100000
000000000000000000000001010001011000000
000000000000000000000001010001110100000
000000000000000000000001010010010000000
000000000000000000000001010010101100000
000000000000000000000001010011001000000
000000000000000000000001010011100100000
000000000000000000000001010100000000000
000000000000000000000001010100011100000
000000000000000000000001010100111000000
000000000000000000000001010101010100000
000000000000000000000001010101110000000
000000000000000000000001010110001100000
000000000000000000000001010110101000000
000000000000000000000001010111000100000
000000000000000000000001010111100000000
000000000000000000000001010111111100000
000000000000000000000001011000011000000
000000000000000000000001011000110100000
000000000000000000000001011001010000000
000000000000000000000001011001101100000
000000000000000000000001011010001000000
000000000000000000000001011010100100000
000000000000000000000001011011000000000
000000000000000000000001011011011100000
000000000000000000000001011011111000000
000000000000000000000001011100010100000
000000000000000000000001011100110000000
000000000000000000000001011101001100000
000000000000000000000001011101101000000
000000000000000000000001011110000100000
000000000000000000000001011110100000000
000000000000000000000001011110111100000
000000000000000000000001011111011000000
000000000000000000000001011111110100000
000000000000000000000001100000010000000
000000000000000000000001100000101100000
000000000000000000000001100001001000000
000000000000000000000001100001100100000
000000000000000000000001100010000000000
000000000000000000000001100010011100000
000000000000000000000001100010111000000
000000000000000000000001100011010100000
000000000000000000000001100011110000000
000000000000000000000001100100001100000
000000000000000000000001100100101000000
000000000000000000000001100101000100000
000000000000000000000001100101100000000
000000000000000000000001100101111100000
000000000000000000000001100110011000000
000000000000000000000001100110110100000
000000000000000000000001100111010000000
000000000000000000000001100111101100000
000000000000000000000001101000001000000
000000000000000000000001101000100100000
000000000000000000000001101001000000000
000000000000000000000001101001011100000
000000000000000000000001101001111000000
000000000000000000000001101010010100000
000000000000000000000001101010110000000
000000000000000000000001101011001100000
000000000000000000000001101011101000000
000000000000000000000001101100000100000
000000000000000000000001101100100000000
000000000000000000000001101100111100000
000000000000000000000001101101011000000
000000000000000000000001101101110100000
000000000000000000000001101110010000000
000000000000000000000001101110101100000
000000000000000000000001101111001000000
000000000000000000000001101111100100000
