000000000000000000000000000000000000000
111111111111111111111111111111100001111
111111111111111111111111111111000011110
111111111111111111111111111110100101101
111111111111111111111111111110000111100
111111111111111111111111111101101001011
111111111111111111111111111101001011010
111111111111111111111111111100101101001
111111111111111111111111111100001111000
111111111111111111111111111011110000111
111111111111111111111111111011010010110
111111111111111111111111111010110100101
111111111111111111111111111010010110100
111111111111111111111111111001111000011
111111111111111111111111111001011010010
111111111111111111111111111000111100001
111111111111111111111111111000011110000
111111111111111111111111110111111111111
111111111111111111111111110111100001110
111111111111111111111111110111000011101
111111111111111111111111110110100101100
111111111111111111111111110110000111011
111111111111111111111111110101101001010
111111111111111111111111110101001011001
111111111111111111111111110100101101000
111111111111111111111111110100001110111
111111111111111111111111110011110000110
111111111111111111111111110011010010101
111111111111111111111111110010110100100
111111111111111111111111110010010110011
111111111111111111111111110001111000010
111111111111111111111111110001011010001
111111111111111111111111110000111100000
111111111111111111111111110000011101111
111111111111111111111111101111111111110
111111111111111111111111101111100001101
111111111111111111111111101111000011100
111111111111111111111111101110100101011
111111111111111111111111101110000111010
111111111111111111111111101101101001001
111111111111111111111111101101001011000
111111111111111111111111101100101100111
111111111111111111111111101100001110110
111111111111111111111111101011110000101
111111111111111111111111101011010010100
111111111111111111111111101010110100011
111111111111111111111111101010010110010
111111111111111111111111101001111000001
111111111111111111111111101001011010000
111111111111111111111111101000111011111
111111111111111111111111101000011101110
111111111111111111111111100111111111101
111111111111111111111111100111100001100
111111111111111111111111100111000011011
111111111111111111111111100110100101010
111111111111111111111111100110000111001
111111111111111111111111100101101001000
111111111111111111111111100101001010111
111111111111111111111111100100101100110
111111111111111111111111100100001110101
111111111111111111111111100011110000100
111111111111111111111111100011010010011
111111111111111111111111100010110100010
111111111111111111111111100010010110001
111111111111111111111111100001111000000
111111111111111111111111100001011001111
111111111111111111111111100000111011110
111111111111111111111111100000011101101
111111111111111111111111011111111111100
111111111111111111111111011111100001011
111111111111111111111111011111000011010
111111111111111111111111011110100101001
111111111111111111111111011110000111000
111111111111111111111111011101101000111
111111111111111111111111011101001010110
111111111111111111111111011100101100101
111111111111111111111111011100001110100
111111111111111111111111011011110000011
111111111111111111111111011011010010010
111111111111111111111111011010110100001
111111111111111111111111011010010110000
111111111111111111111111011001110111111
111111111111111111111111011001011001110
111111111111111111111111011000111011101
111111111111111111111111011000011101100
111111111111111111111111010111111111011
111111111111111111111111010111100001010
111111111111111111111111010111000011001
111111111111111111111111010110100101000
111111111111111111111111010110000110111
111111111111111111111111010101101000110
111111111111111111111111010101001010101
111111111111111111111111010100101100100
111111111111111111111111010100001110011
111111111111111111111111010011110000010
111111111111111111111111010011010010001
111111111111111111111111010010110100000
111111111111111111111111010010010101111
111111111111111111111111010001110111110
111111111111111111111111010001011001101
111111111111111111111111010000111011100
111111111111111111111111010000011101011
111111111111111111111111001111111111010
111111111111111111111111001111100001001
111111111111111111111111001111000011000
111111111111111111111111001110100100111
111111111111111111111111001110000110110
111111111111111111111111001101101000101
111111111111111111111111001101001010100
111111111111111111111111001100101100011
111111111111111111111111001100001110010
111111111111111111111111001011110000001
111111111111111111111111001011010010000
111111111111111111111111001010110011111
111111111111111111111111001010010101110
111111111111111111111111001001110111101
111111111111111111111111001001011001100
111111111111111111111111001000111011011
111111111111111111111111001000011101010
111111111111111111111111000111111111001
111111111111111111111111000111100001000
111111111111111111111111000111000010111
111111111111111111111111000110100100110
111111111111111111111111000110000110101
111111111111111111111111000101101000100
111111111111111111111111000101001010011
111111111111111111111111000100101100010
111111111111111111111111000100001110001
111111111111111111111111000011110000000
111111111111111111111111000011010001111
111111111111111111111111000010110011110
111111111111111111111111000010010101101
111111111111111111111111000001110111100
111111111111111111111111000001011001011
111111111111111111111111000000111011010
111111111111111111111111000000011101001
111111111111111111111110111111111111000
111111111111111111111110111111100000111
111111111111111111111110111111000010110
111111111111111111111110111110100100101
111111111111111111111110111110000110100
111111111111111111111110111101101000011
111111111111111111111110111101001010010
111111111111111111111110111100101100001
111111111111111111111110111100001110000
111111111111111111111110111011101111111
111111111111111111111110111011010001110
111111111111111111111110111010110011101
111111111111111111111110111010010101100
111111111111111111111110111001110111011
111111111111111111111110111001011001010
111111111111111111111110111000111011001
111111111111111111111110111000011101000
111111111111111111111110110111111110111
111111111111111111111110110111100000110
111111111111111111111110110111000010101
111111111111111111111110110110100100100
111111111111111111111110110110000110011
111111111111111111111110110101101000010
111111111111111111111110110101001010001
111111111111111111111110110100101100000
111111111111111111111110110100001101111
111111111111111111111110110011101111110
111111111111111111111110110011010001101
111111111111111111111110110010110011100
111111111111111111111110110010010101011
111111111111111111111110110001110111010
111111111111111111111110110001011001001
111111111111111111111110110000111011000
111111111111111111111110110000011100111
111111111111111111111110101111111110110
111111111111111111111110101111100000101
111111111111111111111110101111000010100
111111111111111111111110101110100100011
111111111111111111111110101110000110010
111111111111111111111110101101101000001
111111111111111111111110101101001010000
111111111111111111111110101100101011111
111111111111111111111110101100001101110
111111111111111111111110101011101111101
111111111111111111111110101011010001100
111111111111111111111110101010110011011
111111111111111111111110101010010101010
111111111111111111111110101001110111001
111111111111111111111110101001011001000
111111111111111111111110101000111010111
111111111111111111111110101000011100110
111111111111111111111110100111111110101
111111111111111111111110100111100000100
111111111111111111111110100111000010011
111111111111111111111110100110100100010
111111111111111111111110100110000110001
111111111111111111111110100101101000000
111111111111111111111110100101001001111
111111111111111111111110100100101011110
111111111111111111111110100100001101101
111111111111111111111110100011101111100
111111111111111111111110100011010001011
111111111111111111111110100010110011010
111111111111111111111110100010010101001
111111111111111111111110100001110111000
111111111111111111111110100001011000111
111111111111111111111110100000111010110
111111111111111111111110100000011100101
111111111111111111111110011111111110100
111111111111111111111110011111100000011
111111111111111111111110011111000010010
111111111111111111111110011110100100001
111111111111111111111110011110000110000
111111111111111111111110011101100111111
111111111111111111111110011101001001110
111111111111111111111110011100101011101
111111111111111111111110011100001101100
111111111111111111111110011011101111011
111111111111111111111110011011010001010
111111111111111111111110011010110011001
111111111111111111111110011010010101000
111111111111111111111110011001110110111
111111111111111111111110011001011000110
111111111111111111111110011000111010101
111111111111111111111110011000011100100
111111111111111111111110010111111110011
111111111111111111111110010111100000010
111111111111111111111110010111000010001
111111111111111111111110010110100100000
111111111111111111111110010110000101111
111111111111111111111110010101100111110
111111111111111111111110010101001001101
111111111111111111111110010100101011100
111111111111111111111110010100001101011
111111111111111111111110010011101111010
111111111111111111111110010011010001001
111111111111111111111110010010110011000
111111111111111111111110010010010100111
111111111111111111111110010001110110110
111111111111111111111110010001011000101
111111111111111111111110010000111010100
111111111111111111111110010000011100011
111111111111111111111110001111111110010
111111111111111111111110001111100000001
111111111111111111111110001111000010000
111111111111111111111110001110100011111
111111111111111111111110001110000101110
111111111111111111111110001101100111101
111111111111111111111110001101001001100
111111111111111111111110001100101011011
111111111111111111111110001100001101010
111111111111111111111110001011101111001
111111111111111111111110001011010001000
111111111111111111111110001010110010111
111111111111111111111110001010010100110
111111111111111111111110001001110110101
111111111111111111111110001001011000100
111111111111111111111110001000111010011
111111111111111111111110001000011100010
111111111111111111111110000111111110001
