000000000000000000000000000000000000000
111111111111111111111111111111100011101
111111111111111111111111111111000111010
111111111111111111111111111110101010111
111111111111111111111111111110001110100
111111111111111111111111111101110010001
111111111111111111111111111101010101110
111111111111111111111111111100111001011
111111111111111111111111111100011101000
111111111111111111111111111100000000101
111111111111111111111111111011100100010
111111111111111111111111111011000111111
111111111111111111111111111010101011100
111111111111111111111111111010001111001
111111111111111111111111111001110010110
111111111111111111111111111001010110011
111111111111111111111111111000111010000
111111111111111111111111111000011101101
111111111111111111111111111000000001010
111111111111111111111111110111100100111
111111111111111111111111110111001000100
111111111111111111111111110110101100001
111111111111111111111111110110001111110
111111111111111111111111110101110011011
111111111111111111111111110101010111000
111111111111111111111111110100111010101
111111111111111111111111110100011110010
111111111111111111111111110100000001111
111111111111111111111111110011100101100
111111111111111111111111110011001001001
111111111111111111111111110010101100110
111111111111111111111111110010010000011
111111111111111111111111110001110100000
111111111111111111111111110001010111101
111111111111111111111111110000111011010
111111111111111111111111110000011110111
111111111111111111111111110000000010100
111111111111111111111111101111100110001
111111111111111111111111101111001001110
111111111111111111111111101110101101011
111111111111111111111111101110010001000
111111111111111111111111101101110100101
111111111111111111111111101101011000010
111111111111111111111111101100111011111
111111111111111111111111101100011111100
111111111111111111111111101100000011001
111111111111111111111111101011100110110
111111111111111111111111101011001010011
111111111111111111111111101010101110000
111111111111111111111111101010010001101
111111111111111111111111101001110101010
111111111111111111111111101001011000111
111111111111111111111111101000111100100
111111111111111111111111101000100000001
111111111111111111111111101000000011110
111111111111111111111111100111100111011
111111111111111111111111100111001011000
111111111111111111111111100110101110101
111111111111111111111111100110010010010
111111111111111111111111100101110101111
111111111111111111111111100101011001100
111111111111111111111111100100111101001
111111111111111111111111100100100000110
111111111111111111111111100100000100011
111111111111111111111111100011101000000
111111111111111111111111100011001011101
111111111111111111111111100010101111010
111111111111111111111111100010010010111
111111111111111111111111100001110110100
111111111111111111111111100001011010001
111111111111111111111111100000111101110
111111111111111111111111100000100001011
111111111111111111111111100000000101000
111111111111111111111111011111101000101
111111111111111111111111011111001100010
111111111111111111111111011110101111111
111111111111111111111111011110010011100
111111111111111111111111011101110111001
111111111111111111111111011101011010110
111111111111111111111111011100111110011
111111111111111111111111011100100010000
111111111111111111111111011100000101101
111111111111111111111111011011101001010
111111111111111111111111011011001100111
111111111111111111111111011010110000100
111111111111111111111111011010010100001
111111111111111111111111011001110111110
111111111111111111111111011001011011011
111111111111111111111111011000111111000
111111111111111111111111011000100010101
111111111111111111111111011000000110010
111111111111111111111111010111101001111
111111111111111111111111010111001101100
111111111111111111111111010110110001001
111111111111111111111111010110010100110
111111111111111111111111010101111000011
111111111111111111111111010101011100000
111111111111111111111111010100111111101
111111111111111111111111010100100011010
111111111111111111111111010100000110111
111111111111111111111111010011101010100
111111111111111111111111010011001110001
111111111111111111111111010010110001110
111111111111111111111111010010010101011
111111111111111111111111010001111001000
111111111111111111111111010001011100101
111111111111111111111111010001000000010
111111111111111111111111010000100011111
111111111111111111111111010000000111100
111111111111111111111111001111101011001
111111111111111111111111001111001110110
111111111111111111111111001110110010011
111111111111111111111111001110010110000
111111111111111111111111001101111001101
111111111111111111111111001101011101010
111111111111111111111111001101000000111
111111111111111111111111001100100100100
111111111111111111111111001100001000001
111111111111111111111111001011101011110
111111111111111111111111001011001111011
111111111111111111111111001010110011000
111111111111111111111111001010010110101
111111111111111111111111001001111010010
111111111111111111111111001001011101111
111111111111111111111111001001000001100
111111111111111111111111001000100101001
111111111111111111111111001000001000110
111111111111111111111111000111101100011
111111111111111111111111000111010000000
111111111111111111111111000110110011101
111111111111111111111111000110010111010
111111111111111111111111000101111010111
111111111111111111111111000101011110100
111111111111111111111111000101000010001
111111111111111111111111000100100101110
111111111111111111111111000100001001011
111111111111111111111111000011101101000
111111111111111111111111000011010000101
111111111111111111111111000010110100010
111111111111111111111111000010010111111
111111111111111111111111000001111011100
111111111111111111111111000001011111001
111111111111111111111111000001000010110
111111111111111111111111000000100110011
111111111111111111111111000000001010000
111111111111111111111110111111101101101
111111111111111111111110111111010001010
111111111111111111111110111110110100111
111111111111111111111110111110011000100
111111111111111111111110111101111100001
111111111111111111111110111101011111110
111111111111111111111110111101000011011
111111111111111111111110111100100111000
111111111111111111111110111100001010101
111111111111111111111110111011101110010
111111111111111111111110111011010001111
111111111111111111111110111010110101100
111111111111111111111110111010011001001
111111111111111111111110111001111100110
111111111111111111111110111001100000011
111111111111111111111110111001000100000
111111111111111111111110111000100111101
111111111111111111111110111000001011010
111111111111111111111110110111101110111
111111111111111111111110110111010010100
111111111111111111111110110110110110001
111111111111111111111110110110011001110
111111111111111111111110110101111101011
111111111111111111111110110101100001000
111111111111111111111110110101000100101
111111111111111111111110110100101000010
111111111111111111111110110100001011111
111111111111111111111110110011101111100
111111111111111111111110110011010011001
111111111111111111111110110010110110110
111111111111111111111110110010011010011
111111111111111111111110110001111110000
111111111111111111111110110001100001101
111111111111111111111110110001000101010
111111111111111111111110110000101000111
111111111111111111111110110000001100100
111111111111111111111110101111110000001
111111111111111111111110101111010011110
111111111111111111111110101110110111011
111111111111111111111110101110011011000
111111111111111111111110101101111110101
111111111111111111111110101101100010010
111111111111111111111110101101000101111
111111111111111111111110101100101001100
111111111111111111111110101100001101001
111111111111111111111110101011110000110
111111111111111111111110101011010100011
111111111111111111111110101010111000000
111111111111111111111110101010011011101
111111111111111111111110101001111111010
111111111111111111111110101001100010111
111111111111111111111110101001000110100
111111111111111111111110101000101010001
111111111111111111111110101000001101110
111111111111111111111110100111110001011
111111111111111111111110100111010101000
111111111111111111111110100110111000101
111111111111111111111110100110011100010
111111111111111111111110100101111111111
111111111111111111111110100101100011100
111111111111111111111110100101000111001
111111111111111111111110100100101010110
111111111111111111111110100100001110011
111111111111111111111110100011110010000
111111111111111111111110100011010101101
111111111111111111111110100010111001010
111111111111111111111110100010011100111
111111111111111111111110100010000000100
111111111111111111111110100001100100001
111111111111111111111110100001000111110
111111111111111111111110100000101011011
111111111111111111111110100000001111000
111111111111111111111110011111110010101
111111111111111111111110011111010110010
111111111111111111111110011110111001111
111111111111111111111110011110011101100
111111111111111111111110011110000001001
111111111111111111111110011101100100110
111111111111111111111110011101001000011
111111111111111111111110011100101100000
111111111111111111111110011100001111101
111111111111111111111110011011110011010
111111111111111111111110011011010110111
111111111111111111111110011010111010100
111111111111111111111110011010011110001
111111111111111111111110011010000001110
111111111111111111111110011001100101011
111111111111111111111110011001001001000
111111111111111111111110011000101100101
111111111111111111111110011000010000010
111111111111111111111110010111110011111
111111111111111111111110010111010111100
111111111111111111111110010110111011001
111111111111111111111110010110011110110
111111111111111111111110010110000010011
111111111111111111111110010101100110000
111111111111111111111110010101001001101
111111111111111111111110010100101101010
111111111111111111111110010100010000111
111111111111111111111110010011110100100
111111111111111111111110010011011000001
111111111111111111111110010010111011110
111111111111111111111110010010011111011
111111111111111111111110010010000011000
111111111111111111111110010001100110101
111111111111111111111110010001001010010
111111111111111111111110010000101101111
111111111111111111111110010000010001100
111111111111111111111110001111110101001
111111111111111111111110001111011000110
111111111111111111111110001110111100011
