000000000000000000000000000000000000000
000000000000000000000000000000001001001
000000000000000000000000000000010010010
000000000000000000000000000000011011011
000000000000000000000000000000100100100
000000000000000000000000000000101101101
000000000000000000000000000000110110110
000000000000000000000000000000111111111
000000000000000000000000000001001001000
000000000000000000000000000001010010001
000000000000000000000000000001011011010
000000000000000000000000000001100100011
000000000000000000000000000001101101100
000000000000000000000000000001110110101
000000000000000000000000000001111111110
000000000000000000000000000010001000111
000000000000000000000000000010010010000
000000000000000000000000000010011011001
000000000000000000000000000010100100010
000000000000000000000000000010101101011
000000000000000000000000000010110110100
000000000000000000000000000010111111101
000000000000000000000000000011001000110
000000000000000000000000000011010001111
000000000000000000000000000011011011000
000000000000000000000000000011100100001
000000000000000000000000000011101101010
000000000000000000000000000011110110011
000000000000000000000000000011111111100
000000000000000000000000000100001000101
000000000000000000000000000100010001110
000000000000000000000000000100011010111
000000000000000000000000000100100100000
000000000000000000000000000100101101001
000000000000000000000000000100110110010
000000000000000000000000000100111111011
000000000000000000000000000101001000100
000000000000000000000000000101010001101
000000000000000000000000000101011010110
000000000000000000000000000101100011111
000000000000000000000000000101101101000
000000000000000000000000000101110110001
000000000000000000000000000101111111010
000000000000000000000000000110001000011
000000000000000000000000000110010001100
000000000000000000000000000110011010101
000000000000000000000000000110100011110
000000000000000000000000000110101100111
000000000000000000000000000110110110000
000000000000000000000000000110111111001
000000000000000000000000000111001000010
000000000000000000000000000111010001011
000000000000000000000000000111011010100
000000000000000000000000000111100011101
000000000000000000000000000111101100110
000000000000000000000000000111110101111
000000000000000000000000000111111111000
000000000000000000000000001000001000001
000000000000000000000000001000010001010
000000000000000000000000001000011010011
000000000000000000000000001000100011100
000000000000000000000000001000101100101
000000000000000000000000001000110101110
000000000000000000000000001000111110111
000000000000000000000000001001001000000
000000000000000000000000001001010001001
000000000000000000000000001001011010010
000000000000000000000000001001100011011
000000000000000000000000001001101100100
000000000000000000000000001001110101101
000000000000000000000000001001111110110
000000000000000000000000001010000111111
000000000000000000000000001010010001000
000000000000000000000000001010011010001
000000000000000000000000001010100011010
000000000000000000000000001010101100011
000000000000000000000000001010110101100
000000000000000000000000001010111110101
000000000000000000000000001011000111110
000000000000000000000000001011010000111
000000000000000000000000001011011010000
000000000000000000000000001011100011001
000000000000000000000000001011101100010
000000000000000000000000001011110101011
000000000000000000000000001011111110100
000000000000000000000000001100000111101
000000000000000000000000001100010000110
000000000000000000000000001100011001111
000000000000000000000000001100100011000
000000000000000000000000001100101100001
000000000000000000000000001100110101010
000000000000000000000000001100111110011
000000000000000000000000001101000111100
000000000000000000000000001101010000101
000000000000000000000000001101011001110
000000000000000000000000001101100010111
000000000000000000000000001101101100000
000000000000000000000000001101110101001
000000000000000000000000001101111110010
000000000000000000000000001110000111011
000000000000000000000000001110010000100
000000000000000000000000001110011001101
000000000000000000000000001110100010110
000000000000000000000000001110101011111
000000000000000000000000001110110101000
000000000000000000000000001110111110001
000000000000000000000000001111000111010
000000000000000000000000001111010000011
000000000000000000000000001111011001100
000000000000000000000000001111100010101
000000000000000000000000001111101011110
000000000000000000000000001111110100111
000000000000000000000000001111111110000
000000000000000000000000010000000111001
000000000000000000000000010000010000010
000000000000000000000000010000011001011
000000000000000000000000010000100010100
000000000000000000000000010000101011101
000000000000000000000000010000110100110
000000000000000000000000010000111101111
000000000000000000000000010001000111000
000000000000000000000000010001010000001
000000000000000000000000010001011001010
000000000000000000000000010001100010011
000000000000000000000000010001101011100
000000000000000000000000010001110100101
000000000000000000000000010001111101110
000000000000000000000000010010000110111
000000000000000000000000010010010000000
000000000000000000000000010010011001001
000000000000000000000000010010100010010
000000000000000000000000010010101011011
000000000000000000000000010010110100100
000000000000000000000000010010111101101
000000000000000000000000010011000110110
000000000000000000000000010011001111111
000000000000000000000000010011011001000
000000000000000000000000010011100010001
000000000000000000000000010011101011010
000000000000000000000000010011110100011
000000000000000000000000010011111101100
000000000000000000000000010100000110101
000000000000000000000000010100001111110
000000000000000000000000010100011000111
000000000000000000000000010100100010000
000000000000000000000000010100101011001
000000000000000000000000010100110100010
000000000000000000000000010100111101011
000000000000000000000000010101000110100
000000000000000000000000010101001111101
000000000000000000000000010101011000110
000000000000000000000000010101100001111
000000000000000000000000010101101011000
000000000000000000000000010101110100001
000000000000000000000000010101111101010
000000000000000000000000010110000110011
000000000000000000000000010110001111100
000000000000000000000000010110011000101
000000000000000000000000010110100001110
000000000000000000000000010110101010111
000000000000000000000000010110110100000
000000000000000000000000010110111101001
000000000000000000000000010111000110010
000000000000000000000000010111001111011
000000000000000000000000010111011000100
000000000000000000000000010111100001101
000000000000000000000000010111101010110
000000000000000000000000010111110011111
000000000000000000000000010111111101000
000000000000000000000000011000000110001
000000000000000000000000011000001111010
000000000000000000000000011000011000011
000000000000000000000000011000100001100
000000000000000000000000011000101010101
000000000000000000000000011000110011110
000000000000000000000000011000111100111
000000000000000000000000011001000110000
000000000000000000000000011001001111001
000000000000000000000000011001011000010
000000000000000000000000011001100001011
000000000000000000000000011001101010100
000000000000000000000000011001110011101
000000000000000000000000011001111100110
000000000000000000000000011010000101111
000000000000000000000000011010001111000
000000000000000000000000011010011000001
000000000000000000000000011010100001010
000000000000000000000000011010101010011
000000000000000000000000011010110011100
000000000000000000000000011010111100101
000000000000000000000000011011000101110
000000000000000000000000011011001110111
000000000000000000000000011011011000000
000000000000000000000000011011100001001
000000000000000000000000011011101010010
000000000000000000000000011011110011011
000000000000000000000000011011111100100
000000000000000000000000011100000101101
000000000000000000000000011100001110110
000000000000000000000000011100010111111
000000000000000000000000011100100001000
000000000000000000000000011100101010001
000000000000000000000000011100110011010
000000000000000000000000011100111100011
000000000000000000000000011101000101100
000000000000000000000000011101001110101
000000000000000000000000011101010111110
000000000000000000000000011101100000111
000000000000000000000000011101101010000
000000000000000000000000011101110011001
000000000000000000000000011101111100010
000000000000000000000000011110000101011
000000000000000000000000011110001110100
000000000000000000000000011110010111101
000000000000000000000000011110100000110
000000000000000000000000011110101001111
000000000000000000000000011110110011000
000000000000000000000000011110111100001
000000000000000000000000011111000101010
000000000000000000000000011111001110011
000000000000000000000000011111010111100
000000000000000000000000011111100000101
000000000000000000000000011111101001110
000000000000000000000000011111110010111
000000000000000000000000011111111100000
000000000000000000000000100000000101001
000000000000000000000000100000001110010
000000000000000000000000100000010111011
000000000000000000000000100000100000100
000000000000000000000000100000101001101
000000000000000000000000100000110010110
000000000000000000000000100000111011111
000000000000000000000000100001000101000
000000000000000000000000100001001110001
000000000000000000000000100001010111010
000000000000000000000000100001100000011
000000000000000000000000100001101001100
000000000000000000000000100001110010101
000000000000000000000000100001111011110
000000000000000000000000100010000100111
000000000000000000000000100010001110000
000000000000000000000000100010010111001
000000000000000000000000100010100000010
000000000000000000000000100010101001011
000000000000000000000000100010110010100
000000000000000000000000100010111011101
000000000000000000000000100011000100110
000000000000000000000000100011001101111
000000000000000000000000100011010111000
000000000000000000000000100011100000001
000000000000000000000000100011101001010
000000000000000000000000100011110010011
000000000000000000000000100011111011100
000000000000000000000000100100000100101
000000000000000000000000100100001101110
000000000000000000000000100100010110111
