000000000000000000000000000000000000000
111111111111111111111111111111100011111
111111111111111111111111111111000111110
111111111111111111111111111110101011101
111111111111111111111111111110001111100
111111111111111111111111111101110011011
111111111111111111111111111101010111010
111111111111111111111111111100111011001
111111111111111111111111111100011111000
111111111111111111111111111100000010111
111111111111111111111111111011100110110
111111111111111111111111111011001010101
111111111111111111111111111010101110100
111111111111111111111111111010010010011
111111111111111111111111111001110110010
111111111111111111111111111001011010001
111111111111111111111111111000111110000
111111111111111111111111111000100001111
111111111111111111111111111000000101110
111111111111111111111111110111101001101
111111111111111111111111110111001101100
111111111111111111111111110110110001011
111111111111111111111111110110010101010
111111111111111111111111110101111001001
111111111111111111111111110101011101000
111111111111111111111111110101000000111
111111111111111111111111110100100100110
111111111111111111111111110100001000101
111111111111111111111111110011101100100
111111111111111111111111110011010000011
111111111111111111111111110010110100010
111111111111111111111111110010011000001
111111111111111111111111110001111100000
111111111111111111111111110001011111111
111111111111111111111111110001000011110
111111111111111111111111110000100111101
111111111111111111111111110000001011100
111111111111111111111111101111101111011
111111111111111111111111101111010011010
111111111111111111111111101110110111001
111111111111111111111111101110011011000
111111111111111111111111101101111110111
111111111111111111111111101101100010110
111111111111111111111111101101000110101
111111111111111111111111101100101010100
111111111111111111111111101100001110011
111111111111111111111111101011110010010
111111111111111111111111101011010110001
111111111111111111111111101010111010000
111111111111111111111111101010011101111
111111111111111111111111101010000001110
111111111111111111111111101001100101101
111111111111111111111111101001001001100
111111111111111111111111101000101101011
111111111111111111111111101000010001010
111111111111111111111111100111110101001
111111111111111111111111100111011001000
111111111111111111111111100110111100111
111111111111111111111111100110100000110
111111111111111111111111100110000100101
111111111111111111111111100101101000100
111111111111111111111111100101001100011
111111111111111111111111100100110000010
111111111111111111111111100100010100001
111111111111111111111111100011111000000
111111111111111111111111100011011011111
111111111111111111111111100010111111110
111111111111111111111111100010100011101
111111111111111111111111100010000111100
111111111111111111111111100001101011011
111111111111111111111111100001001111010
111111111111111111111111100000110011001
111111111111111111111111100000010111000
111111111111111111111111011111111010111
111111111111111111111111011111011110110
111111111111111111111111011111000010101
111111111111111111111111011110100110100
111111111111111111111111011110001010011
111111111111111111111111011101101110010
111111111111111111111111011101010010001
111111111111111111111111011100110110000
111111111111111111111111011100011001111
111111111111111111111111011011111101110
111111111111111111111111011011100001101
111111111111111111111111011011000101100
111111111111111111111111011010101001011
111111111111111111111111011010001101010
111111111111111111111111011001110001001
111111111111111111111111011001010101000
111111111111111111111111011000111000111
111111111111111111111111011000011100110
111111111111111111111111011000000000101
111111111111111111111111010111100100100
111111111111111111111111010111001000011
111111111111111111111111010110101100010
111111111111111111111111010110010000001
111111111111111111111111010101110100000
111111111111111111111111010101010111111
111111111111111111111111010100111011110
111111111111111111111111010100011111101
111111111111111111111111010100000011100
111111111111111111111111010011100111011
111111111111111111111111010011001011010
111111111111111111111111010010101111001
111111111111111111111111010010010011000
111111111111111111111111010001110110111
111111111111111111111111010001011010110
111111111111111111111111010000111110101
111111111111111111111111010000100010100
111111111111111111111111010000000110011
111111111111111111111111001111101010010
111111111111111111111111001111001110001
111111111111111111111111001110110010000
111111111111111111111111001110010101111
111111111111111111111111001101111001110
111111111111111111111111001101011101101
111111111111111111111111001101000001100
111111111111111111111111001100100101011
111111111111111111111111001100001001010
111111111111111111111111001011101101001
111111111111111111111111001011010001000
111111111111111111111111001010110100111
111111111111111111111111001010011000110
111111111111111111111111001001111100101
111111111111111111111111001001100000100
111111111111111111111111001001000100011
111111111111111111111111001000101000010
111111111111111111111111001000001100001
111111111111111111111111000111110000000
111111111111111111111111000111010011111
111111111111111111111111000110110111110
111111111111111111111111000110011011101
111111111111111111111111000101111111100
111111111111111111111111000101100011011
111111111111111111111111000101000111010
111111111111111111111111000100101011001
111111111111111111111111000100001111000
111111111111111111111111000011110010111
111111111111111111111111000011010110110
111111111111111111111111000010111010101
111111111111111111111111000010011110100
111111111111111111111111000010000010011
111111111111111111111111000001100110010
111111111111111111111111000001001010001
111111111111111111111111000000101110000
111111111111111111111111000000010001111
111111111111111111111110111111110101110
111111111111111111111110111111011001101
111111111111111111111110111110111101100
111111111111111111111110111110100001011
111111111111111111111110111110000101010
111111111111111111111110111101101001001
111111111111111111111110111101001101000
111111111111111111111110111100110000111
111111111111111111111110111100010100110
111111111111111111111110111011111000101
111111111111111111111110111011011100100
111111111111111111111110111011000000011
111111111111111111111110111010100100010
111111111111111111111110111010001000001
111111111111111111111110111001101100000
111111111111111111111110111001001111111
111111111111111111111110111000110011110
111111111111111111111110111000010111101
111111111111111111111110110111111011100
111111111111111111111110110111011111011
111111111111111111111110110111000011010
111111111111111111111110110110100111001
111111111111111111111110110110001011000
111111111111111111111110110101101110111
111111111111111111111110110101010010110
111111111111111111111110110100110110101
111111111111111111111110110100011010100
111111111111111111111110110011111110011
111111111111111111111110110011100010010
111111111111111111111110110011000110001
111111111111111111111110110010101010000
111111111111111111111110110010001101111
111111111111111111111110110001110001110
111111111111111111111110110001010101101
111111111111111111111110110000111001100
111111111111111111111110110000011101011
111111111111111111111110110000000001010
111111111111111111111110101111100101001
111111111111111111111110101111001001000
111111111111111111111110101110101100111
111111111111111111111110101110010000110
111111111111111111111110101101110100101
111111111111111111111110101101011000100
111111111111111111111110101100111100011
111111111111111111111110101100100000010
111111111111111111111110101100000100001
111111111111111111111110101011101000000
111111111111111111111110101011001011111
111111111111111111111110101010101111110
111111111111111111111110101010010011101
111111111111111111111110101001110111100
111111111111111111111110101001011011011
111111111111111111111110101000111111010
111111111111111111111110101000100011001
111111111111111111111110101000000111000
111111111111111111111110100111101010111
111111111111111111111110100111001110110
111111111111111111111110100110110010101
111111111111111111111110100110010110100
111111111111111111111110100101111010011
111111111111111111111110100101011110010
111111111111111111111110100101000010001
111111111111111111111110100100100110000
111111111111111111111110100100001001111
111111111111111111111110100011101101110
111111111111111111111110100011010001101
111111111111111111111110100010110101100
111111111111111111111110100010011001011
111111111111111111111110100001111101010
111111111111111111111110100001100001001
111111111111111111111110100001000101000
111111111111111111111110100000101000111
111111111111111111111110100000001100110
111111111111111111111110011111110000101
111111111111111111111110011111010100100
111111111111111111111110011110111000011
111111111111111111111110011110011100010
111111111111111111111110011110000000001
111111111111111111111110011101100100000
111111111111111111111110011101000111111
111111111111111111111110011100101011110
111111111111111111111110011100001111101
111111111111111111111110011011110011100
111111111111111111111110011011010111011
111111111111111111111110011010111011010
111111111111111111111110011010011111001
111111111111111111111110011010000011000
111111111111111111111110011001100110111
111111111111111111111110011001001010110
111111111111111111111110011000101110101
111111111111111111111110011000010010100
111111111111111111111110010111110110011
111111111111111111111110010111011010010
111111111111111111111110010110111110001
111111111111111111111110010110100010000
111111111111111111111110010110000101111
111111111111111111111110010101101001110
111111111111111111111110010101001101101
111111111111111111111110010100110001100
111111111111111111111110010100010101011
111111111111111111111110010011111001010
111111111111111111111110010011011101001
111111111111111111111110010011000001000
111111111111111111111110010010100100111
111111111111111111111110010010001000110
111111111111111111111110010001101100101
111111111111111111111110010001010000100
111111111111111111111110010000110100011
111111111111111111111110010000011000010
111111111111111111111110001111111100001
