000000000000000000000000000000000000000
000000000000000000000000000000010001011
000000000000000000000000000000100010110
000000000000000000000000000000110100001
000000000000000000000000000001000101100
000000000000000000000000000001010110111
000000000000000000000000000001101000010
000000000000000000000000000001111001101
000000000000000000000000000010001011000
000000000000000000000000000010011100011
000000000000000000000000000010101101110
000000000000000000000000000010111111001
000000000000000000000000000011010000100
000000000000000000000000000011100001111
000000000000000000000000000011110011010
000000000000000000000000000100000100101
000000000000000000000000000100010110000
000000000000000000000000000100100111011
000000000000000000000000000100111000110
000000000000000000000000000101001010001
000000000000000000000000000101011011100
000000000000000000000000000101101100111
000000000000000000000000000101111110010
000000000000000000000000000110001111101
000000000000000000000000000110100001000
000000000000000000000000000110110010011
000000000000000000000000000111000011110
000000000000000000000000000111010101001
000000000000000000000000000111100110100
000000000000000000000000000111110111111
000000000000000000000000001000001001010
000000000000000000000000001000011010101
000000000000000000000000001000101100000
000000000000000000000000001000111101011
000000000000000000000000001001001110110
000000000000000000000000001001100000001
000000000000000000000000001001110001100
000000000000000000000000001010000010111
000000000000000000000000001010010100010
000000000000000000000000001010100101101
000000000000000000000000001010110111000
000000000000000000000000001011001000011
000000000000000000000000001011011001110
000000000000000000000000001011101011001
000000000000000000000000001011111100100
000000000000000000000000001100001101111
000000000000000000000000001100011111010
000000000000000000000000001100110000101
000000000000000000000000001101000010000
000000000000000000000000001101010011011
000000000000000000000000001101100100110
000000000000000000000000001101110110001
000000000000000000000000001110000111100
000000000000000000000000001110011000111
000000000000000000000000001110101010010
000000000000000000000000001110111011101
000000000000000000000000001111001101000
000000000000000000000000001111011110011
000000000000000000000000001111101111110
000000000000000000000000010000000001001
000000000000000000000000010000010010100
000000000000000000000000010000100011111
000000000000000000000000010000110101010
000000000000000000000000010001000110101
000000000000000000000000010001011000000
000000000000000000000000010001101001011
000000000000000000000000010001111010110
000000000000000000000000010010001100001
000000000000000000000000010010011101100
000000000000000000000000010010101110111
000000000000000000000000010011000000010
000000000000000000000000010011010001101
000000000000000000000000010011100011000
000000000000000000000000010011110100011
000000000000000000000000010100000101110
000000000000000000000000010100010111001
000000000000000000000000010100101000100
000000000000000000000000010100111001111
000000000000000000000000010101001011010
000000000000000000000000010101011100101
000000000000000000000000010101101110000
000000000000000000000000010101111111011
000000000000000000000000010110010000110
000000000000000000000000010110100010001
000000000000000000000000010110110011100
000000000000000000000000010111000100111
000000000000000000000000010111010110010
000000000000000000000000010111100111101
000000000000000000000000010111111001000
000000000000000000000000011000001010011
000000000000000000000000011000011011110
000000000000000000000000011000101101001
000000000000000000000000011000111110100
000000000000000000000000011001001111111
000000000000000000000000011001100001010
000000000000000000000000011001110010101
000000000000000000000000011010000100000
000000000000000000000000011010010101011
000000000000000000000000011010100110110
000000000000000000000000011010111000001
000000000000000000000000011011001001100
000000000000000000000000011011011010111
000000000000000000000000011011101100010
000000000000000000000000011011111101101
000000000000000000000000011100001111000
000000000000000000000000011100100000011
000000000000000000000000011100110001110
000000000000000000000000011101000011001
000000000000000000000000011101010100100
000000000000000000000000011101100101111
000000000000000000000000011101110111010
000000000000000000000000011110001000101
000000000000000000000000011110011010000
000000000000000000000000011110101011011
000000000000000000000000011110111100110
000000000000000000000000011111001110001
000000000000000000000000011111011111100
000000000000000000000000011111110000111
000000000000000000000000100000000010010
000000000000000000000000100000010011101
000000000000000000000000100000100101000
000000000000000000000000100000110110011
000000000000000000000000100001000111110
000000000000000000000000100001011001001
000000000000000000000000100001101010100
000000000000000000000000100001111011111
000000000000000000000000100010001101010
000000000000000000000000100010011110101
000000000000000000000000100010110000000
000000000000000000000000100011000001011
000000000000000000000000100011010010110
000000000000000000000000100011100100001
000000000000000000000000100011110101100
000000000000000000000000100100000110111
000000000000000000000000100100011000010
000000000000000000000000100100101001101
000000000000000000000000100100111011000
000000000000000000000000100101001100011
000000000000000000000000100101011101110
000000000000000000000000100101101111001
000000000000000000000000100110000000100
000000000000000000000000100110010001111
000000000000000000000000100110100011010
000000000000000000000000100110110100101
000000000000000000000000100111000110000
000000000000000000000000100111010111011
000000000000000000000000100111101000110
000000000000000000000000100111111010001
000000000000000000000000101000001011100
000000000000000000000000101000011100111
000000000000000000000000101000101110010
000000000000000000000000101000111111101
000000000000000000000000101001010001000
000000000000000000000000101001100010011
000000000000000000000000101001110011110
000000000000000000000000101010000101001
000000000000000000000000101010010110100
000000000000000000000000101010100111111
000000000000000000000000101010111001010
000000000000000000000000101011001010101
000000000000000000000000101011011100000
000000000000000000000000101011101101011
000000000000000000000000101011111110110
000000000000000000000000101100010000001
000000000000000000000000101100100001100
000000000000000000000000101100110010111
000000000000000000000000101101000100010
000000000000000000000000101101010101101
000000000000000000000000101101100111000
000000000000000000000000101101111000011
000000000000000000000000101110001001110
000000000000000000000000101110011011001
000000000000000000000000101110101100100
000000000000000000000000101110111101111
000000000000000000000000101111001111010
000000000000000000000000101111100000101
000000000000000000000000101111110010000
000000000000000000000000110000000011011
000000000000000000000000110000010100110
000000000000000000000000110000100110001
000000000000000000000000110000110111100
000000000000000000000000110001001000111
000000000000000000000000110001011010010
000000000000000000000000110001101011101
000000000000000000000000110001111101000
000000000000000000000000110010001110011
000000000000000000000000110010011111110
000000000000000000000000110010110001001
000000000000000000000000110011000010100
000000000000000000000000110011010011111
000000000000000000000000110011100101010
000000000000000000000000110011110110101
000000000000000000000000110100001000000
000000000000000000000000110100011001011
000000000000000000000000110100101010110
000000000000000000000000110100111100001
000000000000000000000000110101001101100
000000000000000000000000110101011110111
000000000000000000000000110101110000010
000000000000000000000000110110000001101
000000000000000000000000110110010011000
000000000000000000000000110110100100011
000000000000000000000000110110110101110
000000000000000000000000110111000111001
000000000000000000000000110111011000100
000000000000000000000000110111101001111
000000000000000000000000110111111011010
000000000000000000000000111000001100101
000000000000000000000000111000011110000
000000000000000000000000111000101111011
000000000000000000000000111001000000110
000000000000000000000000111001010010001
000000000000000000000000111001100011100
000000000000000000000000111001110100111
000000000000000000000000111010000110010
000000000000000000000000111010010111101
000000000000000000000000111010101001000
000000000000000000000000111010111010011
000000000000000000000000111011001011110
000000000000000000000000111011011101001
000000000000000000000000111011101110100
000000000000000000000000111011111111111
000000000000000000000000111100010001010
000000000000000000000000111100100010101
000000000000000000000000111100110100000
000000000000000000000000111101000101011
000000000000000000000000111101010110110
000000000000000000000000111101101000001
000000000000000000000000111101111001100
000000000000000000000000111110001010111
000000000000000000000000111110011100010
000000000000000000000000111110101101101
000000000000000000000000111110111111000
000000000000000000000000111111010000011
000000000000000000000000111111100001110
000000000000000000000000111111110011001
000000000000000000000001000000000100100
000000000000000000000001000000010101111
000000000000000000000001000000100111010
000000000000000000000001000000111000101
000000000000000000000001000001001010000
000000000000000000000001000001011011011
000000000000000000000001000001101100110
000000000000000000000001000001111110001
000000000000000000000001000010001111100
000000000000000000000001000010100000111
000000000000000000000001000010110010010
000000000000000000000001000011000011101
000000000000000000000001000011010101000
000000000000000000000001000011100110011
000000000000000000000001000011110111110
000000000000000000000001000100001001001
000000000000000000000001000100011010100
000000000000000000000001000100101011111
000000000000000000000001000100111101010
000000000000000000000001000101001110101
