000000000000000000000000000000000000000
111111111111111111111111111111110111110
111111111111111111111111111111101111100
111111111111111111111111111111100111010
111111111111111111111111111111011111000
111111111111111111111111111111010110110
111111111111111111111111111111001110100
111111111111111111111111111111000110010
111111111111111111111111111110111110000
111111111111111111111111111110110101110
111111111111111111111111111110101101100
111111111111111111111111111110100101010
111111111111111111111111111110011101000
111111111111111111111111111110010100110
111111111111111111111111111110001100100
111111111111111111111111111110000100010
111111111111111111111111111101111100000
111111111111111111111111111101110011110
111111111111111111111111111101101011100
111111111111111111111111111101100011010
111111111111111111111111111101011011000
111111111111111111111111111101010010110
111111111111111111111111111101001010100
111111111111111111111111111101000010010
111111111111111111111111111100111010000
111111111111111111111111111100110001110
111111111111111111111111111100101001100
111111111111111111111111111100100001010
111111111111111111111111111100011001000
111111111111111111111111111100010000110
111111111111111111111111111100001000100
111111111111111111111111111100000000010
111111111111111111111111111011111000000
111111111111111111111111111011101111110
111111111111111111111111111011100111100
111111111111111111111111111011011111010
111111111111111111111111111011010111000
111111111111111111111111111011001110110
111111111111111111111111111011000110100
111111111111111111111111111010111110010
111111111111111111111111111010110110000
111111111111111111111111111010101101110
111111111111111111111111111010100101100
111111111111111111111111111010011101010
111111111111111111111111111010010101000
111111111111111111111111111010001100110
111111111111111111111111111010000100100
111111111111111111111111111001111100010
111111111111111111111111111001110100000
111111111111111111111111111001101011110
111111111111111111111111111001100011100
111111111111111111111111111001011011010
111111111111111111111111111001010011000
111111111111111111111111111001001010110
111111111111111111111111111001000010100
111111111111111111111111111000111010010
111111111111111111111111111000110010000
111111111111111111111111111000101001110
111111111111111111111111111000100001100
111111111111111111111111111000011001010
111111111111111111111111111000010001000
111111111111111111111111111000001000110
111111111111111111111111111000000000100
111111111111111111111111110111111000010
111111111111111111111111110111110000000
111111111111111111111111110111100111110
111111111111111111111111110111011111100
111111111111111111111111110111010111010
111111111111111111111111110111001111000
111111111111111111111111110111000110110
111111111111111111111111110110111110100
111111111111111111111111110110110110010
111111111111111111111111110110101110000
111111111111111111111111110110100101110
111111111111111111111111110110011101100
111111111111111111111111110110010101010
111111111111111111111111110110001101000
111111111111111111111111110110000100110
111111111111111111111111110101111100100
111111111111111111111111110101110100010
111111111111111111111111110101101100000
111111111111111111111111110101100011110
111111111111111111111111110101011011100
111111111111111111111111110101010011010
111111111111111111111111110101001011000
111111111111111111111111110101000010110
111111111111111111111111110100111010100
111111111111111111111111110100110010010
111111111111111111111111110100101010000
111111111111111111111111110100100001110
111111111111111111111111110100011001100
111111111111111111111111110100010001010
111111111111111111111111110100001001000
111111111111111111111111110100000000110
111111111111111111111111110011111000100
111111111111111111111111110011110000010
111111111111111111111111110011101000000
111111111111111111111111110011011111110
111111111111111111111111110011010111100
111111111111111111111111110011001111010
111111111111111111111111110011000111000
111111111111111111111111110010111110110
111111111111111111111111110010110110100
111111111111111111111111110010101110010
111111111111111111111111110010100110000
111111111111111111111111110010011101110
111111111111111111111111110010010101100
111111111111111111111111110010001101010
111111111111111111111111110010000101000
111111111111111111111111110001111100110
111111111111111111111111110001110100100
111111111111111111111111110001101100010
111111111111111111111111110001100100000
111111111111111111111111110001011011110
111111111111111111111111110001010011100
111111111111111111111111110001001011010
111111111111111111111111110001000011000
111111111111111111111111110000111010110
111111111111111111111111110000110010100
111111111111111111111111110000101010010
111111111111111111111111110000100010000
111111111111111111111111110000011001110
111111111111111111111111110000010001100
111111111111111111111111110000001001010
111111111111111111111111110000000001000
111111111111111111111111101111111000110
111111111111111111111111101111110000100
111111111111111111111111101111101000010
111111111111111111111111101111100000000
111111111111111111111111101111010111110
111111111111111111111111101111001111100
111111111111111111111111101111000111010
111111111111111111111111101110111111000
111111111111111111111111101110110110110
111111111111111111111111101110101110100
111111111111111111111111101110100110010
111111111111111111111111101110011110000
111111111111111111111111101110010101110
111111111111111111111111101110001101100
111111111111111111111111101110000101010
111111111111111111111111101101111101000
111111111111111111111111101101110100110
111111111111111111111111101101101100100
111111111111111111111111101101100100010
111111111111111111111111101101011100000
111111111111111111111111101101010011110
111111111111111111111111101101001011100
111111111111111111111111101101000011010
111111111111111111111111101100111011000
111111111111111111111111101100110010110
111111111111111111111111101100101010100
111111111111111111111111101100100010010
111111111111111111111111101100011010000
111111111111111111111111101100010001110
111111111111111111111111101100001001100
111111111111111111111111101100000001010
111111111111111111111111101011111001000
111111111111111111111111101011110000110
111111111111111111111111101011101000100
111111111111111111111111101011100000010
111111111111111111111111101011011000000
111111111111111111111111101011001111110
111111111111111111111111101011000111100
111111111111111111111111101010111111010
111111111111111111111111101010110111000
111111111111111111111111101010101110110
111111111111111111111111101010100110100
111111111111111111111111101010011110010
111111111111111111111111101010010110000
111111111111111111111111101010001101110
111111111111111111111111101010000101100
111111111111111111111111101001111101010
111111111111111111111111101001110101000
111111111111111111111111101001101100110
111111111111111111111111101001100100100
111111111111111111111111101001011100010
111111111111111111111111101001010100000
111111111111111111111111101001001011110
111111111111111111111111101001000011100
111111111111111111111111101000111011010
111111111111111111111111101000110011000
111111111111111111111111101000101010110
111111111111111111111111101000100010100
111111111111111111111111101000011010010
111111111111111111111111101000010010000
111111111111111111111111101000001001110
111111111111111111111111101000000001100
111111111111111111111111100111111001010
111111111111111111111111100111110001000
111111111111111111111111100111101000110
111111111111111111111111100111100000100
111111111111111111111111100111011000010
111111111111111111111111100111010000000
111111111111111111111111100111000111110
111111111111111111111111100110111111100
111111111111111111111111100110110111010
111111111111111111111111100110101111000
111111111111111111111111100110100110110
111111111111111111111111100110011110100
111111111111111111111111100110010110010
111111111111111111111111100110001110000
111111111111111111111111100110000101110
111111111111111111111111100101111101100
111111111111111111111111100101110101010
111111111111111111111111100101101101000
111111111111111111111111100101100100110
111111111111111111111111100101011100100
111111111111111111111111100101010100010
111111111111111111111111100101001100000
111111111111111111111111100101000011110
111111111111111111111111100100111011100
111111111111111111111111100100110011010
111111111111111111111111100100101011000
111111111111111111111111100100100010110
111111111111111111111111100100011010100
111111111111111111111111100100010010010
111111111111111111111111100100001010000
111111111111111111111111100100000001110
111111111111111111111111100011111001100
111111111111111111111111100011110001010
111111111111111111111111100011101001000
111111111111111111111111100011100000110
111111111111111111111111100011011000100
111111111111111111111111100011010000010
111111111111111111111111100011001000000
111111111111111111111111100010111111110
111111111111111111111111100010110111100
111111111111111111111111100010101111010
111111111111111111111111100010100111000
111111111111111111111111100010011110110
111111111111111111111111100010010110100
111111111111111111111111100010001110010
111111111111111111111111100010000110000
111111111111111111111111100001111101110
111111111111111111111111100001110101100
111111111111111111111111100001101101010
111111111111111111111111100001100101000
111111111111111111111111100001011100110
111111111111111111111111100001010100100
111111111111111111111111100001001100010
111111111111111111111111100001000100000
111111111111111111111111100000111011110
111111111111111111111111100000110011100
111111111111111111111111100000101011010
111111111111111111111111100000100011000
111111111111111111111111100000011010110
111111111111111111111111100000010010100
111111111111111111111111100000001010010
111111111111111111111111100000000010000
111111111111111111111111011111111001110
111111111111111111111111011111110001100
111111111111111111111111011111101001010
111111111111111111111111011111100001000
111111111111111111111111011111011000110
111111111111111111111111011111010000100
111111111111111111111111011111001000010
