000000000000000000000000000000000000000
000000000000000000000000000000011110000
000000000000000000000000000000111100000
000000000000000000000000000001011010000
000000000000000000000000000001111000000
000000000000000000000000000010010110000
000000000000000000000000000010110100000
000000000000000000000000000011010010000
000000000000000000000000000011110000000
000000000000000000000000000100001110000
000000000000000000000000000100101100000
000000000000000000000000000101001010000
000000000000000000000000000101101000000
000000000000000000000000000110000110000
000000000000000000000000000110100100000
000000000000000000000000000111000010000
000000000000000000000000000111100000000
000000000000000000000000000111111110000
000000000000000000000000001000011100000
000000000000000000000000001000111010000
000000000000000000000000001001011000000
000000000000000000000000001001110110000
000000000000000000000000001010010100000
000000000000000000000000001010110010000
000000000000000000000000001011010000000
000000000000000000000000001011101110000
000000000000000000000000001100001100000
000000000000000000000000001100101010000
000000000000000000000000001101001000000
000000000000000000000000001101100110000
000000000000000000000000001110000100000
000000000000000000000000001110100010000
000000000000000000000000001111000000000
000000000000000000000000001111011110000
000000000000000000000000001111111100000
000000000000000000000000010000011010000
000000000000000000000000010000111000000
000000000000000000000000010001010110000
000000000000000000000000010001110100000
000000000000000000000000010010010010000
000000000000000000000000010010110000000
000000000000000000000000010011001110000
000000000000000000000000010011101100000
000000000000000000000000010100001010000
000000000000000000000000010100101000000
000000000000000000000000010101000110000
000000000000000000000000010101100100000
000000000000000000000000010110000010000
000000000000000000000000010110100000000
000000000000000000000000010110111110000
000000000000000000000000010111011100000
000000000000000000000000010111111010000
000000000000000000000000011000011000000
000000000000000000000000011000110110000
000000000000000000000000011001010100000
000000000000000000000000011001110010000
000000000000000000000000011010010000000
000000000000000000000000011010101110000
000000000000000000000000011011001100000
000000000000000000000000011011101010000
000000000000000000000000011100001000000
000000000000000000000000011100100110000
000000000000000000000000011101000100000
000000000000000000000000011101100010000
000000000000000000000000011110000000000
000000000000000000000000011110011110000
000000000000000000000000011110111100000
000000000000000000000000011111011010000
000000000000000000000000011111111000000
000000000000000000000000100000010110000
000000000000000000000000100000110100000
000000000000000000000000100001010010000
000000000000000000000000100001110000000
000000000000000000000000100010001110000
000000000000000000000000100010101100000
000000000000000000000000100011001010000
000000000000000000000000100011101000000
000000000000000000000000100100000110000
000000000000000000000000100100100100000
000000000000000000000000100101000010000
000000000000000000000000100101100000000
000000000000000000000000100101111110000
000000000000000000000000100110011100000
000000000000000000000000100110111010000
000000000000000000000000100111011000000
000000000000000000000000100111110110000
000000000000000000000000101000010100000
000000000000000000000000101000110010000
000000000000000000000000101001010000000
000000000000000000000000101001101110000
000000000000000000000000101010001100000
000000000000000000000000101010101010000
000000000000000000000000101011001000000
000000000000000000000000101011100110000
000000000000000000000000101100000100000
000000000000000000000000101100100010000
000000000000000000000000101101000000000
000000000000000000000000101101011110000
000000000000000000000000101101111100000
000000000000000000000000101110011010000
000000000000000000000000101110111000000
000000000000000000000000101111010110000
000000000000000000000000101111110100000
000000000000000000000000110000010010000
000000000000000000000000110000110000000
000000000000000000000000110001001110000
000000000000000000000000110001101100000
000000000000000000000000110010001010000
000000000000000000000000110010101000000
000000000000000000000000110011000110000
000000000000000000000000110011100100000
000000000000000000000000110100000010000
000000000000000000000000110100100000000
000000000000000000000000110100111110000
000000000000000000000000110101011100000
000000000000000000000000110101111010000
000000000000000000000000110110011000000
000000000000000000000000110110110110000
000000000000000000000000110111010100000
000000000000000000000000110111110010000
000000000000000000000000111000010000000
000000000000000000000000111000101110000
000000000000000000000000111001001100000
000000000000000000000000111001101010000
000000000000000000000000111010001000000
000000000000000000000000111010100110000
000000000000000000000000111011000100000
000000000000000000000000111011100010000
000000000000000000000000111100000000000
000000000000000000000000111100011110000
000000000000000000000000111100111100000
000000000000000000000000111101011010000
000000000000000000000000111101111000000
000000000000000000000000111110010110000
000000000000000000000000111110110100000
000000000000000000000000111111010010000
000000000000000000000000111111110000000
000000000000000000000001000000001110000
000000000000000000000001000000101100000
000000000000000000000001000001001010000
000000000000000000000001000001101000000
000000000000000000000001000010000110000
000000000000000000000001000010100100000
000000000000000000000001000011000010000
000000000000000000000001000011100000000
000000000000000000000001000011111110000
000000000000000000000001000100011100000
000000000000000000000001000100111010000
000000000000000000000001000101011000000
000000000000000000000001000101110110000
000000000000000000000001000110010100000
000000000000000000000001000110110010000
000000000000000000000001000111010000000
000000000000000000000001000111101110000
000000000000000000000001001000001100000
000000000000000000000001001000101010000
000000000000000000000001001001001000000
000000000000000000000001001001100110000
000000000000000000000001001010000100000
000000000000000000000001001010100010000
000000000000000000000001001011000000000
000000000000000000000001001011011110000
000000000000000000000001001011111100000
000000000000000000000001001100011010000
000000000000000000000001001100111000000
000000000000000000000001001101010110000
000000000000000000000001001101110100000
000000000000000000000001001110010010000
000000000000000000000001001110110000000
000000000000000000000001001111001110000
000000000000000000000001001111101100000
000000000000000000000001010000001010000
000000000000000000000001010000101000000
000000000000000000000001010001000110000
000000000000000000000001010001100100000
000000000000000000000001010010000010000
000000000000000000000001010010100000000
000000000000000000000001010010111110000
000000000000000000000001010011011100000
000000000000000000000001010011111010000
000000000000000000000001010100011000000
000000000000000000000001010100110110000
000000000000000000000001010101010100000
000000000000000000000001010101110010000
000000000000000000000001010110010000000
000000000000000000000001010110101110000
000000000000000000000001010111001100000
000000000000000000000001010111101010000
000000000000000000000001011000001000000
000000000000000000000001011000100110000
000000000000000000000001011001000100000
000000000000000000000001011001100010000
000000000000000000000001011010000000000
000000000000000000000001011010011110000
000000000000000000000001011010111100000
000000000000000000000001011011011010000
000000000000000000000001011011111000000
000000000000000000000001011100010110000
000000000000000000000001011100110100000
000000000000000000000001011101010010000
000000000000000000000001011101110000000
000000000000000000000001011110001110000
000000000000000000000001011110101100000
000000000000000000000001011111001010000
000000000000000000000001011111101000000
000000000000000000000001100000000110000
000000000000000000000001100000100100000
000000000000000000000001100001000010000
000000000000000000000001100001100000000
000000000000000000000001100001111110000
000000000000000000000001100010011100000
000000000000000000000001100010111010000
000000000000000000000001100011011000000
000000000000000000000001100011110110000
000000000000000000000001100100010100000
000000000000000000000001100100110010000
000000000000000000000001100101010000000
000000000000000000000001100101101110000
000000000000000000000001100110001100000
000000000000000000000001100110101010000
000000000000000000000001100111001000000
000000000000000000000001100111100110000
000000000000000000000001101000000100000
000000000000000000000001101000100010000
000000000000000000000001101001000000000
000000000000000000000001101001011110000
000000000000000000000001101001111100000
000000000000000000000001101010011010000
000000000000000000000001101010111000000
000000000000000000000001101011010110000
000000000000000000000001101011110100000
000000000000000000000001101100010010000
000000000000000000000001101100110000000
000000000000000000000001101101001110000
000000000000000000000001101101101100000
000000000000000000000001101110001010000
000000000000000000000001101110101000000
000000000000000000000001101111000110000
000000000000000000000001101111100100000
000000000000000000000001110000000010000
000000000000000000000001110000100000000
000000000000000000000001110000111110000
000000000000000000000001110001011100000
000000000000000000000001110001111010000
000000000000000000000001110010011000000
000000000000000000000001110010110110000
000000000000000000000001110011010100000
000000000000000000000001110011110010000
000000000000000000000001110100010000000
000000000000000000000001110100101110000
000000000000000000000001110101001100000
000000000000000000000001110101101010000
000000000000000000000001110110001000000
000000000000000000000001110110100110000
000000000000000000000001110111000100000
000000000000000000000001110111100010000
