000000000000000000000000000000000000000
111111111111111111111111111111111101010
111111111111111111111111111111111010100
111111111111111111111111111111110111110
111111111111111111111111111111110101000
111111111111111111111111111111110010010
111111111111111111111111111111101111100
111111111111111111111111111111101100110
111111111111111111111111111111101010000
111111111111111111111111111111100111010
111111111111111111111111111111100100100
111111111111111111111111111111100001110
111111111111111111111111111111011111000
111111111111111111111111111111011100010
111111111111111111111111111111011001100
111111111111111111111111111111010110110
111111111111111111111111111111010100000
111111111111111111111111111111010001010
111111111111111111111111111111001110100
111111111111111111111111111111001011110
111111111111111111111111111111001001000
111111111111111111111111111111000110010
111111111111111111111111111111000011100
111111111111111111111111111111000000110
111111111111111111111111111110111110000
111111111111111111111111111110111011010
111111111111111111111111111110111000100
111111111111111111111111111110110101110
111111111111111111111111111110110011000
111111111111111111111111111110110000010
111111111111111111111111111110101101100
111111111111111111111111111110101010110
111111111111111111111111111110101000000
111111111111111111111111111110100101010
111111111111111111111111111110100010100
111111111111111111111111111110011111110
111111111111111111111111111110011101000
111111111111111111111111111110011010010
111111111111111111111111111110010111100
111111111111111111111111111110010100110
111111111111111111111111111110010010000
111111111111111111111111111110001111010
111111111111111111111111111110001100100
111111111111111111111111111110001001110
111111111111111111111111111110000111000
111111111111111111111111111110000100010
111111111111111111111111111110000001100
111111111111111111111111111101111110110
111111111111111111111111111101111100000
111111111111111111111111111101111001010
111111111111111111111111111101110110100
111111111111111111111111111101110011110
111111111111111111111111111101110001000
111111111111111111111111111101101110010
111111111111111111111111111101101011100
111111111111111111111111111101101000110
111111111111111111111111111101100110000
111111111111111111111111111101100011010
111111111111111111111111111101100000100
111111111111111111111111111101011101110
111111111111111111111111111101011011000
111111111111111111111111111101011000010
111111111111111111111111111101010101100
111111111111111111111111111101010010110
111111111111111111111111111101010000000
111111111111111111111111111101001101010
111111111111111111111111111101001010100
111111111111111111111111111101000111110
111111111111111111111111111101000101000
111111111111111111111111111101000010010
111111111111111111111111111100111111100
111111111111111111111111111100111100110
111111111111111111111111111100111010000
111111111111111111111111111100110111010
111111111111111111111111111100110100100
111111111111111111111111111100110001110
111111111111111111111111111100101111000
111111111111111111111111111100101100010
111111111111111111111111111100101001100
111111111111111111111111111100100110110
111111111111111111111111111100100100000
111111111111111111111111111100100001010
111111111111111111111111111100011110100
111111111111111111111111111100011011110
111111111111111111111111111100011001000
111111111111111111111111111100010110010
111111111111111111111111111100010011100
111111111111111111111111111100010000110
111111111111111111111111111100001110000
111111111111111111111111111100001011010
111111111111111111111111111100001000100
111111111111111111111111111100000101110
111111111111111111111111111100000011000
111111111111111111111111111100000000010
111111111111111111111111111011111101100
111111111111111111111111111011111010110
111111111111111111111111111011111000000
111111111111111111111111111011110101010
111111111111111111111111111011110010100
111111111111111111111111111011101111110
111111111111111111111111111011101101000
111111111111111111111111111011101010010
111111111111111111111111111011100111100
111111111111111111111111111011100100110
111111111111111111111111111011100010000
111111111111111111111111111011011111010
111111111111111111111111111011011100100
111111111111111111111111111011011001110
111111111111111111111111111011010111000
111111111111111111111111111011010100010
111111111111111111111111111011010001100
111111111111111111111111111011001110110
111111111111111111111111111011001100000
111111111111111111111111111011001001010
111111111111111111111111111011000110100
111111111111111111111111111011000011110
111111111111111111111111111011000001000
111111111111111111111111111010111110010
111111111111111111111111111010111011100
111111111111111111111111111010111000110
111111111111111111111111111010110110000
111111111111111111111111111010110011010
111111111111111111111111111010110000100
111111111111111111111111111010101101110
111111111111111111111111111010101011000
111111111111111111111111111010101000010
111111111111111111111111111010100101100
111111111111111111111111111010100010110
111111111111111111111111111010100000000
111111111111111111111111111010011101010
111111111111111111111111111010011010100
111111111111111111111111111010010111110
111111111111111111111111111010010101000
111111111111111111111111111010010010010
111111111111111111111111111010001111100
111111111111111111111111111010001100110
111111111111111111111111111010001010000
111111111111111111111111111010000111010
111111111111111111111111111010000100100
111111111111111111111111111010000001110
111111111111111111111111111001111111000
111111111111111111111111111001111100010
111111111111111111111111111001111001100
111111111111111111111111111001110110110
111111111111111111111111111001110100000
111111111111111111111111111001110001010
111111111111111111111111111001101110100
111111111111111111111111111001101011110
111111111111111111111111111001101001000
111111111111111111111111111001100110010
111111111111111111111111111001100011100
111111111111111111111111111001100000110
111111111111111111111111111001011110000
111111111111111111111111111001011011010
111111111111111111111111111001011000100
111111111111111111111111111001010101110
111111111111111111111111111001010011000
111111111111111111111111111001010000010
111111111111111111111111111001001101100
111111111111111111111111111001001010110
111111111111111111111111111001001000000
111111111111111111111111111001000101010
111111111111111111111111111001000010100
111111111111111111111111111000111111110
111111111111111111111111111000111101000
111111111111111111111111111000111010010
111111111111111111111111111000110111100
111111111111111111111111111000110100110
111111111111111111111111111000110010000
111111111111111111111111111000101111010
111111111111111111111111111000101100100
111111111111111111111111111000101001110
111111111111111111111111111000100111000
111111111111111111111111111000100100010
111111111111111111111111111000100001100
111111111111111111111111111000011110110
111111111111111111111111111000011100000
111111111111111111111111111000011001010
111111111111111111111111111000010110100
111111111111111111111111111000010011110
111111111111111111111111111000010001000
111111111111111111111111111000001110010
111111111111111111111111111000001011100
111111111111111111111111111000001000110
111111111111111111111111111000000110000
111111111111111111111111111000000011010
111111111111111111111111111000000000100
111111111111111111111111110111111101110
111111111111111111111111110111111011000
111111111111111111111111110111111000010
111111111111111111111111110111110101100
111111111111111111111111110111110010110
111111111111111111111111110111110000000
111111111111111111111111110111101101010
111111111111111111111111110111101010100
111111111111111111111111110111100111110
111111111111111111111111110111100101000
111111111111111111111111110111100010010
111111111111111111111111110111011111100
111111111111111111111111110111011100110
111111111111111111111111110111011010000
111111111111111111111111110111010111010
111111111111111111111111110111010100100
111111111111111111111111110111010001110
111111111111111111111111110111001111000
111111111111111111111111110111001100010
111111111111111111111111110111001001100
111111111111111111111111110111000110110
111111111111111111111111110111000100000
111111111111111111111111110111000001010
111111111111111111111111110110111110100
111111111111111111111111110110111011110
111111111111111111111111110110111001000
111111111111111111111111110110110110010
111111111111111111111111110110110011100
111111111111111111111111110110110000110
111111111111111111111111110110101110000
111111111111111111111111110110101011010
111111111111111111111111110110101000100
111111111111111111111111110110100101110
111111111111111111111111110110100011000
111111111111111111111111110110100000010
111111111111111111111111110110011101100
111111111111111111111111110110011010110
111111111111111111111111110110011000000
111111111111111111111111110110010101010
111111111111111111111111110110010010100
111111111111111111111111110110001111110
111111111111111111111111110110001101000
111111111111111111111111110110001010010
111111111111111111111111110110000111100
111111111111111111111111110110000100110
111111111111111111111111110110000010000
111111111111111111111111110101111111010
111111111111111111111111110101111100100
111111111111111111111111110101111001110
111111111111111111111111110101110111000
111111111111111111111111110101110100010
111111111111111111111111110101110001100
111111111111111111111111110101101110110
111111111111111111111111110101101100000
111111111111111111111111110101101001010
111111111111111111111111110101100110100
111111111111111111111111110101100011110
111111111111111111111111110101100001000
111111111111111111111111110101011110010
111111111111111111111111110101011011100
111111111111111111111111110101011000110
111111111111111111111111110101010110000
111111111111111111111111110101010011010
111111111111111111111111110101010000100
111111111111111111111111110101001101110
111111111111111111111111110101001011000
111111111111111111111111110101001000010
111111111111111111111111110101000101100
111111111111111111111111110101000010110
