000000000000000000000000000000000000000
000000000000000000000000000000011100111
000000000000000000000000000000111001110
000000000000000000000000000001010110101
000000000000000000000000000001110011100
000000000000000000000000000010010000011
000000000000000000000000000010101101010
000000000000000000000000000011001010001
000000000000000000000000000011100111000
000000000000000000000000000100000011111
000000000000000000000000000100100000110
000000000000000000000000000100111101101
000000000000000000000000000101011010100
000000000000000000000000000101110111011
000000000000000000000000000110010100010
000000000000000000000000000110110001001
000000000000000000000000000111001110000
000000000000000000000000000111101010111
000000000000000000000000001000000111110
000000000000000000000000001000100100101
000000000000000000000000001001000001100
000000000000000000000000001001011110011
000000000000000000000000001001111011010
000000000000000000000000001010011000001
000000000000000000000000001010110101000
000000000000000000000000001011010001111
000000000000000000000000001011101110110
000000000000000000000000001100001011101
000000000000000000000000001100101000100
000000000000000000000000001101000101011
000000000000000000000000001101100010010
000000000000000000000000001101111111001
000000000000000000000000001110011100000
000000000000000000000000001110111000111
000000000000000000000000001111010101110
000000000000000000000000001111110010101
000000000000000000000000010000001111100
000000000000000000000000010000101100011
000000000000000000000000010001001001010
000000000000000000000000010001100110001
000000000000000000000000010010000011000
000000000000000000000000010010011111111
000000000000000000000000010010111100110
000000000000000000000000010011011001101
000000000000000000000000010011110110100
000000000000000000000000010100010011011
000000000000000000000000010100110000010
000000000000000000000000010101001101001
000000000000000000000000010101101010000
000000000000000000000000010110000110111
000000000000000000000000010110100011110
000000000000000000000000010111000000101
000000000000000000000000010111011101100
000000000000000000000000010111111010011
000000000000000000000000011000010111010
000000000000000000000000011000110100001
000000000000000000000000011001010001000
000000000000000000000000011001101101111
000000000000000000000000011010001010110
000000000000000000000000011010100111101
000000000000000000000000011011000100100
000000000000000000000000011011100001011
000000000000000000000000011011111110010
000000000000000000000000011100011011001
000000000000000000000000011100111000000
000000000000000000000000011101010100111
000000000000000000000000011101110001110
000000000000000000000000011110001110101
000000000000000000000000011110101011100
000000000000000000000000011111001000011
000000000000000000000000011111100101010
000000000000000000000000100000000010001
000000000000000000000000100000011111000
000000000000000000000000100000111011111
000000000000000000000000100001011000110
000000000000000000000000100001110101101
000000000000000000000000100010010010100
000000000000000000000000100010101111011
000000000000000000000000100011001100010
000000000000000000000000100011101001001
000000000000000000000000100100000110000
000000000000000000000000100100100010111
000000000000000000000000100100111111110
000000000000000000000000100101011100101
000000000000000000000000100101111001100
000000000000000000000000100110010110011
000000000000000000000000100110110011010
000000000000000000000000100111010000001
000000000000000000000000100111101101000
000000000000000000000000101000001001111
000000000000000000000000101000100110110
000000000000000000000000101001000011101
000000000000000000000000101001100000100
000000000000000000000000101001111101011
000000000000000000000000101010011010010
000000000000000000000000101010110111001
000000000000000000000000101011010100000
000000000000000000000000101011110000111
000000000000000000000000101100001101110
000000000000000000000000101100101010101
000000000000000000000000101101000111100
000000000000000000000000101101100100011
000000000000000000000000101110000001010
000000000000000000000000101110011110001
000000000000000000000000101110111011000
000000000000000000000000101111010111111
000000000000000000000000101111110100110
000000000000000000000000110000010001101
000000000000000000000000110000101110100
000000000000000000000000110001001011011
000000000000000000000000110001101000010
000000000000000000000000110010000101001
000000000000000000000000110010100010000
000000000000000000000000110010111110111
000000000000000000000000110011011011110
000000000000000000000000110011111000101
000000000000000000000000110100010101100
000000000000000000000000110100110010011
000000000000000000000000110101001111010
000000000000000000000000110101101100001
000000000000000000000000110110001001000
000000000000000000000000110110100101111
000000000000000000000000110111000010110
000000000000000000000000110111011111101
000000000000000000000000110111111100100
000000000000000000000000111000011001011
000000000000000000000000111000110110010
000000000000000000000000111001010011001
000000000000000000000000111001110000000
000000000000000000000000111010001100111
000000000000000000000000111010101001110
000000000000000000000000111011000110101
000000000000000000000000111011100011100
000000000000000000000000111100000000011
000000000000000000000000111100011101010
000000000000000000000000111100111010001
000000000000000000000000111101010111000
000000000000000000000000111101110011111
000000000000000000000000111110010000110
000000000000000000000000111110101101101
000000000000000000000000111111001010100
000000000000000000000000111111100111011
000000000000000000000001000000000100010
000000000000000000000001000000100001001
000000000000000000000001000000111110000
000000000000000000000001000001011010111
000000000000000000000001000001110111110
000000000000000000000001000010010100101
000000000000000000000001000010110001100
000000000000000000000001000011001110011
000000000000000000000001000011101011010
000000000000000000000001000100001000001
000000000000000000000001000100100101000
000000000000000000000001000101000001111
000000000000000000000001000101011110110
000000000000000000000001000101111011101
000000000000000000000001000110011000100
000000000000000000000001000110110101011
000000000000000000000001000111010010010
000000000000000000000001000111101111001
000000000000000000000001001000001100000
000000000000000000000001001000101000111
000000000000000000000001001001000101110
000000000000000000000001001001100010101
000000000000000000000001001001111111100
000000000000000000000001001010011100011
000000000000000000000001001010111001010
000000000000000000000001001011010110001
000000000000000000000001001011110011000
000000000000000000000001001100001111111
000000000000000000000001001100101100110
000000000000000000000001001101001001101
000000000000000000000001001101100110100
000000000000000000000001001110000011011
000000000000000000000001001110100000010
000000000000000000000001001110111101001
000000000000000000000001001111011010000
000000000000000000000001001111110110111
000000000000000000000001010000010011110
000000000000000000000001010000110000101
000000000000000000000001010001001101100
000000000000000000000001010001101010011
000000000000000000000001010010000111010
000000000000000000000001010010100100001
000000000000000000000001010011000001000
000000000000000000000001010011011101111
000000000000000000000001010011111010110
000000000000000000000001010100010111101
000000000000000000000001010100110100100
000000000000000000000001010101010001011
000000000000000000000001010101101110010
000000000000000000000001010110001011001
000000000000000000000001010110101000000
000000000000000000000001010111000100111
000000000000000000000001010111100001110
000000000000000000000001010111111110101
000000000000000000000001011000011011100
000000000000000000000001011000111000011
000000000000000000000001011001010101010
000000000000000000000001011001110010001
000000000000000000000001011010001111000
000000000000000000000001011010101011111
000000000000000000000001011011001000110
000000000000000000000001011011100101101
000000000000000000000001011100000010100
000000000000000000000001011100011111011
000000000000000000000001011100111100010
000000000000000000000001011101011001001
000000000000000000000001011101110110000
000000000000000000000001011110010010111
000000000000000000000001011110101111110
000000000000000000000001011111001100101
000000000000000000000001011111101001100
000000000000000000000001100000000110011
000000000000000000000001100000100011010
000000000000000000000001100001000000001
000000000000000000000001100001011101000
000000000000000000000001100001111001111
000000000000000000000001100010010110110
000000000000000000000001100010110011101
000000000000000000000001100011010000100
000000000000000000000001100011101101011
000000000000000000000001100100001010010
000000000000000000000001100100100111001
000000000000000000000001100101000100000
000000000000000000000001100101100000111
000000000000000000000001100101111101110
000000000000000000000001100110011010101
000000000000000000000001100110110111100
000000000000000000000001100111010100011
000000000000000000000001100111110001010
000000000000000000000001101000001110001
000000000000000000000001101000101011000
000000000000000000000001101001000111111
000000000000000000000001101001100100110
000000000000000000000001101010000001101
000000000000000000000001101010011110100
000000000000000000000001101010111011011
000000000000000000000001101011011000010
000000000000000000000001101011110101001
000000000000000000000001101100010010000
000000000000000000000001101100101110111
000000000000000000000001101101001011110
000000000000000000000001101101101000101
000000000000000000000001101110000101100
000000000000000000000001101110100010011
000000000000000000000001101110111111010
000000000000000000000001101111011100001
000000000000000000000001101111111001000
000000000000000000000001110000010101111
000000000000000000000001110000110010110
000000000000000000000001110001001111101
000000000000000000000001110001101100100
000000000000000000000001110010001001011
000000000000000000000001110010100110010
000000000000000000000001110011000011001
