000000000000000000000000000000000000000
111111111111111111111111111111100011011
111111111111111111111111111111000110110
111111111111111111111111111110101010001
111111111111111111111111111110001101100
111111111111111111111111111101110000111
111111111111111111111111111101010100010
111111111111111111111111111100110111101
111111111111111111111111111100011011000
111111111111111111111111111011111110011
111111111111111111111111111011100001110
111111111111111111111111111011000101001
111111111111111111111111111010101000100
111111111111111111111111111010001011111
111111111111111111111111111001101111010
111111111111111111111111111001010010101
111111111111111111111111111000110110000
111111111111111111111111111000011001011
111111111111111111111111110111111100110
111111111111111111111111110111100000001
111111111111111111111111110111000011100
111111111111111111111111110110100110111
111111111111111111111111110110001010010
111111111111111111111111110101101101101
111111111111111111111111110101010001000
111111111111111111111111110100110100011
111111111111111111111111110100010111110
111111111111111111111111110011111011001
111111111111111111111111110011011110100
111111111111111111111111110011000001111
111111111111111111111111110010100101010
111111111111111111111111110010001000101
111111111111111111111111110001101100000
111111111111111111111111110001001111011
111111111111111111111111110000110010110
111111111111111111111111110000010110001
111111111111111111111111101111111001100
111111111111111111111111101111011100111
111111111111111111111111101111000000010
111111111111111111111111101110100011101
111111111111111111111111101110000111000
111111111111111111111111101101101010011
111111111111111111111111101101001101110
111111111111111111111111101100110001001
111111111111111111111111101100010100100
111111111111111111111111101011110111111
111111111111111111111111101011011011010
111111111111111111111111101010111110101
111111111111111111111111101010100010000
111111111111111111111111101010000101011
111111111111111111111111101001101000110
111111111111111111111111101001001100001
111111111111111111111111101000101111100
111111111111111111111111101000010010111
111111111111111111111111100111110110010
111111111111111111111111100111011001101
111111111111111111111111100110111101000
111111111111111111111111100110100000011
111111111111111111111111100110000011110
111111111111111111111111100101100111001
111111111111111111111111100101001010100
111111111111111111111111100100101101111
111111111111111111111111100100010001010
111111111111111111111111100011110100101
111111111111111111111111100011011000000
111111111111111111111111100010111011011
111111111111111111111111100010011110110
111111111111111111111111100010000010001
111111111111111111111111100001100101100
111111111111111111111111100001001000111
111111111111111111111111100000101100010
111111111111111111111111100000001111101
111111111111111111111111011111110011000
111111111111111111111111011111010110011
111111111111111111111111011110111001110
111111111111111111111111011110011101001
111111111111111111111111011110000000100
111111111111111111111111011101100011111
111111111111111111111111011101000111010
111111111111111111111111011100101010101
111111111111111111111111011100001110000
111111111111111111111111011011110001011
111111111111111111111111011011010100110
111111111111111111111111011010111000001
111111111111111111111111011010011011100
111111111111111111111111011001111110111
111111111111111111111111011001100010010
111111111111111111111111011001000101101
111111111111111111111111011000101001000
111111111111111111111111011000001100011
111111111111111111111111010111101111110
111111111111111111111111010111010011001
111111111111111111111111010110110110100
111111111111111111111111010110011001111
111111111111111111111111010101111101010
111111111111111111111111010101100000101
111111111111111111111111010101000100000
111111111111111111111111010100100111011
111111111111111111111111010100001010110
111111111111111111111111010011101110001
111111111111111111111111010011010001100
111111111111111111111111010010110100111
111111111111111111111111010010011000010
111111111111111111111111010001111011101
111111111111111111111111010001011111000
111111111111111111111111010001000010011
111111111111111111111111010000100101110
111111111111111111111111010000001001001
111111111111111111111111001111101100100
111111111111111111111111001111001111111
111111111111111111111111001110110011010
111111111111111111111111001110010110101
111111111111111111111111001101111010000
111111111111111111111111001101011101011
111111111111111111111111001101000000110
111111111111111111111111001100100100001
111111111111111111111111001100000111100
111111111111111111111111001011101010111
111111111111111111111111001011001110010
111111111111111111111111001010110001101
111111111111111111111111001010010101000
111111111111111111111111001001111000011
111111111111111111111111001001011011110
111111111111111111111111001000111111001
111111111111111111111111001000100010100
111111111111111111111111001000000101111
111111111111111111111111000111101001010
111111111111111111111111000111001100101
111111111111111111111111000110110000000
111111111111111111111111000110010011011
111111111111111111111111000101110110110
111111111111111111111111000101011010001
111111111111111111111111000100111101100
111111111111111111111111000100100000111
111111111111111111111111000100000100010
111111111111111111111111000011100111101
111111111111111111111111000011001011000
111111111111111111111111000010101110011
111111111111111111111111000010010001110
111111111111111111111111000001110101001
111111111111111111111111000001011000100
111111111111111111111111000000111011111
111111111111111111111111000000011111010
111111111111111111111111000000000010101
111111111111111111111110111111100110000
111111111111111111111110111111001001011
111111111111111111111110111110101100110
111111111111111111111110111110010000001
111111111111111111111110111101110011100
111111111111111111111110111101010110111
111111111111111111111110111100111010010
111111111111111111111110111100011101101
111111111111111111111110111100000001000
111111111111111111111110111011100100011
111111111111111111111110111011000111110
111111111111111111111110111010101011001
111111111111111111111110111010001110100
111111111111111111111110111001110001111
111111111111111111111110111001010101010
111111111111111111111110111000111000101
111111111111111111111110111000011100000
111111111111111111111110110111111111011
111111111111111111111110110111100010110
111111111111111111111110110111000110001
111111111111111111111110110110101001100
111111111111111111111110110110001100111
111111111111111111111110110101110000010
111111111111111111111110110101010011101
111111111111111111111110110100110111000
111111111111111111111110110100011010011
111111111111111111111110110011111101110
111111111111111111111110110011100001001
111111111111111111111110110011000100100
111111111111111111111110110010100111111
111111111111111111111110110010001011010
111111111111111111111110110001101110101
111111111111111111111110110001010010000
111111111111111111111110110000110101011
111111111111111111111110110000011000110
111111111111111111111110101111111100001
111111111111111111111110101111011111100
111111111111111111111110101111000010111
111111111111111111111110101110100110010
111111111111111111111110101110001001101
111111111111111111111110101101101101000
111111111111111111111110101101010000011
111111111111111111111110101100110011110
111111111111111111111110101100010111001
111111111111111111111110101011111010100
111111111111111111111110101011011101111
111111111111111111111110101011000001010
111111111111111111111110101010100100101
111111111111111111111110101010001000000
111111111111111111111110101001101011011
111111111111111111111110101001001110110
111111111111111111111110101000110010001
111111111111111111111110101000010101100
111111111111111111111110100111111000111
111111111111111111111110100111011100010
111111111111111111111110100110111111101
111111111111111111111110100110100011000
111111111111111111111110100110000110011
111111111111111111111110100101101001110
111111111111111111111110100101001101001
111111111111111111111110100100110000100
111111111111111111111110100100010011111
111111111111111111111110100011110111010
111111111111111111111110100011011010101
111111111111111111111110100010111110000
111111111111111111111110100010100001011
111111111111111111111110100010000100110
111111111111111111111110100001101000001
111111111111111111111110100001001011100
111111111111111111111110100000101110111
111111111111111111111110100000010010010
111111111111111111111110011111110101101
111111111111111111111110011111011001000
111111111111111111111110011110111100011
111111111111111111111110011110011111110
111111111111111111111110011110000011001
111111111111111111111110011101100110100
111111111111111111111110011101001001111
111111111111111111111110011100101101010
111111111111111111111110011100010000101
111111111111111111111110011011110100000
111111111111111111111110011011010111011
111111111111111111111110011010111010110
111111111111111111111110011010011110001
111111111111111111111110011010000001100
111111111111111111111110011001100100111
111111111111111111111110011001001000010
111111111111111111111110011000101011101
111111111111111111111110011000001111000
111111111111111111111110010111110010011
111111111111111111111110010111010101110
111111111111111111111110010110111001001
111111111111111111111110010110011100100
111111111111111111111110010101111111111
111111111111111111111110010101100011010
111111111111111111111110010101000110101
111111111111111111111110010100101010000
111111111111111111111110010100001101011
111111111111111111111110010011110000110
111111111111111111111110010011010100001
111111111111111111111110010010110111100
111111111111111111111110010010011010111
111111111111111111111110010001111110010
111111111111111111111110010001100001101
111111111111111111111110010001000101000
111111111111111111111110010000101000011
111111111111111111111110010000001011110
111111111111111111111110001111101111001
111111111111111111111110001111010010100
111111111111111111111110001110110101111
111111111111111111111110001110011001010
111111111111111111111110001101111100101
