000000000000000000000000000000000000000
111111111111111111111111111111101110100
111111111111111111111111111111011101000
111111111111111111111111111111001011100
111111111111111111111111111110111010000
111111111111111111111111111110101000100
111111111111111111111111111110010111000
111111111111111111111111111110000101100
111111111111111111111111111101110100000
111111111111111111111111111101100010100
111111111111111111111111111101010001000
111111111111111111111111111100111111100
111111111111111111111111111100101110000
111111111111111111111111111100011100100
111111111111111111111111111100001011000
111111111111111111111111111011111001100
111111111111111111111111111011101000000
111111111111111111111111111011010110100
111111111111111111111111111011000101000
111111111111111111111111111010110011100
111111111111111111111111111010100010000
111111111111111111111111111010010000100
111111111111111111111111111001111111000
111111111111111111111111111001101101100
111111111111111111111111111001011100000
111111111111111111111111111001001010100
111111111111111111111111111000111001000
111111111111111111111111111000100111100
111111111111111111111111111000010110000
111111111111111111111111111000000100100
111111111111111111111111110111110011000
111111111111111111111111110111100001100
111111111111111111111111110111010000000
111111111111111111111111110110111110100
111111111111111111111111110110101101000
111111111111111111111111110110011011100
111111111111111111111111110110001010000
111111111111111111111111110101111000100
111111111111111111111111110101100111000
111111111111111111111111110101010101100
111111111111111111111111110101000100000
111111111111111111111111110100110010100
111111111111111111111111110100100001000
111111111111111111111111110100001111100
111111111111111111111111110011111110000
111111111111111111111111110011101100100
111111111111111111111111110011011011000
111111111111111111111111110011001001100
111111111111111111111111110010111000000
111111111111111111111111110010100110100
111111111111111111111111110010010101000
111111111111111111111111110010000011100
111111111111111111111111110001110010000
111111111111111111111111110001100000100
111111111111111111111111110001001111000
111111111111111111111111110000111101100
111111111111111111111111110000101100000
111111111111111111111111110000011010100
111111111111111111111111110000001001000
111111111111111111111111101111110111100
111111111111111111111111101111100110000
111111111111111111111111101111010100100
111111111111111111111111101111000011000
111111111111111111111111101110110001100
111111111111111111111111101110100000000
111111111111111111111111101110001110100
111111111111111111111111101101111101000
111111111111111111111111101101101011100
111111111111111111111111101101011010000
111111111111111111111111101101001000100
111111111111111111111111101100110111000
111111111111111111111111101100100101100
111111111111111111111111101100010100000
111111111111111111111111101100000010100
111111111111111111111111101011110001000
111111111111111111111111101011011111100
111111111111111111111111101011001110000
111111111111111111111111101010111100100
111111111111111111111111101010101011000
111111111111111111111111101010011001100
111111111111111111111111101010001000000
111111111111111111111111101001110110100
111111111111111111111111101001100101000
111111111111111111111111101001010011100
111111111111111111111111101001000010000
111111111111111111111111101000110000100
111111111111111111111111101000011111000
111111111111111111111111101000001101100
111111111111111111111111100111111100000
111111111111111111111111100111101010100
111111111111111111111111100111011001000
111111111111111111111111100111000111100
111111111111111111111111100110110110000
111111111111111111111111100110100100100
111111111111111111111111100110010011000
111111111111111111111111100110000001100
111111111111111111111111100101110000000
111111111111111111111111100101011110100
111111111111111111111111100101001101000
111111111111111111111111100100111011100
111111111111111111111111100100101010000
111111111111111111111111100100011000100
111111111111111111111111100100000111000
111111111111111111111111100011110101100
111111111111111111111111100011100100000
111111111111111111111111100011010010100
111111111111111111111111100011000001000
111111111111111111111111100010101111100
111111111111111111111111100010011110000
111111111111111111111111100010001100100
111111111111111111111111100001111011000
111111111111111111111111100001101001100
111111111111111111111111100001011000000
111111111111111111111111100001000110100
111111111111111111111111100000110101000
111111111111111111111111100000100011100
111111111111111111111111100000010010000
111111111111111111111111100000000000100
111111111111111111111111011111101111000
111111111111111111111111011111011101100
111111111111111111111111011111001100000
111111111111111111111111011110111010100
111111111111111111111111011110101001000
111111111111111111111111011110010111100
111111111111111111111111011110000110000
111111111111111111111111011101110100100
111111111111111111111111011101100011000
111111111111111111111111011101010001100
111111111111111111111111011101000000000
111111111111111111111111011100101110100
111111111111111111111111011100011101000
111111111111111111111111011100001011100
111111111111111111111111011011111010000
111111111111111111111111011011101000100
111111111111111111111111011011010111000
111111111111111111111111011011000101100
111111111111111111111111011010110100000
111111111111111111111111011010100010100
111111111111111111111111011010010001000
111111111111111111111111011001111111100
111111111111111111111111011001101110000
111111111111111111111111011001011100100
111111111111111111111111011001001011000
111111111111111111111111011000111001100
111111111111111111111111011000101000000
111111111111111111111111011000010110100
111111111111111111111111011000000101000
111111111111111111111111010111110011100
111111111111111111111111010111100010000
111111111111111111111111010111010000100
111111111111111111111111010110111111000
111111111111111111111111010110101101100
111111111111111111111111010110011100000
111111111111111111111111010110001010100
111111111111111111111111010101111001000
111111111111111111111111010101100111100
111111111111111111111111010101010110000
111111111111111111111111010101000100100
111111111111111111111111010100110011000
111111111111111111111111010100100001100
111111111111111111111111010100010000000
111111111111111111111111010011111110100
111111111111111111111111010011101101000
111111111111111111111111010011011011100
111111111111111111111111010011001010000
111111111111111111111111010010111000100
111111111111111111111111010010100111000
111111111111111111111111010010010101100
111111111111111111111111010010000100000
111111111111111111111111010001110010100
111111111111111111111111010001100001000
111111111111111111111111010001001111100
111111111111111111111111010000111110000
111111111111111111111111010000101100100
111111111111111111111111010000011011000
111111111111111111111111010000001001100
111111111111111111111111001111111000000
111111111111111111111111001111100110100
111111111111111111111111001111010101000
111111111111111111111111001111000011100
111111111111111111111111001110110010000
111111111111111111111111001110100000100
111111111111111111111111001110001111000
111111111111111111111111001101111101100
111111111111111111111111001101101100000
111111111111111111111111001101011010100
111111111111111111111111001101001001000
111111111111111111111111001100110111100
111111111111111111111111001100100110000
111111111111111111111111001100010100100
111111111111111111111111001100000011000
111111111111111111111111001011110001100
111111111111111111111111001011100000000
111111111111111111111111001011001110100
111111111111111111111111001010111101000
111111111111111111111111001010101011100
111111111111111111111111001010011010000
111111111111111111111111001010001000100
111111111111111111111111001001110111000
111111111111111111111111001001100101100
111111111111111111111111001001010100000
111111111111111111111111001001000010100
111111111111111111111111001000110001000
111111111111111111111111001000011111100
111111111111111111111111001000001110000
111111111111111111111111000111111100100
111111111111111111111111000111101011000
111111111111111111111111000111011001100
111111111111111111111111000111001000000
111111111111111111111111000110110110100
111111111111111111111111000110100101000
111111111111111111111111000110010011100
111111111111111111111111000110000010000
111111111111111111111111000101110000100
111111111111111111111111000101011111000
111111111111111111111111000101001101100
111111111111111111111111000100111100000
111111111111111111111111000100101010100
111111111111111111111111000100011001000
111111111111111111111111000100000111100
111111111111111111111111000011110110000
111111111111111111111111000011100100100
111111111111111111111111000011010011000
111111111111111111111111000011000001100
111111111111111111111111000010110000000
111111111111111111111111000010011110100
111111111111111111111111000010001101000
111111111111111111111111000001111011100
111111111111111111111111000001101010000
111111111111111111111111000001011000100
111111111111111111111111000001000111000
111111111111111111111111000000110101100
111111111111111111111111000000100100000
111111111111111111111111000000010010100
111111111111111111111111000000000001000
111111111111111111111110111111101111100
111111111111111111111110111111011110000
111111111111111111111110111111001100100
111111111111111111111110111110111011000
111111111111111111111110111110101001100
111111111111111111111110111110011000000
111111111111111111111110111110000110100
111111111111111111111110111101110101000
111111111111111111111110111101100011100
111111111111111111111110111101010010000
111111111111111111111110111101000000100
111111111111111111111110111100101111000
111111111111111111111110111100011101100
111111111111111111111110111100001100000
111111111111111111111110111011111010100
111111111111111111111110111011101001000
111111111111111111111110111011010111100
111111111111111111111110111011000110000
111111111111111111111110111010110100100
111111111111111111111110111010100011000
111111111111111111111110111010010001100
