000000000000000000000000000000000000000
000000000000000000000000000000000101111
000000000000000000000000000000001011110
000000000000000000000000000000010001101
000000000000000000000000000000010111100
000000000000000000000000000000011101011
000000000000000000000000000000100011010
000000000000000000000000000000101001001
000000000000000000000000000000101111000
000000000000000000000000000000110100111
000000000000000000000000000000111010110
000000000000000000000000000001000000101
000000000000000000000000000001000110100
000000000000000000000000000001001100011
000000000000000000000000000001010010010
000000000000000000000000000001011000001
000000000000000000000000000001011110000
000000000000000000000000000001100011111
000000000000000000000000000001101001110
000000000000000000000000000001101111101
000000000000000000000000000001110101100
000000000000000000000000000001111011011
000000000000000000000000000010000001010
000000000000000000000000000010000111001
000000000000000000000000000010001101000
000000000000000000000000000010010010111
000000000000000000000000000010011000110
000000000000000000000000000010011110101
000000000000000000000000000010100100100
000000000000000000000000000010101010011
000000000000000000000000000010110000010
000000000000000000000000000010110110001
000000000000000000000000000010111100000
000000000000000000000000000011000001111
000000000000000000000000000011000111110
000000000000000000000000000011001101101
000000000000000000000000000011010011100
000000000000000000000000000011011001011
000000000000000000000000000011011111010
000000000000000000000000000011100101001
000000000000000000000000000011101011000
000000000000000000000000000011110000111
000000000000000000000000000011110110110
000000000000000000000000000011111100101
000000000000000000000000000100000010100
000000000000000000000000000100001000011
000000000000000000000000000100001110010
000000000000000000000000000100010100001
000000000000000000000000000100011010000
000000000000000000000000000100011111111
000000000000000000000000000100100101110
000000000000000000000000000100101011101
000000000000000000000000000100110001100
000000000000000000000000000100110111011
000000000000000000000000000100111101010
000000000000000000000000000101000011001
000000000000000000000000000101001001000
000000000000000000000000000101001110111
000000000000000000000000000101010100110
000000000000000000000000000101011010101
000000000000000000000000000101100000100
000000000000000000000000000101100110011
000000000000000000000000000101101100010
000000000000000000000000000101110010001
000000000000000000000000000101111000000
000000000000000000000000000101111101111
000000000000000000000000000110000011110
000000000000000000000000000110001001101
000000000000000000000000000110001111100
000000000000000000000000000110010101011
000000000000000000000000000110011011010
000000000000000000000000000110100001001
000000000000000000000000000110100111000
000000000000000000000000000110101100111
000000000000000000000000000110110010110
000000000000000000000000000110111000101
000000000000000000000000000110111110100
000000000000000000000000000111000100011
000000000000000000000000000111001010010
000000000000000000000000000111010000001
000000000000000000000000000111010110000
000000000000000000000000000111011011111
000000000000000000000000000111100001110
000000000000000000000000000111100111101
000000000000000000000000000111101101100
000000000000000000000000000111110011011
000000000000000000000000000111111001010
000000000000000000000000000111111111001
000000000000000000000000001000000101000
000000000000000000000000001000001010111
000000000000000000000000001000010000110
000000000000000000000000001000010110101
000000000000000000000000001000011100100
000000000000000000000000001000100010011
000000000000000000000000001000101000010
000000000000000000000000001000101110001
000000000000000000000000001000110100000
000000000000000000000000001000111001111
000000000000000000000000001000111111110
000000000000000000000000001001000101101
000000000000000000000000001001001011100
000000000000000000000000001001010001011
000000000000000000000000001001010111010
000000000000000000000000001001011101001
000000000000000000000000001001100011000
000000000000000000000000001001101000111
000000000000000000000000001001101110110
000000000000000000000000001001110100101
000000000000000000000000001001111010100
000000000000000000000000001010000000011
000000000000000000000000001010000110010
000000000000000000000000001010001100001
000000000000000000000000001010010010000
000000000000000000000000001010010111111
000000000000000000000000001010011101110
000000000000000000000000001010100011101
000000000000000000000000001010101001100
000000000000000000000000001010101111011
000000000000000000000000001010110101010
000000000000000000000000001010111011001
000000000000000000000000001011000001000
000000000000000000000000001011000110111
000000000000000000000000001011001100110
000000000000000000000000001011010010101
000000000000000000000000001011011000100
000000000000000000000000001011011110011
000000000000000000000000001011100100010
000000000000000000000000001011101010001
000000000000000000000000001011110000000
000000000000000000000000001011110101111
000000000000000000000000001011111011110
000000000000000000000000001100000001101
000000000000000000000000001100000111100
000000000000000000000000001100001101011
000000000000000000000000001100010011010
000000000000000000000000001100011001001
000000000000000000000000001100011111000
000000000000000000000000001100100100111
000000000000000000000000001100101010110
000000000000000000000000001100110000101
000000000000000000000000001100110110100
000000000000000000000000001100111100011
000000000000000000000000001101000010010
000000000000000000000000001101001000001
000000000000000000000000001101001110000
000000000000000000000000001101010011111
000000000000000000000000001101011001110
000000000000000000000000001101011111101
000000000000000000000000001101100101100
000000000000000000000000001101101011011
000000000000000000000000001101110001010
000000000000000000000000001101110111001
000000000000000000000000001101111101000
000000000000000000000000001110000010111
000000000000000000000000001110001000110
000000000000000000000000001110001110101
000000000000000000000000001110010100100
000000000000000000000000001110011010011
000000000000000000000000001110100000010
000000000000000000000000001110100110001
000000000000000000000000001110101100000
000000000000000000000000001110110001111
000000000000000000000000001110110111110
000000000000000000000000001110111101101
000000000000000000000000001111000011100
000000000000000000000000001111001001011
000000000000000000000000001111001111010
000000000000000000000000001111010101001
000000000000000000000000001111011011000
000000000000000000000000001111100000111
000000000000000000000000001111100110110
000000000000000000000000001111101100101
000000000000000000000000001111110010100
000000000000000000000000001111111000011
000000000000000000000000001111111110010
000000000000000000000000010000000100001
000000000000000000000000010000001010000
000000000000000000000000010000001111111
000000000000000000000000010000010101110
000000000000000000000000010000011011101
000000000000000000000000010000100001100
000000000000000000000000010000100111011
000000000000000000000000010000101101010
000000000000000000000000010000110011001
000000000000000000000000010000111001000
000000000000000000000000010000111110111
000000000000000000000000010001000100110
000000000000000000000000010001001010101
000000000000000000000000010001010000100
000000000000000000000000010001010110011
000000000000000000000000010001011100010
000000000000000000000000010001100010001
000000000000000000000000010001101000000
000000000000000000000000010001101101111
000000000000000000000000010001110011110
000000000000000000000000010001111001101
000000000000000000000000010001111111100
000000000000000000000000010010000101011
000000000000000000000000010010001011010
000000000000000000000000010010010001001
000000000000000000000000010010010111000
000000000000000000000000010010011100111
000000000000000000000000010010100010110
000000000000000000000000010010101000101
000000000000000000000000010010101110100
000000000000000000000000010010110100011
000000000000000000000000010010111010010
000000000000000000000000010011000000001
000000000000000000000000010011000110000
000000000000000000000000010011001011111
000000000000000000000000010011010001110
000000000000000000000000010011010111101
000000000000000000000000010011011101100
000000000000000000000000010011100011011
000000000000000000000000010011101001010
000000000000000000000000010011101111001
000000000000000000000000010011110101000
000000000000000000000000010011111010111
000000000000000000000000010100000000110
000000000000000000000000010100000110101
000000000000000000000000010100001100100
000000000000000000000000010100010010011
000000000000000000000000010100011000010
000000000000000000000000010100011110001
000000000000000000000000010100100100000
000000000000000000000000010100101001111
000000000000000000000000010100101111110
000000000000000000000000010100110101101
000000000000000000000000010100111011100
000000000000000000000000010101000001011
000000000000000000000000010101000111010
000000000000000000000000010101001101001
000000000000000000000000010101010011000
000000000000000000000000010101011000111
000000000000000000000000010101011110110
000000000000000000000000010101100100101
000000000000000000000000010101101010100
000000000000000000000000010101110000011
000000000000000000000000010101110110010
000000000000000000000000010101111100001
000000000000000000000000010110000010000
000000000000000000000000010110000111111
000000000000000000000000010110001101110
000000000000000000000000010110010011101
000000000000000000000000010110011001100
000000000000000000000000010110011111011
000000000000000000000000010110100101010
000000000000000000000000010110101011001
000000000000000000000000010110110001000
000000000000000000000000010110110110111
000000000000000000000000010110111100110
000000000000000000000000010111000010101
000000000000000000000000010111001000100
000000000000000000000000010111001110011
000000000000000000000000010111010100010
000000000000000000000000010111011010001
