000000000000000000000000000000000000000
111111111111111111111111111111110100001
111111111111111111111111111111101000010
111111111111111111111111111111011100011
111111111111111111111111111111010000100
111111111111111111111111111111000100101
111111111111111111111111111110111000110
111111111111111111111111111110101100111
111111111111111111111111111110100001000
111111111111111111111111111110010101001
111111111111111111111111111110001001010
111111111111111111111111111101111101011
111111111111111111111111111101110001100
111111111111111111111111111101100101101
111111111111111111111111111101011001110
111111111111111111111111111101001101111
111111111111111111111111111101000010000
111111111111111111111111111100110110001
111111111111111111111111111100101010010
111111111111111111111111111100011110011
111111111111111111111111111100010010100
111111111111111111111111111100000110101
111111111111111111111111111011111010110
111111111111111111111111111011101110111
111111111111111111111111111011100011000
111111111111111111111111111011010111001
111111111111111111111111111011001011010
111111111111111111111111111010111111011
111111111111111111111111111010110011100
111111111111111111111111111010100111101
111111111111111111111111111010011011110
111111111111111111111111111010001111111
111111111111111111111111111010000100000
111111111111111111111111111001111000001
111111111111111111111111111001101100010
111111111111111111111111111001100000011
111111111111111111111111111001010100100
111111111111111111111111111001001000101
111111111111111111111111111000111100110
111111111111111111111111111000110000111
111111111111111111111111111000100101000
111111111111111111111111111000011001001
111111111111111111111111111000001101010
111111111111111111111111111000000001011
111111111111111111111111110111110101100
111111111111111111111111110111101001101
111111111111111111111111110111011101110
111111111111111111111111110111010001111
111111111111111111111111110111000110000
111111111111111111111111110110111010001
111111111111111111111111110110101110010
111111111111111111111111110110100010011
111111111111111111111111110110010110100
111111111111111111111111110110001010101
111111111111111111111111110101111110110
111111111111111111111111110101110010111
111111111111111111111111110101100111000
111111111111111111111111110101011011001
111111111111111111111111110101001111010
111111111111111111111111110101000011011
111111111111111111111111110100110111100
111111111111111111111111110100101011101
111111111111111111111111110100011111110
111111111111111111111111110100010011111
111111111111111111111111110100001000000
111111111111111111111111110011111100001
111111111111111111111111110011110000010
111111111111111111111111110011100100011
111111111111111111111111110011011000100
111111111111111111111111110011001100101
111111111111111111111111110011000000110
111111111111111111111111110010110100111
111111111111111111111111110010101001000
111111111111111111111111110010011101001
111111111111111111111111110010010001010
111111111111111111111111110010000101011
111111111111111111111111110001111001100
111111111111111111111111110001101101101
111111111111111111111111110001100001110
111111111111111111111111110001010101111
111111111111111111111111110001001010000
111111111111111111111111110000111110001
111111111111111111111111110000110010010
111111111111111111111111110000100110011
111111111111111111111111110000011010100
111111111111111111111111110000001110101
111111111111111111111111110000000010110
111111111111111111111111101111110110111
111111111111111111111111101111101011000
111111111111111111111111101111011111001
111111111111111111111111101111010011010
111111111111111111111111101111000111011
111111111111111111111111101110111011100
111111111111111111111111101110101111101
111111111111111111111111101110100011110
111111111111111111111111101110010111111
111111111111111111111111101110001100000
111111111111111111111111101110000000001
111111111111111111111111101101110100010
111111111111111111111111101101101000011
111111111111111111111111101101011100100
111111111111111111111111101101010000101
111111111111111111111111101101000100110
111111111111111111111111101100111000111
111111111111111111111111101100101101000
111111111111111111111111101100100001001
111111111111111111111111101100010101010
111111111111111111111111101100001001011
111111111111111111111111101011111101100
111111111111111111111111101011110001101
111111111111111111111111101011100101110
111111111111111111111111101011011001111
111111111111111111111111101011001110000
111111111111111111111111101011000010001
111111111111111111111111101010110110010
111111111111111111111111101010101010011
111111111111111111111111101010011110100
111111111111111111111111101010010010101
111111111111111111111111101010000110110
111111111111111111111111101001111010111
111111111111111111111111101001101111000
111111111111111111111111101001100011001
111111111111111111111111101001010111010
111111111111111111111111101001001011011
111111111111111111111111101000111111100
111111111111111111111111101000110011101
111111111111111111111111101000100111110
111111111111111111111111101000011011111
111111111111111111111111101000010000000
111111111111111111111111101000000100001
111111111111111111111111100111111000010
111111111111111111111111100111101100011
111111111111111111111111100111100000100
111111111111111111111111100111010100101
111111111111111111111111100111001000110
111111111111111111111111100110111100111
111111111111111111111111100110110001000
111111111111111111111111100110100101001
111111111111111111111111100110011001010
111111111111111111111111100110001101011
111111111111111111111111100110000001100
111111111111111111111111100101110101101
111111111111111111111111100101101001110
111111111111111111111111100101011101111
111111111111111111111111100101010010000
111111111111111111111111100101000110001
111111111111111111111111100100111010010
111111111111111111111111100100101110011
111111111111111111111111100100100010100
111111111111111111111111100100010110101
111111111111111111111111100100001010110
111111111111111111111111100011111110111
111111111111111111111111100011110011000
111111111111111111111111100011100111001
111111111111111111111111100011011011010
111111111111111111111111100011001111011
111111111111111111111111100011000011100
111111111111111111111111100010110111101
111111111111111111111111100010101011110
111111111111111111111111100010011111111
111111111111111111111111100010010100000
111111111111111111111111100010001000001
111111111111111111111111100001111100010
111111111111111111111111100001110000011
111111111111111111111111100001100100100
111111111111111111111111100001011000101
111111111111111111111111100001001100110
111111111111111111111111100001000000111
111111111111111111111111100000110101000
111111111111111111111111100000101001001
111111111111111111111111100000011101010
111111111111111111111111100000010001011
111111111111111111111111100000000101100
111111111111111111111111011111111001101
111111111111111111111111011111101101110
111111111111111111111111011111100001111
111111111111111111111111011111010110000
111111111111111111111111011111001010001
111111111111111111111111011110111110010
111111111111111111111111011110110010011
111111111111111111111111011110100110100
111111111111111111111111011110011010101
111111111111111111111111011110001110110
111111111111111111111111011110000010111
111111111111111111111111011101110111000
111111111111111111111111011101101011001
111111111111111111111111011101011111010
111111111111111111111111011101010011011
111111111111111111111111011101000111100
111111111111111111111111011100111011101
111111111111111111111111011100101111110
111111111111111111111111011100100011111
111111111111111111111111011100011000000
111111111111111111111111011100001100001
111111111111111111111111011100000000010
111111111111111111111111011011110100011
111111111111111111111111011011101000100
111111111111111111111111011011011100101
111111111111111111111111011011010000110
111111111111111111111111011011000100111
111111111111111111111111011010111001000
111111111111111111111111011010101101001
111111111111111111111111011010100001010
111111111111111111111111011010010101011
111111111111111111111111011010001001100
111111111111111111111111011001111101101
111111111111111111111111011001110001110
111111111111111111111111011001100101111
111111111111111111111111011001011010000
111111111111111111111111011001001110001
111111111111111111111111011001000010010
111111111111111111111111011000110110011
111111111111111111111111011000101010100
111111111111111111111111011000011110101
111111111111111111111111011000010010110
111111111111111111111111011000000110111
111111111111111111111111010111111011000
111111111111111111111111010111101111001
111111111111111111111111010111100011010
111111111111111111111111010111010111011
111111111111111111111111010111001011100
111111111111111111111111010110111111101
111111111111111111111111010110110011110
111111111111111111111111010110100111111
111111111111111111111111010110011100000
111111111111111111111111010110010000001
111111111111111111111111010110000100010
111111111111111111111111010101111000011
111111111111111111111111010101101100100
111111111111111111111111010101100000101
111111111111111111111111010101010100110
111111111111111111111111010101001000111
111111111111111111111111010100111101000
111111111111111111111111010100110001001
111111111111111111111111010100100101010
111111111111111111111111010100011001011
111111111111111111111111010100001101100
111111111111111111111111010100000001101
111111111111111111111111010011110101110
111111111111111111111111010011101001111
111111111111111111111111010011011110000
111111111111111111111111010011010010001
111111111111111111111111010011000110010
111111111111111111111111010010111010011
111111111111111111111111010010101110100
111111111111111111111111010010100010101
111111111111111111111111010010010110110
111111111111111111111111010010001010111
111111111111111111111111010001111111000
111111111111111111111111010001110011001
111111111111111111111111010001100111010
111111111111111111111111010001011011011
111111111111111111111111010001001111100
111111111111111111111111010001000011101
111111111111111111111111010000110111110
111111111111111111111111010000101011111
