000000000000000000000000000000000000000
000000000000000000000000000000011011100
000000000000000000000000000000110111000
000000000000000000000000000001010010100
000000000000000000000000000001101110000
000000000000000000000000000010001001100
000000000000000000000000000010100101000
000000000000000000000000000011000000100
000000000000000000000000000011011100000
000000000000000000000000000011110111100
000000000000000000000000000100010011000
000000000000000000000000000100101110100
000000000000000000000000000101001010000
000000000000000000000000000101100101100
000000000000000000000000000110000001000
000000000000000000000000000110011100100
000000000000000000000000000110111000000
000000000000000000000000000111010011100
000000000000000000000000000111101111000
000000000000000000000000001000001010100
000000000000000000000000001000100110000
000000000000000000000000001001000001100
000000000000000000000000001001011101000
000000000000000000000000001001111000100
000000000000000000000000001010010100000
000000000000000000000000001010101111100
000000000000000000000000001011001011000
000000000000000000000000001011100110100
000000000000000000000000001100000010000
000000000000000000000000001100011101100
000000000000000000000000001100111001000
000000000000000000000000001101010100100
000000000000000000000000001101110000000
000000000000000000000000001110001011100
000000000000000000000000001110100111000
000000000000000000000000001111000010100
000000000000000000000000001111011110000
000000000000000000000000001111111001100
000000000000000000000000010000010101000
000000000000000000000000010000110000100
000000000000000000000000010001001100000
000000000000000000000000010001100111100
000000000000000000000000010010000011000
000000000000000000000000010010011110100
000000000000000000000000010010111010000
000000000000000000000000010011010101100
000000000000000000000000010011110001000
000000000000000000000000010100001100100
000000000000000000000000010100101000000
000000000000000000000000010101000011100
000000000000000000000000010101011111000
000000000000000000000000010101111010100
000000000000000000000000010110010110000
000000000000000000000000010110110001100
000000000000000000000000010111001101000
000000000000000000000000010111101000100
000000000000000000000000011000000100000
000000000000000000000000011000011111100
000000000000000000000000011000111011000
000000000000000000000000011001010110100
000000000000000000000000011001110010000
000000000000000000000000011010001101100
000000000000000000000000011010101001000
000000000000000000000000011011000100100
000000000000000000000000011011100000000
000000000000000000000000011011111011100
000000000000000000000000011100010111000
000000000000000000000000011100110010100
000000000000000000000000011101001110000
000000000000000000000000011101101001100
000000000000000000000000011110000101000
000000000000000000000000011110100000100
000000000000000000000000011110111100000
000000000000000000000000011111010111100
000000000000000000000000011111110011000
000000000000000000000000100000001110100
000000000000000000000000100000101010000
000000000000000000000000100001000101100
000000000000000000000000100001100001000
000000000000000000000000100001111100100
000000000000000000000000100010011000000
000000000000000000000000100010110011100
000000000000000000000000100011001111000
000000000000000000000000100011101010100
000000000000000000000000100100000110000
000000000000000000000000100100100001100
000000000000000000000000100100111101000
000000000000000000000000100101011000100
000000000000000000000000100101110100000
000000000000000000000000100110001111100
000000000000000000000000100110101011000
000000000000000000000000100111000110100
000000000000000000000000100111100010000
000000000000000000000000100111111101100
000000000000000000000000101000011001000
000000000000000000000000101000110100100
000000000000000000000000101001010000000
000000000000000000000000101001101011100
000000000000000000000000101010000111000
000000000000000000000000101010100010100
000000000000000000000000101010111110000
000000000000000000000000101011011001100
000000000000000000000000101011110101000
000000000000000000000000101100010000100
000000000000000000000000101100101100000
000000000000000000000000101101000111100
000000000000000000000000101101100011000
000000000000000000000000101101111110100
000000000000000000000000101110011010000
000000000000000000000000101110110101100
000000000000000000000000101111010001000
000000000000000000000000101111101100100
000000000000000000000000110000001000000
000000000000000000000000110000100011100
000000000000000000000000110000111111000
000000000000000000000000110001011010100
000000000000000000000000110001110110000
000000000000000000000000110010010001100
000000000000000000000000110010101101000
000000000000000000000000110011001000100
000000000000000000000000110011100100000
000000000000000000000000110011111111100
000000000000000000000000110100011011000
000000000000000000000000110100110110100
000000000000000000000000110101010010000
000000000000000000000000110101101101100
000000000000000000000000110110001001000
000000000000000000000000110110100100100
000000000000000000000000110111000000000
000000000000000000000000110111011011100
000000000000000000000000110111110111000
000000000000000000000000111000010010100
000000000000000000000000111000101110000
000000000000000000000000111001001001100
000000000000000000000000111001100101000
000000000000000000000000111010000000100
000000000000000000000000111010011100000
000000000000000000000000111010110111100
000000000000000000000000111011010011000
000000000000000000000000111011101110100
000000000000000000000000111100001010000
000000000000000000000000111100100101100
000000000000000000000000111101000001000
000000000000000000000000111101011100100
000000000000000000000000111101111000000
000000000000000000000000111110010011100
000000000000000000000000111110101111000
000000000000000000000000111111001010100
000000000000000000000000111111100110000
000000000000000000000001000000000001100
000000000000000000000001000000011101000
000000000000000000000001000000111000100
000000000000000000000001000001010100000
000000000000000000000001000001101111100
000000000000000000000001000010001011000
000000000000000000000001000010100110100
000000000000000000000001000011000010000
000000000000000000000001000011011101100
000000000000000000000001000011111001000
000000000000000000000001000100010100100
000000000000000000000001000100110000000
000000000000000000000001000101001011100
000000000000000000000001000101100111000
000000000000000000000001000110000010100
000000000000000000000001000110011110000
000000000000000000000001000110111001100
000000000000000000000001000111010101000
000000000000000000000001000111110000100
000000000000000000000001001000001100000
000000000000000000000001001000100111100
000000000000000000000001001001000011000
000000000000000000000001001001011110100
000000000000000000000001001001111010000
000000000000000000000001001010010101100
000000000000000000000001001010110001000
000000000000000000000001001011001100100
000000000000000000000001001011101000000
000000000000000000000001001100000011100
000000000000000000000001001100011111000
000000000000000000000001001100111010100
000000000000000000000001001101010110000
000000000000000000000001001101110001100
000000000000000000000001001110001101000
000000000000000000000001001110101000100
000000000000000000000001001111000100000
000000000000000000000001001111011111100
000000000000000000000001001111111011000
000000000000000000000001010000010110100
000000000000000000000001010000110010000
000000000000000000000001010001001101100
000000000000000000000001010001101001000
000000000000000000000001010010000100100
000000000000000000000001010010100000000
000000000000000000000001010010111011100
000000000000000000000001010011010111000
000000000000000000000001010011110010100
000000000000000000000001010100001110000
000000000000000000000001010100101001100
000000000000000000000001010101000101000
000000000000000000000001010101100000100
000000000000000000000001010101111100000
000000000000000000000001010110010111100
000000000000000000000001010110110011000
000000000000000000000001010111001110100
000000000000000000000001010111101010000
000000000000000000000001011000000101100
000000000000000000000001011000100001000
000000000000000000000001011000111100100
000000000000000000000001011001011000000
000000000000000000000001011001110011100
000000000000000000000001011010001111000
000000000000000000000001011010101010100
000000000000000000000001011011000110000
000000000000000000000001011011100001100
000000000000000000000001011011111101000
000000000000000000000001011100011000100
000000000000000000000001011100110100000
000000000000000000000001011101001111100
000000000000000000000001011101101011000
000000000000000000000001011110000110100
000000000000000000000001011110100010000
000000000000000000000001011110111101100
000000000000000000000001011111011001000
000000000000000000000001011111110100100
000000000000000000000001100000010000000
000000000000000000000001100000101011100
000000000000000000000001100001000111000
000000000000000000000001100001100010100
000000000000000000000001100001111110000
000000000000000000000001100010011001100
000000000000000000000001100010110101000
000000000000000000000001100011010000100
000000000000000000000001100011101100000
000000000000000000000001100100000111100
000000000000000000000001100100100011000
000000000000000000000001100100111110100
000000000000000000000001100101011010000
000000000000000000000001100101110101100
000000000000000000000001100110010001000
000000000000000000000001100110101100100
000000000000000000000001100111001000000
000000000000000000000001100111100011100
000000000000000000000001100111111111000
000000000000000000000001101000011010100
000000000000000000000001101000110110000
000000000000000000000001101001010001100
000000000000000000000001101001101101000
000000000000000000000001101010001000100
000000000000000000000001101010100100000
000000000000000000000001101010111111100
000000000000000000000001101011011011000
000000000000000000000001101011110110100
000000000000000000000001101100010010000
000000000000000000000001101100101101100
000000000000000000000001101101001001000
000000000000000000000001101101100100100
