000000000000000000000000000000000000000
000000000000000000000000000000001010111
000000000000000000000000000000010101110
000000000000000000000000000000100000101
000000000000000000000000000000101011100
000000000000000000000000000000110110011
000000000000000000000000000001000001010
000000000000000000000000000001001100001
000000000000000000000000000001010111000
000000000000000000000000000001100001111
000000000000000000000000000001101100110
000000000000000000000000000001110111101
000000000000000000000000000010000010100
000000000000000000000000000010001101011
000000000000000000000000000010011000010
000000000000000000000000000010100011001
000000000000000000000000000010101110000
000000000000000000000000000010111000111
000000000000000000000000000011000011110
000000000000000000000000000011001110101
000000000000000000000000000011011001100
000000000000000000000000000011100100011
000000000000000000000000000011101111010
000000000000000000000000000011111010001
000000000000000000000000000100000101000
000000000000000000000000000100001111111
000000000000000000000000000100011010110
000000000000000000000000000100100101101
000000000000000000000000000100110000100
000000000000000000000000000100111011011
000000000000000000000000000101000110010
000000000000000000000000000101010001001
000000000000000000000000000101011100000
000000000000000000000000000101100110111
000000000000000000000000000101110001110
000000000000000000000000000101111100101
000000000000000000000000000110000111100
000000000000000000000000000110010010011
000000000000000000000000000110011101010
000000000000000000000000000110101000001
000000000000000000000000000110110011000
000000000000000000000000000110111101111
000000000000000000000000000111001000110
000000000000000000000000000111010011101
000000000000000000000000000111011110100
000000000000000000000000000111101001011
000000000000000000000000000111110100010
000000000000000000000000000111111111001
000000000000000000000000001000001010000
000000000000000000000000001000010100111
000000000000000000000000001000011111110
000000000000000000000000001000101010101
000000000000000000000000001000110101100
000000000000000000000000001001000000011
000000000000000000000000001001001011010
000000000000000000000000001001010110001
000000000000000000000000001001100001000
000000000000000000000000001001101011111
000000000000000000000000001001110110110
000000000000000000000000001010000001101
000000000000000000000000001010001100100
000000000000000000000000001010010111011
000000000000000000000000001010100010010
000000000000000000000000001010101101001
000000000000000000000000001010111000000
000000000000000000000000001011000010111
000000000000000000000000001011001101110
000000000000000000000000001011011000101
000000000000000000000000001011100011100
000000000000000000000000001011101110011
000000000000000000000000001011111001010
000000000000000000000000001100000100001
000000000000000000000000001100001111000
000000000000000000000000001100011001111
000000000000000000000000001100100100110
000000000000000000000000001100101111101
000000000000000000000000001100111010100
000000000000000000000000001101000101011
000000000000000000000000001101010000010
000000000000000000000000001101011011001
000000000000000000000000001101100110000
000000000000000000000000001101110000111
000000000000000000000000001101111011110
000000000000000000000000001110000110101
000000000000000000000000001110010001100
000000000000000000000000001110011100011
000000000000000000000000001110100111010
000000000000000000000000001110110010001
000000000000000000000000001110111101000
000000000000000000000000001111000111111
000000000000000000000000001111010010110
000000000000000000000000001111011101101
000000000000000000000000001111101000100
000000000000000000000000001111110011011
000000000000000000000000001111111110010
000000000000000000000000010000001001001
000000000000000000000000010000010100000
000000000000000000000000010000011110111
000000000000000000000000010000101001110
000000000000000000000000010000110100101
000000000000000000000000010000111111100
000000000000000000000000010001001010011
000000000000000000000000010001010101010
000000000000000000000000010001100000001
000000000000000000000000010001101011000
000000000000000000000000010001110101111
000000000000000000000000010010000000110
000000000000000000000000010010001011101
000000000000000000000000010010010110100
000000000000000000000000010010100001011
000000000000000000000000010010101100010
000000000000000000000000010010110111001
000000000000000000000000010011000010000
000000000000000000000000010011001100111
000000000000000000000000010011010111110
000000000000000000000000010011100010101
000000000000000000000000010011101101100
000000000000000000000000010011111000011
000000000000000000000000010100000011010
000000000000000000000000010100001110001
000000000000000000000000010100011001000
000000000000000000000000010100100011111
000000000000000000000000010100101110110
000000000000000000000000010100111001101
000000000000000000000000010101000100100
000000000000000000000000010101001111011
000000000000000000000000010101011010010
000000000000000000000000010101100101001
000000000000000000000000010101110000000
000000000000000000000000010101111010111
000000000000000000000000010110000101110
000000000000000000000000010110010000101
000000000000000000000000010110011011100
000000000000000000000000010110100110011
000000000000000000000000010110110001010
000000000000000000000000010110111100001
000000000000000000000000010111000111000
000000000000000000000000010111010001111
000000000000000000000000010111011100110
000000000000000000000000010111100111101
000000000000000000000000010111110010100
000000000000000000000000010111111101011
000000000000000000000000011000001000010
000000000000000000000000011000010011001
000000000000000000000000011000011110000
000000000000000000000000011000101000111
000000000000000000000000011000110011110
000000000000000000000000011000111110101
000000000000000000000000011001001001100
000000000000000000000000011001010100011
000000000000000000000000011001011111010
000000000000000000000000011001101010001
000000000000000000000000011001110101000
000000000000000000000000011001111111111
000000000000000000000000011010001010110
000000000000000000000000011010010101101
000000000000000000000000011010100000100
000000000000000000000000011010101011011
000000000000000000000000011010110110010
000000000000000000000000011011000001001
000000000000000000000000011011001100000
000000000000000000000000011011010110111
000000000000000000000000011011100001110
000000000000000000000000011011101100101
000000000000000000000000011011110111100
000000000000000000000000011100000010011
000000000000000000000000011100001101010
000000000000000000000000011100011000001
000000000000000000000000011100100011000
000000000000000000000000011100101101111
000000000000000000000000011100111000110
000000000000000000000000011101000011101
000000000000000000000000011101001110100
000000000000000000000000011101011001011
000000000000000000000000011101100100010
000000000000000000000000011101101111001
000000000000000000000000011101111010000
000000000000000000000000011110000100111
000000000000000000000000011110001111110
000000000000000000000000011110011010101
000000000000000000000000011110100101100
000000000000000000000000011110110000011
000000000000000000000000011110111011010
000000000000000000000000011111000110001
000000000000000000000000011111010001000
000000000000000000000000011111011011111
000000000000000000000000011111100110110
000000000000000000000000011111110001101
000000000000000000000000011111111100100
000000000000000000000000100000000111011
000000000000000000000000100000010010010
000000000000000000000000100000011101001
000000000000000000000000100000101000000
000000000000000000000000100000110010111
000000000000000000000000100000111101110
000000000000000000000000100001001000101
000000000000000000000000100001010011100
000000000000000000000000100001011110011
000000000000000000000000100001101001010
000000000000000000000000100001110100001
000000000000000000000000100001111111000
000000000000000000000000100010001001111
000000000000000000000000100010010100110
000000000000000000000000100010011111101
000000000000000000000000100010101010100
000000000000000000000000100010110101011
000000000000000000000000100011000000010
000000000000000000000000100011001011001
000000000000000000000000100011010110000
000000000000000000000000100011100000111
000000000000000000000000100011101011110
000000000000000000000000100011110110101
000000000000000000000000100100000001100
000000000000000000000000100100001100011
000000000000000000000000100100010111010
000000000000000000000000100100100010001
000000000000000000000000100100101101000
000000000000000000000000100100110111111
000000000000000000000000100101000010110
000000000000000000000000100101001101101
000000000000000000000000100101011000100
000000000000000000000000100101100011011
000000000000000000000000100101101110010
000000000000000000000000100101111001001
000000000000000000000000100110000100000
000000000000000000000000100110001110111
000000000000000000000000100110011001110
000000000000000000000000100110100100101
000000000000000000000000100110101111100
000000000000000000000000100110111010011
000000000000000000000000100111000101010
000000000000000000000000100111010000001
000000000000000000000000100111011011000
000000000000000000000000100111100101111
000000000000000000000000100111110000110
000000000000000000000000100111111011101
000000000000000000000000101000000110100
000000000000000000000000101000010001011
000000000000000000000000101000011100010
000000000000000000000000101000100111001
000000000000000000000000101000110010000
000000000000000000000000101000111100111
000000000000000000000000101001000111110
000000000000000000000000101001010010101
000000000000000000000000101001011101100
000000000000000000000000101001101000011
000000000000000000000000101001110011010
000000000000000000000000101001111110001
000000000000000000000000101010001001000
000000000000000000000000101010010011111
000000000000000000000000101010011110110
000000000000000000000000101010101001101
000000000000000000000000101010110100100
000000000000000000000000101010111111011
000000000000000000000000101011001010010
000000000000000000000000101011010101001
