000000000000000000000000000000000000000
111111111111111111111111111111111100010
111111111111111111111111111111111000100
111111111111111111111111111111110100110
111111111111111111111111111111110001000
111111111111111111111111111111101101010
111111111111111111111111111111101001100
111111111111111111111111111111100101110
111111111111111111111111111111100010000
111111111111111111111111111111011110010
111111111111111111111111111111011010100
111111111111111111111111111111010110110
111111111111111111111111111111010011000
111111111111111111111111111111001111010
111111111111111111111111111111001011100
111111111111111111111111111111000111110
111111111111111111111111111111000100000
111111111111111111111111111111000000010
111111111111111111111111111110111100100
111111111111111111111111111110111000110
111111111111111111111111111110110101000
111111111111111111111111111110110001010
111111111111111111111111111110101101100
111111111111111111111111111110101001110
111111111111111111111111111110100110000
111111111111111111111111111110100010010
111111111111111111111111111110011110100
111111111111111111111111111110011010110
111111111111111111111111111110010111000
111111111111111111111111111110010011010
111111111111111111111111111110001111100
111111111111111111111111111110001011110
111111111111111111111111111110001000000
111111111111111111111111111110000100010
111111111111111111111111111110000000100
111111111111111111111111111101111100110
111111111111111111111111111101111001000
111111111111111111111111111101110101010
111111111111111111111111111101110001100
111111111111111111111111111101101101110
111111111111111111111111111101101010000
111111111111111111111111111101100110010
111111111111111111111111111101100010100
111111111111111111111111111101011110110
111111111111111111111111111101011011000
111111111111111111111111111101010111010
111111111111111111111111111101010011100
111111111111111111111111111101001111110
111111111111111111111111111101001100000
111111111111111111111111111101001000010
111111111111111111111111111101000100100
111111111111111111111111111101000000110
111111111111111111111111111100111101000
111111111111111111111111111100111001010
111111111111111111111111111100110101100
111111111111111111111111111100110001110
111111111111111111111111111100101110000
111111111111111111111111111100101010010
111111111111111111111111111100100110100
111111111111111111111111111100100010110
111111111111111111111111111100011111000
111111111111111111111111111100011011010
111111111111111111111111111100010111100
111111111111111111111111111100010011110
111111111111111111111111111100010000000
111111111111111111111111111100001100010
111111111111111111111111111100001000100
111111111111111111111111111100000100110
111111111111111111111111111100000001000
111111111111111111111111111011111101010
111111111111111111111111111011111001100
111111111111111111111111111011110101110
111111111111111111111111111011110010000
111111111111111111111111111011101110010
111111111111111111111111111011101010100
111111111111111111111111111011100110110
111111111111111111111111111011100011000
111111111111111111111111111011011111010
111111111111111111111111111011011011100
111111111111111111111111111011010111110
111111111111111111111111111011010100000
111111111111111111111111111011010000010
111111111111111111111111111011001100100
111111111111111111111111111011001000110
111111111111111111111111111011000101000
111111111111111111111111111011000001010
111111111111111111111111111010111101100
111111111111111111111111111010111001110
111111111111111111111111111010110110000
111111111111111111111111111010110010010
111111111111111111111111111010101110100
111111111111111111111111111010101010110
111111111111111111111111111010100111000
111111111111111111111111111010100011010
111111111111111111111111111010011111100
111111111111111111111111111010011011110
111111111111111111111111111010011000000
111111111111111111111111111010010100010
111111111111111111111111111010010000100
111111111111111111111111111010001100110
111111111111111111111111111010001001000
111111111111111111111111111010000101010
111111111111111111111111111010000001100
111111111111111111111111111001111101110
111111111111111111111111111001111010000
111111111111111111111111111001110110010
111111111111111111111111111001110010100
111111111111111111111111111001101110110
111111111111111111111111111001101011000
111111111111111111111111111001100111010
111111111111111111111111111001100011100
111111111111111111111111111001011111110
111111111111111111111111111001011100000
111111111111111111111111111001011000010
111111111111111111111111111001010100100
111111111111111111111111111001010000110
111111111111111111111111111001001101000
111111111111111111111111111001001001010
111111111111111111111111111001000101100
111111111111111111111111111001000001110
111111111111111111111111111000111110000
111111111111111111111111111000111010010
111111111111111111111111111000110110100
111111111111111111111111111000110010110
111111111111111111111111111000101111000
111111111111111111111111111000101011010
111111111111111111111111111000100111100
111111111111111111111111111000100011110
111111111111111111111111111000100000000
111111111111111111111111111000011100010
111111111111111111111111111000011000100
111111111111111111111111111000010100110
111111111111111111111111111000010001000
111111111111111111111111111000001101010
111111111111111111111111111000001001100
111111111111111111111111111000000101110
111111111111111111111111111000000010000
111111111111111111111111110111111110010
111111111111111111111111110111111010100
111111111111111111111111110111110110110
111111111111111111111111110111110011000
111111111111111111111111110111101111010
111111111111111111111111110111101011100
111111111111111111111111110111100111110
111111111111111111111111110111100100000
111111111111111111111111110111100000010
111111111111111111111111110111011100100
111111111111111111111111110111011000110
111111111111111111111111110111010101000
111111111111111111111111110111010001010
111111111111111111111111110111001101100
111111111111111111111111110111001001110
111111111111111111111111110111000110000
111111111111111111111111110111000010010
111111111111111111111111110110111110100
111111111111111111111111110110111010110
111111111111111111111111110110110111000
111111111111111111111111110110110011010
111111111111111111111111110110101111100
111111111111111111111111110110101011110
111111111111111111111111110110101000000
111111111111111111111111110110100100010
111111111111111111111111110110100000100
111111111111111111111111110110011100110
111111111111111111111111110110011001000
111111111111111111111111110110010101010
111111111111111111111111110110010001100
111111111111111111111111110110001101110
111111111111111111111111110110001010000
111111111111111111111111110110000110010
111111111111111111111111110110000010100
111111111111111111111111110101111110110
111111111111111111111111110101111011000
111111111111111111111111110101110111010
111111111111111111111111110101110011100
111111111111111111111111110101101111110
111111111111111111111111110101101100000
111111111111111111111111110101101000010
111111111111111111111111110101100100100
111111111111111111111111110101100000110
111111111111111111111111110101011101000
111111111111111111111111110101011001010
111111111111111111111111110101010101100
111111111111111111111111110101010001110
111111111111111111111111110101001110000
111111111111111111111111110101001010010
111111111111111111111111110101000110100
111111111111111111111111110101000010110
111111111111111111111111110100111111000
111111111111111111111111110100111011010
111111111111111111111111110100110111100
111111111111111111111111110100110011110
111111111111111111111111110100110000000
111111111111111111111111110100101100010
111111111111111111111111110100101000100
111111111111111111111111110100100100110
111111111111111111111111110100100001000
111111111111111111111111110100011101010
111111111111111111111111110100011001100
111111111111111111111111110100010101110
111111111111111111111111110100010010000
111111111111111111111111110100001110010
111111111111111111111111110100001010100
111111111111111111111111110100000110110
111111111111111111111111110100000011000
111111111111111111111111110011111111010
111111111111111111111111110011111011100
111111111111111111111111110011110111110
111111111111111111111111110011110100000
111111111111111111111111110011110000010
111111111111111111111111110011101100100
111111111111111111111111110011101000110
111111111111111111111111110011100101000
111111111111111111111111110011100001010
111111111111111111111111110011011101100
111111111111111111111111110011011001110
111111111111111111111111110011010110000
111111111111111111111111110011010010010
111111111111111111111111110011001110100
111111111111111111111111110011001010110
111111111111111111111111110011000111000
111111111111111111111111110011000011010
111111111111111111111111110010111111100
111111111111111111111111110010111011110
111111111111111111111111110010111000000
111111111111111111111111110010110100010
111111111111111111111111110010110000100
111111111111111111111111110010101100110
111111111111111111111111110010101001000
111111111111111111111111110010100101010
111111111111111111111111110010100001100
111111111111111111111111110010011101110
111111111111111111111111110010011010000
111111111111111111111111110010010110010
111111111111111111111111110010010010100
111111111111111111111111110010001110110
111111111111111111111111110010001011000
111111111111111111111111110010000111010
111111111111111111111111110010000011100
111111111111111111111111110001111111110
111111111111111111111111110001111100000
111111111111111111111111110001111000010
111111111111111111111111110001110100100
111111111111111111111111110001110000110
111111111111111111111111110001101101000
111111111111111111111111110001101001010
111111111111111111111111110001100101100
111111111111111111111111110001100001110
111111111111111111111111110001011110000
111111111111111111111111110001011010010
111111111111111111111111110001010110100
111111111111111111111111110001010010110
111111111111111111111111110001001111000
111111111111111111111111110001001011010
111111111111111111111111110001000111100
111111111111111111111111110001000011110
