000000000000000000000000000000000000000
111111111111111111111111111111101000110
111111111111111111111111111111010001100
111111111111111111111111111110111010010
111111111111111111111111111110100011000
111111111111111111111111111110001011110
111111111111111111111111111101110100100
111111111111111111111111111101011101010
111111111111111111111111111101000110000
111111111111111111111111111100101110110
111111111111111111111111111100010111100
111111111111111111111111111100000000010
111111111111111111111111111011101001000
111111111111111111111111111011010001110
111111111111111111111111111010111010100
111111111111111111111111111010100011010
111111111111111111111111111010001100000
111111111111111111111111111001110100110
111111111111111111111111111001011101100
111111111111111111111111111001000110010
111111111111111111111111111000101111000
111111111111111111111111111000010111110
111111111111111111111111111000000000100
111111111111111111111111110111101001010
111111111111111111111111110111010010000
111111111111111111111111110110111010110
111111111111111111111111110110100011100
111111111111111111111111110110001100010
111111111111111111111111110101110101000
111111111111111111111111110101011101110
111111111111111111111111110101000110100
111111111111111111111111110100101111010
111111111111111111111111110100011000000
111111111111111111111111110100000000110
111111111111111111111111110011101001100
111111111111111111111111110011010010010
111111111111111111111111110010111011000
111111111111111111111111110010100011110
111111111111111111111111110010001100100
111111111111111111111111110001110101010
111111111111111111111111110001011110000
111111111111111111111111110001000110110
111111111111111111111111110000101111100
111111111111111111111111110000011000010
111111111111111111111111110000000001000
111111111111111111111111101111101001110
111111111111111111111111101111010010100
111111111111111111111111101110111011010
111111111111111111111111101110100100000
111111111111111111111111101110001100110
111111111111111111111111101101110101100
111111111111111111111111101101011110010
111111111111111111111111101101000111000
111111111111111111111111101100101111110
111111111111111111111111101100011000100
111111111111111111111111101100000001010
111111111111111111111111101011101010000
111111111111111111111111101011010010110
111111111111111111111111101010111011100
111111111111111111111111101010100100010
111111111111111111111111101010001101000
111111111111111111111111101001110101110
111111111111111111111111101001011110100
111111111111111111111111101001000111010
111111111111111111111111101000110000000
111111111111111111111111101000011000110
111111111111111111111111101000000001100
111111111111111111111111100111101010010
111111111111111111111111100111010011000
111111111111111111111111100110111011110
111111111111111111111111100110100100100
111111111111111111111111100110001101010
111111111111111111111111100101110110000
111111111111111111111111100101011110110
111111111111111111111111100101000111100
111111111111111111111111100100110000010
111111111111111111111111100100011001000
111111111111111111111111100100000001110
111111111111111111111111100011101010100
111111111111111111111111100011010011010
111111111111111111111111100010111100000
111111111111111111111111100010100100110
111111111111111111111111100010001101100
111111111111111111111111100001110110010
111111111111111111111111100001011111000
111111111111111111111111100001000111110
111111111111111111111111100000110000100
111111111111111111111111100000011001010
111111111111111111111111100000000010000
111111111111111111111111011111101010110
111111111111111111111111011111010011100
111111111111111111111111011110111100010
111111111111111111111111011110100101000
111111111111111111111111011110001101110
111111111111111111111111011101110110100
111111111111111111111111011101011111010
111111111111111111111111011101001000000
111111111111111111111111011100110000110
111111111111111111111111011100011001100
111111111111111111111111011100000010010
111111111111111111111111011011101011000
111111111111111111111111011011010011110
111111111111111111111111011010111100100
111111111111111111111111011010100101010
111111111111111111111111011010001110000
111111111111111111111111011001110110110
111111111111111111111111011001011111100
111111111111111111111111011001001000010
111111111111111111111111011000110001000
111111111111111111111111011000011001110
111111111111111111111111011000000010100
111111111111111111111111010111101011010
111111111111111111111111010111010100000
111111111111111111111111010110111100110
111111111111111111111111010110100101100
111111111111111111111111010110001110010
111111111111111111111111010101110111000
111111111111111111111111010101011111110
111111111111111111111111010101001000100
111111111111111111111111010100110001010
111111111111111111111111010100011010000
111111111111111111111111010100000010110
111111111111111111111111010011101011100
111111111111111111111111010011010100010
111111111111111111111111010010111101000
111111111111111111111111010010100101110
111111111111111111111111010010001110100
111111111111111111111111010001110111010
111111111111111111111111010001100000000
111111111111111111111111010001001000110
111111111111111111111111010000110001100
111111111111111111111111010000011010010
111111111111111111111111010000000011000
111111111111111111111111001111101011110
111111111111111111111111001111010100100
111111111111111111111111001110111101010
111111111111111111111111001110100110000
111111111111111111111111001110001110110
111111111111111111111111001101110111100
111111111111111111111111001101100000010
111111111111111111111111001101001001000
111111111111111111111111001100110001110
111111111111111111111111001100011010100
111111111111111111111111001100000011010
111111111111111111111111001011101100000
111111111111111111111111001011010100110
111111111111111111111111001010111101100
111111111111111111111111001010100110010
111111111111111111111111001010001111000
111111111111111111111111001001110111110
111111111111111111111111001001100000100
111111111111111111111111001001001001010
111111111111111111111111001000110010000
111111111111111111111111001000011010110
111111111111111111111111001000000011100
111111111111111111111111000111101100010
111111111111111111111111000111010101000
111111111111111111111111000110111101110
111111111111111111111111000110100110100
111111111111111111111111000110001111010
111111111111111111111111000101111000000
111111111111111111111111000101100000110
111111111111111111111111000101001001100
111111111111111111111111000100110010010
111111111111111111111111000100011011000
111111111111111111111111000100000011110
111111111111111111111111000011101100100
111111111111111111111111000011010101010
111111111111111111111111000010111110000
111111111111111111111111000010100110110
111111111111111111111111000010001111100
111111111111111111111111000001111000010
111111111111111111111111000001100001000
111111111111111111111111000001001001110
111111111111111111111111000000110010100
111111111111111111111111000000011011010
111111111111111111111111000000000100000
111111111111111111111110111111101100110
111111111111111111111110111111010101100
111111111111111111111110111110111110010
111111111111111111111110111110100111000
111111111111111111111110111110001111110
111111111111111111111110111101111000100
111111111111111111111110111101100001010
111111111111111111111110111101001010000
111111111111111111111110111100110010110
111111111111111111111110111100011011100
111111111111111111111110111100000100010
111111111111111111111110111011101101000
111111111111111111111110111011010101110
111111111111111111111110111010111110100
111111111111111111111110111010100111010
111111111111111111111110111010010000000
111111111111111111111110111001111000110
111111111111111111111110111001100001100
111111111111111111111110111001001010010
111111111111111111111110111000110011000
111111111111111111111110111000011011110
111111111111111111111110111000000100100
111111111111111111111110110111101101010
111111111111111111111110110111010110000
111111111111111111111110110110111110110
111111111111111111111110110110100111100
111111111111111111111110110110010000010
111111111111111111111110110101111001000
111111111111111111111110110101100001110
111111111111111111111110110101001010100
111111111111111111111110110100110011010
111111111111111111111110110100011100000
111111111111111111111110110100000100110
111111111111111111111110110011101101100
111111111111111111111110110011010110010
111111111111111111111110110010111111000
111111111111111111111110110010100111110
111111111111111111111110110010010000100
111111111111111111111110110001111001010
111111111111111111111110110001100010000
111111111111111111111110110001001010110
111111111111111111111110110000110011100
111111111111111111111110110000011100010
111111111111111111111110110000000101000
111111111111111111111110101111101101110
111111111111111111111110101111010110100
111111111111111111111110101110111111010
111111111111111111111110101110101000000
111111111111111111111110101110010000110
111111111111111111111110101101111001100
111111111111111111111110101101100010010
111111111111111111111110101101001011000
111111111111111111111110101100110011110
111111111111111111111110101100011100100
111111111111111111111110101100000101010
111111111111111111111110101011101110000
111111111111111111111110101011010110110
111111111111111111111110101010111111100
111111111111111111111110101010101000010
111111111111111111111110101010010001000
111111111111111111111110101001111001110
111111111111111111111110101001100010100
111111111111111111111110101001001011010
111111111111111111111110101000110100000
111111111111111111111110101000011100110
111111111111111111111110101000000101100
111111111111111111111110100111101110010
111111111111111111111110100111010111000
111111111111111111111110100110111111110
111111111111111111111110100110101000100
111111111111111111111110100110010001010
111111111111111111111110100101111010000
111111111111111111111110100101100010110
111111111111111111111110100101001011100
111111111111111111111110100100110100010
111111111111111111111110100100011101000
111111111111111111111110100100000101110
111111111111111111111110100011101110100
111111111111111111111110100011010111010
