000000000000000000000000000000000000000
000000000000000000000000000000000111101
000000000000000000000000000000001111010
000000000000000000000000000000010110111
000000000000000000000000000000011110100
000000000000000000000000000000100110001
000000000000000000000000000000101101110
000000000000000000000000000000110101011
000000000000000000000000000000111101000
000000000000000000000000000001000100101
000000000000000000000000000001001100010
000000000000000000000000000001010011111
000000000000000000000000000001011011100
000000000000000000000000000001100011001
000000000000000000000000000001101010110
000000000000000000000000000001110010011
000000000000000000000000000001111010000
000000000000000000000000000010000001101
000000000000000000000000000010001001010
000000000000000000000000000010010000111
000000000000000000000000000010011000100
000000000000000000000000000010100000001
000000000000000000000000000010100111110
000000000000000000000000000010101111011
000000000000000000000000000010110111000
000000000000000000000000000010111110101
000000000000000000000000000011000110010
000000000000000000000000000011001101111
000000000000000000000000000011010101100
000000000000000000000000000011011101001
000000000000000000000000000011100100110
000000000000000000000000000011101100011
000000000000000000000000000011110100000
000000000000000000000000000011111011101
000000000000000000000000000100000011010
000000000000000000000000000100001010111
000000000000000000000000000100010010100
000000000000000000000000000100011010001
000000000000000000000000000100100001110
000000000000000000000000000100101001011
000000000000000000000000000100110001000
000000000000000000000000000100111000101
000000000000000000000000000101000000010
000000000000000000000000000101000111111
000000000000000000000000000101001111100
000000000000000000000000000101010111001
000000000000000000000000000101011110110
000000000000000000000000000101100110011
000000000000000000000000000101101110000
000000000000000000000000000101110101101
000000000000000000000000000101111101010
000000000000000000000000000110000100111
000000000000000000000000000110001100100
000000000000000000000000000110010100001
000000000000000000000000000110011011110
000000000000000000000000000110100011011
000000000000000000000000000110101011000
000000000000000000000000000110110010101
000000000000000000000000000110111010010
000000000000000000000000000111000001111
000000000000000000000000000111001001100
000000000000000000000000000111010001001
000000000000000000000000000111011000110
000000000000000000000000000111100000011
000000000000000000000000000111101000000
000000000000000000000000000111101111101
000000000000000000000000000111110111010
000000000000000000000000000111111110111
000000000000000000000000001000000110100
000000000000000000000000001000001110001
000000000000000000000000001000010101110
000000000000000000000000001000011101011
000000000000000000000000001000100101000
000000000000000000000000001000101100101
000000000000000000000000001000110100010
000000000000000000000000001000111011111
000000000000000000000000001001000011100
000000000000000000000000001001001011001
000000000000000000000000001001010010110
000000000000000000000000001001011010011
000000000000000000000000001001100010000
000000000000000000000000001001101001101
000000000000000000000000001001110001010
000000000000000000000000001001111000111
000000000000000000000000001010000000100
000000000000000000000000001010001000001
000000000000000000000000001010001111110
000000000000000000000000001010010111011
000000000000000000000000001010011111000
000000000000000000000000001010100110101
000000000000000000000000001010101110010
000000000000000000000000001010110101111
000000000000000000000000001010111101100
000000000000000000000000001011000101001
000000000000000000000000001011001100110
000000000000000000000000001011010100011
000000000000000000000000001011011100000
000000000000000000000000001011100011101
000000000000000000000000001011101011010
000000000000000000000000001011110010111
000000000000000000000000001011111010100
000000000000000000000000001100000010001
000000000000000000000000001100001001110
000000000000000000000000001100010001011
000000000000000000000000001100011001000
000000000000000000000000001100100000101
000000000000000000000000001100101000010
000000000000000000000000001100101111111
000000000000000000000000001100110111100
000000000000000000000000001100111111001
000000000000000000000000001101000110110
000000000000000000000000001101001110011
000000000000000000000000001101010110000
000000000000000000000000001101011101101
000000000000000000000000001101100101010
000000000000000000000000001101101100111
000000000000000000000000001101110100100
000000000000000000000000001101111100001
000000000000000000000000001110000011110
000000000000000000000000001110001011011
000000000000000000000000001110010011000
000000000000000000000000001110011010101
000000000000000000000000001110100010010
000000000000000000000000001110101001111
000000000000000000000000001110110001100
000000000000000000000000001110111001001
000000000000000000000000001111000000110
000000000000000000000000001111001000011
000000000000000000000000001111010000000
000000000000000000000000001111010111101
000000000000000000000000001111011111010
000000000000000000000000001111100110111
000000000000000000000000001111101110100
000000000000000000000000001111110110001
000000000000000000000000001111111101110
000000000000000000000000010000000101011
000000000000000000000000010000001101000
000000000000000000000000010000010100101
000000000000000000000000010000011100010
000000000000000000000000010000100011111
000000000000000000000000010000101011100
000000000000000000000000010000110011001
000000000000000000000000010000111010110
000000000000000000000000010001000010011
000000000000000000000000010001001010000
000000000000000000000000010001010001101
000000000000000000000000010001011001010
000000000000000000000000010001100000111
000000000000000000000000010001101000100
000000000000000000000000010001110000001
000000000000000000000000010001110111110
000000000000000000000000010001111111011
000000000000000000000000010010000111000
000000000000000000000000010010001110101
000000000000000000000000010010010110010
000000000000000000000000010010011101111
000000000000000000000000010010100101100
000000000000000000000000010010101101001
000000000000000000000000010010110100110
000000000000000000000000010010111100011
000000000000000000000000010011000100000
000000000000000000000000010011001011101
000000000000000000000000010011010011010
000000000000000000000000010011011010111
000000000000000000000000010011100010100
000000000000000000000000010011101010001
000000000000000000000000010011110001110
000000000000000000000000010011111001011
000000000000000000000000010100000001000
000000000000000000000000010100001000101
000000000000000000000000010100010000010
000000000000000000000000010100010111111
000000000000000000000000010100011111100
000000000000000000000000010100100111001
000000000000000000000000010100101110110
000000000000000000000000010100110110011
000000000000000000000000010100111110000
000000000000000000000000010101000101101
000000000000000000000000010101001101010
000000000000000000000000010101010100111
000000000000000000000000010101011100100
000000000000000000000000010101100100001
000000000000000000000000010101101011110
000000000000000000000000010101110011011
000000000000000000000000010101111011000
000000000000000000000000010110000010101
000000000000000000000000010110001010010
000000000000000000000000010110010001111
000000000000000000000000010110011001100
000000000000000000000000010110100001001
000000000000000000000000010110101000110
000000000000000000000000010110110000011
000000000000000000000000010110111000000
000000000000000000000000010110111111101
000000000000000000000000010111000111010
000000000000000000000000010111001110111
000000000000000000000000010111010110100
000000000000000000000000010111011110001
000000000000000000000000010111100101110
000000000000000000000000010111101101011
000000000000000000000000010111110101000
000000000000000000000000010111111100101
000000000000000000000000011000000100010
000000000000000000000000011000001011111
000000000000000000000000011000010011100
000000000000000000000000011000011011001
000000000000000000000000011000100010110
000000000000000000000000011000101010011
000000000000000000000000011000110010000
000000000000000000000000011000111001101
000000000000000000000000011001000001010
000000000000000000000000011001001000111
000000000000000000000000011001010000100
000000000000000000000000011001011000001
000000000000000000000000011001011111110
000000000000000000000000011001100111011
000000000000000000000000011001101111000
000000000000000000000000011001110110101
000000000000000000000000011001111110010
000000000000000000000000011010000101111
000000000000000000000000011010001101100
000000000000000000000000011010010101001
000000000000000000000000011010011100110
000000000000000000000000011010100100011
000000000000000000000000011010101100000
000000000000000000000000011010110011101
000000000000000000000000011010111011010
000000000000000000000000011011000010111
000000000000000000000000011011001010100
000000000000000000000000011011010010001
000000000000000000000000011011011001110
000000000000000000000000011011100001011
000000000000000000000000011011101001000
000000000000000000000000011011110000101
000000000000000000000000011011111000010
000000000000000000000000011011111111111
000000000000000000000000011100000111100
000000000000000000000000011100001111001
000000000000000000000000011100010110110
000000000000000000000000011100011110011
000000000000000000000000011100100110000
000000000000000000000000011100101101101
000000000000000000000000011100110101010
000000000000000000000000011100111100111
000000000000000000000000011101000100100
000000000000000000000000011101001100001
000000000000000000000000011101010011110
000000000000000000000000011101011011011
000000000000000000000000011101100011000
000000000000000000000000011101101010101
000000000000000000000000011101110010010
000000000000000000000000011101111001111
000000000000000000000000011110000001100
000000000000000000000000011110001001001
000000000000000000000000011110010000110
000000000000000000000000011110011000011
