000000000000000000000000000000000000000
111111111111111111111111111111101010010
111111111111111111111111111111010100100
111111111111111111111111111110111110110
111111111111111111111111111110101001000
111111111111111111111111111110010011010
111111111111111111111111111101111101100
111111111111111111111111111101100111110
111111111111111111111111111101010010000
111111111111111111111111111100111100010
111111111111111111111111111100100110100
111111111111111111111111111100010000110
111111111111111111111111111011111011000
111111111111111111111111111011100101010
111111111111111111111111111011001111100
111111111111111111111111111010111001110
111111111111111111111111111010100100000
111111111111111111111111111010001110010
111111111111111111111111111001111000100
111111111111111111111111111001100010110
111111111111111111111111111001001101000
111111111111111111111111111000110111010
111111111111111111111111111000100001100
111111111111111111111111111000001011110
111111111111111111111111110111110110000
111111111111111111111111110111100000010
111111111111111111111111110111001010100
111111111111111111111111110110110100110
111111111111111111111111110110011111000
111111111111111111111111110110001001010
111111111111111111111111110101110011100
111111111111111111111111110101011101110
111111111111111111111111110101001000000
111111111111111111111111110100110010010
111111111111111111111111110100011100100
111111111111111111111111110100000110110
111111111111111111111111110011110001000
111111111111111111111111110011011011010
111111111111111111111111110011000101100
111111111111111111111111110010101111110
111111111111111111111111110010011010000
111111111111111111111111110010000100010
111111111111111111111111110001101110100
111111111111111111111111110001011000110
111111111111111111111111110001000011000
111111111111111111111111110000101101010
111111111111111111111111110000010111100
111111111111111111111111110000000001110
111111111111111111111111101111101100000
111111111111111111111111101111010110010
111111111111111111111111101111000000100
111111111111111111111111101110101010110
111111111111111111111111101110010101000
111111111111111111111111101101111111010
111111111111111111111111101101101001100
111111111111111111111111101101010011110
111111111111111111111111101100111110000
111111111111111111111111101100101000010
111111111111111111111111101100010010100
111111111111111111111111101011111100110
111111111111111111111111101011100111000
111111111111111111111111101011010001010
111111111111111111111111101010111011100
111111111111111111111111101010100101110
111111111111111111111111101010010000000
111111111111111111111111101001111010010
111111111111111111111111101001100100100
111111111111111111111111101001001110110
111111111111111111111111101000111001000
111111111111111111111111101000100011010
111111111111111111111111101000001101100
111111111111111111111111100111110111110
111111111111111111111111100111100010000
111111111111111111111111100111001100010
111111111111111111111111100110110110100
111111111111111111111111100110100000110
111111111111111111111111100110001011000
111111111111111111111111100101110101010
111111111111111111111111100101011111100
111111111111111111111111100101001001110
111111111111111111111111100100110100000
111111111111111111111111100100011110010
111111111111111111111111100100001000100
111111111111111111111111100011110010110
111111111111111111111111100011011101000
111111111111111111111111100011000111010
111111111111111111111111100010110001100
111111111111111111111111100010011011110
111111111111111111111111100010000110000
111111111111111111111111100001110000010
111111111111111111111111100001011010100
111111111111111111111111100001000100110
111111111111111111111111100000101111000
111111111111111111111111100000011001010
111111111111111111111111100000000011100
111111111111111111111111011111101101110
111111111111111111111111011111011000000
111111111111111111111111011111000010010
111111111111111111111111011110101100100
111111111111111111111111011110010110110
111111111111111111111111011110000001000
111111111111111111111111011101101011010
111111111111111111111111011101010101100
111111111111111111111111011100111111110
111111111111111111111111011100101010000
111111111111111111111111011100010100010
111111111111111111111111011011111110100
111111111111111111111111011011101000110
111111111111111111111111011011010011000
111111111111111111111111011010111101010
111111111111111111111111011010100111100
111111111111111111111111011010010001110
111111111111111111111111011001111100000
111111111111111111111111011001100110010
111111111111111111111111011001010000100
111111111111111111111111011000111010110
111111111111111111111111011000100101000
111111111111111111111111011000001111010
111111111111111111111111010111111001100
111111111111111111111111010111100011110
111111111111111111111111010111001110000
111111111111111111111111010110111000010
111111111111111111111111010110100010100
111111111111111111111111010110001100110
111111111111111111111111010101110111000
111111111111111111111111010101100001010
111111111111111111111111010101001011100
111111111111111111111111010100110101110
111111111111111111111111010100100000000
111111111111111111111111010100001010010
111111111111111111111111010011110100100
111111111111111111111111010011011110110
111111111111111111111111010011001001000
111111111111111111111111010010110011010
111111111111111111111111010010011101100
111111111111111111111111010010000111110
111111111111111111111111010001110010000
111111111111111111111111010001011100010
111111111111111111111111010001000110100
111111111111111111111111010000110000110
111111111111111111111111010000011011000
111111111111111111111111010000000101010
111111111111111111111111001111101111100
111111111111111111111111001111011001110
111111111111111111111111001111000100000
111111111111111111111111001110101110010
111111111111111111111111001110011000100
111111111111111111111111001110000010110
111111111111111111111111001101101101000
111111111111111111111111001101010111010
111111111111111111111111001101000001100
111111111111111111111111001100101011110
111111111111111111111111001100010110000
111111111111111111111111001100000000010
111111111111111111111111001011101010100
111111111111111111111111001011010100110
111111111111111111111111001010111111000
111111111111111111111111001010101001010
111111111111111111111111001010010011100
111111111111111111111111001001111101110
111111111111111111111111001001101000000
111111111111111111111111001001010010010
111111111111111111111111001000111100100
111111111111111111111111001000100110110
111111111111111111111111001000010001000
111111111111111111111111000111111011010
111111111111111111111111000111100101100
111111111111111111111111000111001111110
111111111111111111111111000110111010000
111111111111111111111111000110100100010
111111111111111111111111000110001110100
111111111111111111111111000101111000110
111111111111111111111111000101100011000
111111111111111111111111000101001101010
111111111111111111111111000100110111100
111111111111111111111111000100100001110
111111111111111111111111000100001100000
111111111111111111111111000011110110010
111111111111111111111111000011100000100
111111111111111111111111000011001010110
111111111111111111111111000010110101000
111111111111111111111111000010011111010
111111111111111111111111000010001001100
111111111111111111111111000001110011110
111111111111111111111111000001011110000
111111111111111111111111000001001000010
111111111111111111111111000000110010100
111111111111111111111111000000011100110
111111111111111111111111000000000111000
111111111111111111111110111111110001010
111111111111111111111110111111011011100
111111111111111111111110111111000101110
111111111111111111111110111110110000000
111111111111111111111110111110011010010
111111111111111111111110111110000100100
111111111111111111111110111101101110110
111111111111111111111110111101011001000
111111111111111111111110111101000011010
111111111111111111111110111100101101100
111111111111111111111110111100010111110
111111111111111111111110111100000010000
111111111111111111111110111011101100010
111111111111111111111110111011010110100
111111111111111111111110111011000000110
111111111111111111111110111010101011000
111111111111111111111110111010010101010
111111111111111111111110111001111111100
111111111111111111111110111001101001110
111111111111111111111110111001010100000
111111111111111111111110111000111110010
111111111111111111111110111000101000100
111111111111111111111110111000010010110
111111111111111111111110110111111101000
111111111111111111111110110111100111010
111111111111111111111110110111010001100
111111111111111111111110110110111011110
111111111111111111111110110110100110000
111111111111111111111110110110010000010
111111111111111111111110110101111010100
111111111111111111111110110101100100110
111111111111111111111110110101001111000
111111111111111111111110110100111001010
111111111111111111111110110100100011100
111111111111111111111110110100001101110
111111111111111111111110110011111000000
111111111111111111111110110011100010010
111111111111111111111110110011001100100
111111111111111111111110110010110110110
111111111111111111111110110010100001000
111111111111111111111110110010001011010
111111111111111111111110110001110101100
111111111111111111111110110001011111110
111111111111111111111110110001001010000
111111111111111111111110110000110100010
111111111111111111111110110000011110100
111111111111111111111110110000001000110
111111111111111111111110101111110011000
111111111111111111111110101111011101010
111111111111111111111110101111000111100
111111111111111111111110101110110001110
111111111111111111111110101110011100000
111111111111111111111110101110000110010
111111111111111111111110101101110000100
111111111111111111111110101101011010110
111111111111111111111110101101000101000
111111111111111111111110101100101111010
111111111111111111111110101100011001100
111111111111111111111110101100000011110
111111111111111111111110101011101110000
111111111111111111111110101011011000010
111111111111111111111110101011000010100
111111111111111111111110101010101100110
111111111111111111111110101010010111000
111111111111111111111110101010000001010
111111111111111111111110101001101011100
111111111111111111111110101001010101110
