000000000000000000000000000000000000000
111111111111111111111111111111110100111
111111111111111111111111111111101001110
111111111111111111111111111111011110101
111111111111111111111111111111010011100
111111111111111111111111111111001000011
111111111111111111111111111110111101010
111111111111111111111111111110110010001
111111111111111111111111111110100111000
111111111111111111111111111110011011111
111111111111111111111111111110010000110
111111111111111111111111111110000101101
111111111111111111111111111101111010100
111111111111111111111111111101101111011
111111111111111111111111111101100100010
111111111111111111111111111101011001001
111111111111111111111111111101001110000
111111111111111111111111111101000010111
111111111111111111111111111100110111110
111111111111111111111111111100101100101
111111111111111111111111111100100001100
111111111111111111111111111100010110011
111111111111111111111111111100001011010
111111111111111111111111111100000000001
111111111111111111111111111011110101000
111111111111111111111111111011101001111
111111111111111111111111111011011110110
111111111111111111111111111011010011101
111111111111111111111111111011001000100
111111111111111111111111111010111101011
111111111111111111111111111010110010010
111111111111111111111111111010100111001
111111111111111111111111111010011100000
111111111111111111111111111010010000111
111111111111111111111111111010000101110
111111111111111111111111111001111010101
111111111111111111111111111001101111100
111111111111111111111111111001100100011
111111111111111111111111111001011001010
111111111111111111111111111001001110001
111111111111111111111111111001000011000
111111111111111111111111111000110111111
111111111111111111111111111000101100110
111111111111111111111111111000100001101
111111111111111111111111111000010110100
111111111111111111111111111000001011011
111111111111111111111111111000000000010
111111111111111111111111110111110101001
111111111111111111111111110111101010000
111111111111111111111111110111011110111
111111111111111111111111110111010011110
111111111111111111111111110111001000101
111111111111111111111111110110111101100
111111111111111111111111110110110010011
111111111111111111111111110110100111010
111111111111111111111111110110011100001
111111111111111111111111110110010001000
111111111111111111111111110110000101111
111111111111111111111111110101111010110
111111111111111111111111110101101111101
111111111111111111111111110101100100100
111111111111111111111111110101011001011
111111111111111111111111110101001110010
111111111111111111111111110101000011001
111111111111111111111111110100111000000
111111111111111111111111110100101100111
111111111111111111111111110100100001110
111111111111111111111111110100010110101
111111111111111111111111110100001011100
111111111111111111111111110100000000011
111111111111111111111111110011110101010
111111111111111111111111110011101010001
111111111111111111111111110011011111000
111111111111111111111111110011010011111
111111111111111111111111110011001000110
111111111111111111111111110010111101101
111111111111111111111111110010110010100
111111111111111111111111110010100111011
111111111111111111111111110010011100010
111111111111111111111111110010010001001
111111111111111111111111110010000110000
111111111111111111111111110001111010111
111111111111111111111111110001101111110
111111111111111111111111110001100100101
111111111111111111111111110001011001100
111111111111111111111111110001001110011
111111111111111111111111110001000011010
111111111111111111111111110000111000001
111111111111111111111111110000101101000
111111111111111111111111110000100001111
111111111111111111111111110000010110110
111111111111111111111111110000001011101
111111111111111111111111110000000000100
111111111111111111111111101111110101011
111111111111111111111111101111101010010
111111111111111111111111101111011111001
111111111111111111111111101111010100000
111111111111111111111111101111001000111
111111111111111111111111101110111101110
111111111111111111111111101110110010101
111111111111111111111111101110100111100
111111111111111111111111101110011100011
111111111111111111111111101110010001010
111111111111111111111111101110000110001
111111111111111111111111101101111011000
111111111111111111111111101101101111111
111111111111111111111111101101100100110
111111111111111111111111101101011001101
111111111111111111111111101101001110100
111111111111111111111111101101000011011
111111111111111111111111101100111000010
111111111111111111111111101100101101001
111111111111111111111111101100100010000
111111111111111111111111101100010110111
111111111111111111111111101100001011110
111111111111111111111111101100000000101
111111111111111111111111101011110101100
111111111111111111111111101011101010011
111111111111111111111111101011011111010
111111111111111111111111101011010100001
111111111111111111111111101011001001000
111111111111111111111111101010111101111
111111111111111111111111101010110010110
111111111111111111111111101010100111101
111111111111111111111111101010011100100
111111111111111111111111101010010001011
111111111111111111111111101010000110010
111111111111111111111111101001111011001
111111111111111111111111101001110000000
111111111111111111111111101001100100111
111111111111111111111111101001011001110
111111111111111111111111101001001110101
111111111111111111111111101001000011100
111111111111111111111111101000111000011
111111111111111111111111101000101101010
111111111111111111111111101000100010001
111111111111111111111111101000010111000
111111111111111111111111101000001011111
111111111111111111111111101000000000110
111111111111111111111111100111110101101
111111111111111111111111100111101010100
111111111111111111111111100111011111011
111111111111111111111111100111010100010
111111111111111111111111100111001001001
111111111111111111111111100110111110000
111111111111111111111111100110110010111
111111111111111111111111100110100111110
111111111111111111111111100110011100101
111111111111111111111111100110010001100
111111111111111111111111100110000110011
111111111111111111111111100101111011010
111111111111111111111111100101110000001
111111111111111111111111100101100101000
111111111111111111111111100101011001111
111111111111111111111111100101001110110
111111111111111111111111100101000011101
111111111111111111111111100100111000100
111111111111111111111111100100101101011
111111111111111111111111100100100010010
111111111111111111111111100100010111001
111111111111111111111111100100001100000
111111111111111111111111100100000000111
111111111111111111111111100011110101110
111111111111111111111111100011101010101
111111111111111111111111100011011111100
111111111111111111111111100011010100011
111111111111111111111111100011001001010
111111111111111111111111100010111110001
111111111111111111111111100010110011000
111111111111111111111111100010100111111
111111111111111111111111100010011100110
111111111111111111111111100010010001101
111111111111111111111111100010000110100
111111111111111111111111100001111011011
111111111111111111111111100001110000010
111111111111111111111111100001100101001
111111111111111111111111100001011010000
111111111111111111111111100001001110111
111111111111111111111111100001000011110
111111111111111111111111100000111000101
111111111111111111111111100000101101100
111111111111111111111111100000100010011
111111111111111111111111100000010111010
111111111111111111111111100000001100001
111111111111111111111111100000000001000
111111111111111111111111011111110101111
111111111111111111111111011111101010110
111111111111111111111111011111011111101
111111111111111111111111011111010100100
111111111111111111111111011111001001011
111111111111111111111111011110111110010
111111111111111111111111011110110011001
111111111111111111111111011110101000000
111111111111111111111111011110011100111
111111111111111111111111011110010001110
111111111111111111111111011110000110101
111111111111111111111111011101111011100
111111111111111111111111011101110000011
111111111111111111111111011101100101010
111111111111111111111111011101011010001
111111111111111111111111011101001111000
111111111111111111111111011101000011111
111111111111111111111111011100111000110
111111111111111111111111011100101101101
111111111111111111111111011100100010100
111111111111111111111111011100010111011
111111111111111111111111011100001100010
111111111111111111111111011100000001001
111111111111111111111111011011110110000
111111111111111111111111011011101010111
111111111111111111111111011011011111110
111111111111111111111111011011010100101
111111111111111111111111011011001001100
111111111111111111111111011010111110011
111111111111111111111111011010110011010
111111111111111111111111011010101000001
111111111111111111111111011010011101000
111111111111111111111111011010010001111
111111111111111111111111011010000110110
111111111111111111111111011001111011101
111111111111111111111111011001110000100
111111111111111111111111011001100101011
111111111111111111111111011001011010010
111111111111111111111111011001001111001
111111111111111111111111011001000100000
111111111111111111111111011000111000111
111111111111111111111111011000101101110
111111111111111111111111011000100010101
111111111111111111111111011000010111100
111111111111111111111111011000001100011
111111111111111111111111011000000001010
111111111111111111111111010111110110001
111111111111111111111111010111101011000
111111111111111111111111010111011111111
111111111111111111111111010111010100110
111111111111111111111111010111001001101
111111111111111111111111010110111110100
111111111111111111111111010110110011011
111111111111111111111111010110101000010
111111111111111111111111010110011101001
111111111111111111111111010110010010000
111111111111111111111111010110000110111
111111111111111111111111010101111011110
111111111111111111111111010101110000101
111111111111111111111111010101100101100
111111111111111111111111010101011010011
111111111111111111111111010101001111010
111111111111111111111111010101000100001
111111111111111111111111010100111001000
111111111111111111111111010100101101111
111111111111111111111111010100100010110
111111111111111111111111010100010111101
111111111111111111111111010100001100100
111111111111111111111111010100000001011
111111111111111111111111010011110110010
111111111111111111111111010011101011001
