000000000000000000000000000000000000000
000000000000000000000000000000000011110
000000000000000000000000000000000111100
000000000000000000000000000000001011010
000000000000000000000000000000001111000
000000000000000000000000000000010010110
000000000000000000000000000000010110100
000000000000000000000000000000011010010
000000000000000000000000000000011110000
000000000000000000000000000000100001110
000000000000000000000000000000100101100
000000000000000000000000000000101001010
000000000000000000000000000000101101000
000000000000000000000000000000110000110
000000000000000000000000000000110100100
000000000000000000000000000000111000010
000000000000000000000000000000111100000
000000000000000000000000000000111111110
000000000000000000000000000001000011100
000000000000000000000000000001000111010
000000000000000000000000000001001011000
000000000000000000000000000001001110110
000000000000000000000000000001010010100
000000000000000000000000000001010110010
000000000000000000000000000001011010000
000000000000000000000000000001011101110
000000000000000000000000000001100001100
000000000000000000000000000001100101010
000000000000000000000000000001101001000
000000000000000000000000000001101100110
000000000000000000000000000001110000100
000000000000000000000000000001110100010
000000000000000000000000000001111000000
000000000000000000000000000001111011110
000000000000000000000000000001111111100
000000000000000000000000000010000011010
000000000000000000000000000010000111000
000000000000000000000000000010001010110
000000000000000000000000000010001110100
000000000000000000000000000010010010010
000000000000000000000000000010010110000
000000000000000000000000000010011001110
000000000000000000000000000010011101100
000000000000000000000000000010100001010
000000000000000000000000000010100101000
000000000000000000000000000010101000110
000000000000000000000000000010101100100
000000000000000000000000000010110000010
000000000000000000000000000010110100000
000000000000000000000000000010110111110
000000000000000000000000000010111011100
000000000000000000000000000010111111010
000000000000000000000000000011000011000
000000000000000000000000000011000110110
000000000000000000000000000011001010100
000000000000000000000000000011001110010
000000000000000000000000000011010010000
000000000000000000000000000011010101110
000000000000000000000000000011011001100
000000000000000000000000000011011101010
000000000000000000000000000011100001000
000000000000000000000000000011100100110
000000000000000000000000000011101000100
000000000000000000000000000011101100010
000000000000000000000000000011110000000
000000000000000000000000000011110011110
000000000000000000000000000011110111100
000000000000000000000000000011111011010
000000000000000000000000000011111111000
000000000000000000000000000100000010110
000000000000000000000000000100000110100
000000000000000000000000000100001010010
000000000000000000000000000100001110000
000000000000000000000000000100010001110
000000000000000000000000000100010101100
000000000000000000000000000100011001010
000000000000000000000000000100011101000
000000000000000000000000000100100000110
000000000000000000000000000100100100100
000000000000000000000000000100101000010
000000000000000000000000000100101100000
000000000000000000000000000100101111110
000000000000000000000000000100110011100
000000000000000000000000000100110111010
000000000000000000000000000100111011000
000000000000000000000000000100111110110
000000000000000000000000000101000010100
000000000000000000000000000101000110010
000000000000000000000000000101001010000
000000000000000000000000000101001101110
000000000000000000000000000101010001100
000000000000000000000000000101010101010
000000000000000000000000000101011001000
000000000000000000000000000101011100110
000000000000000000000000000101100000100
000000000000000000000000000101100100010
000000000000000000000000000101101000000
000000000000000000000000000101101011110
000000000000000000000000000101101111100
000000000000000000000000000101110011010
000000000000000000000000000101110111000
000000000000000000000000000101111010110
000000000000000000000000000101111110100
000000000000000000000000000110000010010
000000000000000000000000000110000110000
000000000000000000000000000110001001110
000000000000000000000000000110001101100
000000000000000000000000000110010001010
000000000000000000000000000110010101000
000000000000000000000000000110011000110
000000000000000000000000000110011100100
000000000000000000000000000110100000010
000000000000000000000000000110100100000
000000000000000000000000000110100111110
000000000000000000000000000110101011100
000000000000000000000000000110101111010
000000000000000000000000000110110011000
000000000000000000000000000110110110110
000000000000000000000000000110111010100
000000000000000000000000000110111110010
000000000000000000000000000111000010000
000000000000000000000000000111000101110
000000000000000000000000000111001001100
000000000000000000000000000111001101010
000000000000000000000000000111010001000
000000000000000000000000000111010100110
000000000000000000000000000111011000100
000000000000000000000000000111011100010
000000000000000000000000000111100000000
000000000000000000000000000111100011110
000000000000000000000000000111100111100
000000000000000000000000000111101011010
000000000000000000000000000111101111000
000000000000000000000000000111110010110
000000000000000000000000000111110110100
000000000000000000000000000111111010010
000000000000000000000000000111111110000
000000000000000000000000001000000001110
000000000000000000000000001000000101100
000000000000000000000000001000001001010
000000000000000000000000001000001101000
000000000000000000000000001000010000110
000000000000000000000000001000010100100
000000000000000000000000001000011000010
000000000000000000000000001000011100000
000000000000000000000000001000011111110
000000000000000000000000001000100011100
000000000000000000000000001000100111010
000000000000000000000000001000101011000
000000000000000000000000001000101110110
000000000000000000000000001000110010100
000000000000000000000000001000110110010
000000000000000000000000001000111010000
000000000000000000000000001000111101110
000000000000000000000000001001000001100
000000000000000000000000001001000101010
000000000000000000000000001001001001000
000000000000000000000000001001001100110
000000000000000000000000001001010000100
000000000000000000000000001001010100010
000000000000000000000000001001011000000
000000000000000000000000001001011011110
000000000000000000000000001001011111100
000000000000000000000000001001100011010
000000000000000000000000001001100111000
000000000000000000000000001001101010110
000000000000000000000000001001101110100
000000000000000000000000001001110010010
000000000000000000000000001001110110000
000000000000000000000000001001111001110
000000000000000000000000001001111101100
000000000000000000000000001010000001010
000000000000000000000000001010000101000
000000000000000000000000001010001000110
000000000000000000000000001010001100100
000000000000000000000000001010010000010
000000000000000000000000001010010100000
000000000000000000000000001010010111110
000000000000000000000000001010011011100
000000000000000000000000001010011111010
000000000000000000000000001010100011000
000000000000000000000000001010100110110
000000000000000000000000001010101010100
000000000000000000000000001010101110010
000000000000000000000000001010110010000
000000000000000000000000001010110101110
000000000000000000000000001010111001100
000000000000000000000000001010111101010
000000000000000000000000001011000001000
000000000000000000000000001011000100110
000000000000000000000000001011001000100
000000000000000000000000001011001100010
000000000000000000000000001011010000000
000000000000000000000000001011010011110
000000000000000000000000001011010111100
000000000000000000000000001011011011010
000000000000000000000000001011011111000
000000000000000000000000001011100010110
000000000000000000000000001011100110100
000000000000000000000000001011101010010
000000000000000000000000001011101110000
000000000000000000000000001011110001110
000000000000000000000000001011110101100
000000000000000000000000001011111001010
000000000000000000000000001011111101000
000000000000000000000000001100000000110
000000000000000000000000001100000100100
000000000000000000000000001100001000010
000000000000000000000000001100001100000
000000000000000000000000001100001111110
000000000000000000000000001100010011100
000000000000000000000000001100010111010
000000000000000000000000001100011011000
000000000000000000000000001100011110110
000000000000000000000000001100100010100
000000000000000000000000001100100110010
000000000000000000000000001100101010000
000000000000000000000000001100101101110
000000000000000000000000001100110001100
000000000000000000000000001100110101010
000000000000000000000000001100111001000
000000000000000000000000001100111100110
000000000000000000000000001101000000100
000000000000000000000000001101000100010
000000000000000000000000001101001000000
000000000000000000000000001101001011110
000000000000000000000000001101001111100
000000000000000000000000001101010011010
000000000000000000000000001101010111000
000000000000000000000000001101011010110
000000000000000000000000001101011110100
000000000000000000000000001101100010010
000000000000000000000000001101100110000
000000000000000000000000001101101001110
000000000000000000000000001101101101100
000000000000000000000000001101110001010
000000000000000000000000001101110101000
000000000000000000000000001101111000110
000000000000000000000000001101111100100
000000000000000000000000001110000000010
000000000000000000000000001110000100000
000000000000000000000000001110000111110
000000000000000000000000001110001011100
000000000000000000000000001110001111010
000000000000000000000000001110010011000
000000000000000000000000001110010110110
000000000000000000000000001110011010100
000000000000000000000000001110011110010
000000000000000000000000001110100010000
000000000000000000000000001110100101110
000000000000000000000000001110101001100
000000000000000000000000001110101101010
000000000000000000000000001110110001000
000000000000000000000000001110110100110
000000000000000000000000001110111000100
000000000000000000000000001110111100010
