000000000000000000000000000000000000000
111111111111111111111111111111110101101
111111111111111111111111111111101011010
111111111111111111111111111111100000111
111111111111111111111111111111010110100
111111111111111111111111111111001100001
111111111111111111111111111111000001110
111111111111111111111111111110110111011
111111111111111111111111111110101101000
111111111111111111111111111110100010101
111111111111111111111111111110011000010
111111111111111111111111111110001101111
111111111111111111111111111110000011100
111111111111111111111111111101111001001
111111111111111111111111111101101110110
111111111111111111111111111101100100011
111111111111111111111111111101011010000
111111111111111111111111111101001111101
111111111111111111111111111101000101010
111111111111111111111111111100111010111
111111111111111111111111111100110000100
111111111111111111111111111100100110001
111111111111111111111111111100011011110
111111111111111111111111111100010001011
111111111111111111111111111100000111000
111111111111111111111111111011111100101
111111111111111111111111111011110010010
111111111111111111111111111011100111111
111111111111111111111111111011011101100
111111111111111111111111111011010011001
111111111111111111111111111011001000110
111111111111111111111111111010111110011
111111111111111111111111111010110100000
111111111111111111111111111010101001101
111111111111111111111111111010011111010
111111111111111111111111111010010100111
111111111111111111111111111010001010100
111111111111111111111111111010000000001
111111111111111111111111111001110101110
111111111111111111111111111001101011011
111111111111111111111111111001100001000
111111111111111111111111111001010110101
111111111111111111111111111001001100010
111111111111111111111111111001000001111
111111111111111111111111111000110111100
111111111111111111111111111000101101001
111111111111111111111111111000100010110
111111111111111111111111111000011000011
111111111111111111111111111000001110000
111111111111111111111111111000000011101
111111111111111111111111110111111001010
111111111111111111111111110111101110111
111111111111111111111111110111100100100
111111111111111111111111110111011010001
111111111111111111111111110111001111110
111111111111111111111111110111000101011
111111111111111111111111110110111011000
111111111111111111111111110110110000101
111111111111111111111111110110100110010
111111111111111111111111110110011011111
111111111111111111111111110110010001100
111111111111111111111111110110000111001
111111111111111111111111110101111100110
111111111111111111111111110101110010011
111111111111111111111111110101101000000
111111111111111111111111110101011101101
111111111111111111111111110101010011010
111111111111111111111111110101001000111
111111111111111111111111110100111110100
111111111111111111111111110100110100001
111111111111111111111111110100101001110
111111111111111111111111110100011111011
111111111111111111111111110100010101000
111111111111111111111111110100001010101
111111111111111111111111110100000000010
111111111111111111111111110011110101111
111111111111111111111111110011101011100
111111111111111111111111110011100001001
111111111111111111111111110011010110110
111111111111111111111111110011001100011
111111111111111111111111110011000010000
111111111111111111111111110010110111101
111111111111111111111111110010101101010
111111111111111111111111110010100010111
111111111111111111111111110010011000100
111111111111111111111111110010001110001
111111111111111111111111110010000011110
111111111111111111111111110001111001011
111111111111111111111111110001101111000
111111111111111111111111110001100100101
111111111111111111111111110001011010010
111111111111111111111111110001001111111
111111111111111111111111110001000101100
111111111111111111111111110000111011001
111111111111111111111111110000110000110
111111111111111111111111110000100110011
111111111111111111111111110000011100000
111111111111111111111111110000010001101
111111111111111111111111110000000111010
111111111111111111111111101111111100111
111111111111111111111111101111110010100
111111111111111111111111101111101000001
111111111111111111111111101111011101110
111111111111111111111111101111010011011
111111111111111111111111101111001001000
111111111111111111111111101110111110101
111111111111111111111111101110110100010
111111111111111111111111101110101001111
111111111111111111111111101110011111100
111111111111111111111111101110010101001
111111111111111111111111101110001010110
111111111111111111111111101110000000011
111111111111111111111111101101110110000
111111111111111111111111101101101011101
111111111111111111111111101101100001010
111111111111111111111111101101010110111
111111111111111111111111101101001100100
111111111111111111111111101101000010001
111111111111111111111111101100110111110
111111111111111111111111101100101101011
111111111111111111111111101100100011000
111111111111111111111111101100011000101
111111111111111111111111101100001110010
111111111111111111111111101100000011111
111111111111111111111111101011111001100
111111111111111111111111101011101111001
111111111111111111111111101011100100110
111111111111111111111111101011011010011
111111111111111111111111101011010000000
111111111111111111111111101011000101101
111111111111111111111111101010111011010
111111111111111111111111101010110000111
111111111111111111111111101010100110100
111111111111111111111111101010011100001
111111111111111111111111101010010001110
111111111111111111111111101010000111011
111111111111111111111111101001111101000
111111111111111111111111101001110010101
111111111111111111111111101001101000010
111111111111111111111111101001011101111
111111111111111111111111101001010011100
111111111111111111111111101001001001001
111111111111111111111111101000111110110
111111111111111111111111101000110100011
111111111111111111111111101000101010000
111111111111111111111111101000011111101
111111111111111111111111101000010101010
111111111111111111111111101000001010111
111111111111111111111111101000000000100
111111111111111111111111100111110110001
111111111111111111111111100111101011110
111111111111111111111111100111100001011
111111111111111111111111100111010111000
111111111111111111111111100111001100101
111111111111111111111111100111000010010
111111111111111111111111100110110111111
111111111111111111111111100110101101100
111111111111111111111111100110100011001
111111111111111111111111100110011000110
111111111111111111111111100110001110011
111111111111111111111111100110000100000
111111111111111111111111100101111001101
111111111111111111111111100101101111010
111111111111111111111111100101100100111
111111111111111111111111100101011010100
111111111111111111111111100101010000001
111111111111111111111111100101000101110
111111111111111111111111100100111011011
111111111111111111111111100100110001000
111111111111111111111111100100100110101
111111111111111111111111100100011100010
111111111111111111111111100100010001111
111111111111111111111111100100000111100
111111111111111111111111100011111101001
111111111111111111111111100011110010110
111111111111111111111111100011101000011
111111111111111111111111100011011110000
111111111111111111111111100011010011101
111111111111111111111111100011001001010
111111111111111111111111100010111110111
111111111111111111111111100010110100100
111111111111111111111111100010101010001
111111111111111111111111100010011111110
111111111111111111111111100010010101011
111111111111111111111111100010001011000
111111111111111111111111100010000000101
111111111111111111111111100001110110010
111111111111111111111111100001101011111
111111111111111111111111100001100001100
111111111111111111111111100001010111001
111111111111111111111111100001001100110
111111111111111111111111100001000010011
111111111111111111111111100000111000000
111111111111111111111111100000101101101
111111111111111111111111100000100011010
111111111111111111111111100000011000111
111111111111111111111111100000001110100
111111111111111111111111100000000100001
111111111111111111111111011111111001110
111111111111111111111111011111101111011
111111111111111111111111011111100101000
111111111111111111111111011111011010101
111111111111111111111111011111010000010
111111111111111111111111011111000101111
111111111111111111111111011110111011100
111111111111111111111111011110110001001
111111111111111111111111011110100110110
111111111111111111111111011110011100011
111111111111111111111111011110010010000
111111111111111111111111011110000111101
111111111111111111111111011101111101010
111111111111111111111111011101110010111
111111111111111111111111011101101000100
111111111111111111111111011101011110001
111111111111111111111111011101010011110
111111111111111111111111011101001001011
111111111111111111111111011100111111000
111111111111111111111111011100110100101
111111111111111111111111011100101010010
111111111111111111111111011100011111111
111111111111111111111111011100010101100
111111111111111111111111011100001011001
111111111111111111111111011100000000110
111111111111111111111111011011110110011
111111111111111111111111011011101100000
111111111111111111111111011011100001101
111111111111111111111111011011010111010
111111111111111111111111011011001100111
111111111111111111111111011011000010100
111111111111111111111111011010111000001
111111111111111111111111011010101101110
111111111111111111111111011010100011011
111111111111111111111111011010011001000
111111111111111111111111011010001110101
111111111111111111111111011010000100010
111111111111111111111111011001111001111
111111111111111111111111011001101111100
111111111111111111111111011001100101001
111111111111111111111111011001011010110
111111111111111111111111011001010000011
111111111111111111111111011001000110000
111111111111111111111111011000111011101
111111111111111111111111011000110001010
111111111111111111111111011000100110111
111111111111111111111111011000011100100
111111111111111111111111011000010010001
111111111111111111111111011000000111110
111111111111111111111111010111111101011
111111111111111111111111010111110011000
111111111111111111111111010111101000101
111111111111111111111111010111011110010
111111111111111111111111010111010011111
111111111111111111111111010111001001100
111111111111111111111111010110111111001
111111111111111111111111010110110100110
111111111111111111111111010110101010011
