000000000000000000000000000000000000000
111111111111111111111111111111101100101
111111111111111111111111111111011001010
111111111111111111111111111111000101111
111111111111111111111111111110110010100
111111111111111111111111111110011111001
111111111111111111111111111110001011110
111111111111111111111111111101111000011
111111111111111111111111111101100101000
111111111111111111111111111101010001101
111111111111111111111111111100111110010
111111111111111111111111111100101010111
111111111111111111111111111100010111100
111111111111111111111111111100000100001
111111111111111111111111111011110000110
111111111111111111111111111011011101011
111111111111111111111111111011001010000
111111111111111111111111111010110110101
111111111111111111111111111010100011010
111111111111111111111111111010001111111
111111111111111111111111111001111100100
111111111111111111111111111001101001001
111111111111111111111111111001010101110
111111111111111111111111111001000010011
111111111111111111111111111000101111000
111111111111111111111111111000011011101
111111111111111111111111111000001000010
111111111111111111111111110111110100111
111111111111111111111111110111100001100
111111111111111111111111110111001110001
111111111111111111111111110110111010110
111111111111111111111111110110100111011
111111111111111111111111110110010100000
111111111111111111111111110110000000101
111111111111111111111111110101101101010
111111111111111111111111110101011001111
111111111111111111111111110101000110100
111111111111111111111111110100110011001
111111111111111111111111110100011111110
111111111111111111111111110100001100011
111111111111111111111111110011111001000
111111111111111111111111110011100101101
111111111111111111111111110011010010010
111111111111111111111111110010111110111
111111111111111111111111110010101011100
111111111111111111111111110010011000001
111111111111111111111111110010000100110
111111111111111111111111110001110001011
111111111111111111111111110001011110000
111111111111111111111111110001001010101
111111111111111111111111110000110111010
111111111111111111111111110000100011111
111111111111111111111111110000010000100
111111111111111111111111101111111101001
111111111111111111111111101111101001110
111111111111111111111111101111010110011
111111111111111111111111101111000011000
111111111111111111111111101110101111101
111111111111111111111111101110011100010
111111111111111111111111101110001000111
111111111111111111111111101101110101100
111111111111111111111111101101100010001
111111111111111111111111101101001110110
111111111111111111111111101100111011011
111111111111111111111111101100101000000
111111111111111111111111101100010100101
111111111111111111111111101100000001010
111111111111111111111111101011101101111
111111111111111111111111101011011010100
111111111111111111111111101011000111001
111111111111111111111111101010110011110
111111111111111111111111101010100000011
111111111111111111111111101010001101000
111111111111111111111111101001111001101
111111111111111111111111101001100110010
111111111111111111111111101001010010111
111111111111111111111111101000111111100
111111111111111111111111101000101100001
111111111111111111111111101000011000110
111111111111111111111111101000000101011
111111111111111111111111100111110010000
111111111111111111111111100111011110101
111111111111111111111111100111001011010
111111111111111111111111100110110111111
111111111111111111111111100110100100100
111111111111111111111111100110010001001
111111111111111111111111100101111101110
111111111111111111111111100101101010011
111111111111111111111111100101010111000
111111111111111111111111100101000011101
111111111111111111111111100100110000010
111111111111111111111111100100011100111
111111111111111111111111100100001001100
111111111111111111111111100011110110001
111111111111111111111111100011100010110
111111111111111111111111100011001111011
111111111111111111111111100010111100000
111111111111111111111111100010101000101
111111111111111111111111100010010101010
111111111111111111111111100010000001111
111111111111111111111111100001101110100
111111111111111111111111100001011011001
111111111111111111111111100001000111110
111111111111111111111111100000110100011
111111111111111111111111100000100001000
111111111111111111111111100000001101101
111111111111111111111111011111111010010
111111111111111111111111011111100110111
111111111111111111111111011111010011100
111111111111111111111111011111000000001
111111111111111111111111011110101100110
111111111111111111111111011110011001011
111111111111111111111111011110000110000
111111111111111111111111011101110010101
111111111111111111111111011101011111010
111111111111111111111111011101001011111
111111111111111111111111011100111000100
111111111111111111111111011100100101001
111111111111111111111111011100010001110
111111111111111111111111011011111110011
111111111111111111111111011011101011000
111111111111111111111111011011010111101
111111111111111111111111011011000100010
111111111111111111111111011010110000111
111111111111111111111111011010011101100
111111111111111111111111011010001010001
111111111111111111111111011001110110110
111111111111111111111111011001100011011
111111111111111111111111011001010000000
111111111111111111111111011000111100101
111111111111111111111111011000101001010
111111111111111111111111011000010101111
111111111111111111111111011000000010100
111111111111111111111111010111101111001
111111111111111111111111010111011011110
111111111111111111111111010111001000011
111111111111111111111111010110110101000
111111111111111111111111010110100001101
111111111111111111111111010110001110010
111111111111111111111111010101111010111
111111111111111111111111010101100111100
111111111111111111111111010101010100001
111111111111111111111111010101000000110
111111111111111111111111010100101101011
111111111111111111111111010100011010000
111111111111111111111111010100000110101
111111111111111111111111010011110011010
111111111111111111111111010011011111111
111111111111111111111111010011001100100
111111111111111111111111010010111001001
111111111111111111111111010010100101110
111111111111111111111111010010010010011
111111111111111111111111010001111111000
111111111111111111111111010001101011101
111111111111111111111111010001011000010
111111111111111111111111010001000100111
111111111111111111111111010000110001100
111111111111111111111111010000011110001
111111111111111111111111010000001010110
111111111111111111111111001111110111011
111111111111111111111111001111100100000
111111111111111111111111001111010000101
111111111111111111111111001110111101010
111111111111111111111111001110101001111
111111111111111111111111001110010110100
111111111111111111111111001110000011001
111111111111111111111111001101101111110
111111111111111111111111001101011100011
111111111111111111111111001101001001000
111111111111111111111111001100110101101
111111111111111111111111001100100010010
111111111111111111111111001100001110111
111111111111111111111111001011111011100
111111111111111111111111001011101000001
111111111111111111111111001011010100110
111111111111111111111111001011000001011
111111111111111111111111001010101110000
111111111111111111111111001010011010101
111111111111111111111111001010000111010
111111111111111111111111001001110011111
111111111111111111111111001001100000100
111111111111111111111111001001001101001
111111111111111111111111001000111001110
111111111111111111111111001000100110011
111111111111111111111111001000010011000
111111111111111111111111000111111111101
111111111111111111111111000111101100010
111111111111111111111111000111011000111
111111111111111111111111000111000101100
111111111111111111111111000110110010001
111111111111111111111111000110011110110
111111111111111111111111000110001011011
111111111111111111111111000101111000000
111111111111111111111111000101100100101
111111111111111111111111000101010001010
111111111111111111111111000100111101111
111111111111111111111111000100101010100
111111111111111111111111000100010111001
111111111111111111111111000100000011110
111111111111111111111111000011110000011
111111111111111111111111000011011101000
111111111111111111111111000011001001101
111111111111111111111111000010110110010
111111111111111111111111000010100010111
111111111111111111111111000010001111100
111111111111111111111111000001111100001
111111111111111111111111000001101000110
111111111111111111111111000001010101011
111111111111111111111111000001000010000
111111111111111111111111000000101110101
111111111111111111111111000000011011010
111111111111111111111111000000000111111
111111111111111111111110111111110100100
111111111111111111111110111111100001001
111111111111111111111110111111001101110
111111111111111111111110111110111010011
111111111111111111111110111110100111000
111111111111111111111110111110010011101
111111111111111111111110111110000000010
111111111111111111111110111101101100111
111111111111111111111110111101011001100
111111111111111111111110111101000110001
111111111111111111111110111100110010110
111111111111111111111110111100011111011
111111111111111111111110111100001100000
111111111111111111111110111011111000101
111111111111111111111110111011100101010
111111111111111111111110111011010001111
111111111111111111111110111010111110100
111111111111111111111110111010101011001
111111111111111111111110111010010111110
111111111111111111111110111010000100011
111111111111111111111110111001110001000
111111111111111111111110111001011101101
111111111111111111111110111001001010010
111111111111111111111110111000110110111
111111111111111111111110111000100011100
111111111111111111111110111000010000001
111111111111111111111110110111111100110
111111111111111111111110110111101001011
111111111111111111111110110111010110000
111111111111111111111110110111000010101
111111111111111111111110110110101111010
111111111111111111111110110110011011111
111111111111111111111110110110001000100
111111111111111111111110110101110101001
111111111111111111111110110101100001110
111111111111111111111110110101001110011
111111111111111111111110110100111011000
111111111111111111111110110100100111101
111111111111111111111110110100010100010
111111111111111111111110110100000000111
111111111111111111111110110011101101100
111111111111111111111110110011011010001
111111111111111111111110110011000110110
111111111111111111111110110010110011011
