000000000000000000000000000000000000000
111111111111111111111111111111111101101
111111111111111111111111111111111011010
111111111111111111111111111111111000111
111111111111111111111111111111110110100
111111111111111111111111111111110100001
111111111111111111111111111111110001110
111111111111111111111111111111101111011
111111111111111111111111111111101101000
111111111111111111111111111111101010101
111111111111111111111111111111101000010
111111111111111111111111111111100101111
111111111111111111111111111111100011100
111111111111111111111111111111100001001
111111111111111111111111111111011110110
111111111111111111111111111111011100011
111111111111111111111111111111011010000
111111111111111111111111111111010111101
111111111111111111111111111111010101010
111111111111111111111111111111010010111
111111111111111111111111111111010000100
111111111111111111111111111111001110001
111111111111111111111111111111001011110
111111111111111111111111111111001001011
111111111111111111111111111111000111000
111111111111111111111111111111000100101
111111111111111111111111111111000010010
111111111111111111111111111110111111111
111111111111111111111111111110111101100
111111111111111111111111111110111011001
111111111111111111111111111110111000110
111111111111111111111111111110110110011
111111111111111111111111111110110100000
111111111111111111111111111110110001101
111111111111111111111111111110101111010
111111111111111111111111111110101100111
111111111111111111111111111110101010100
111111111111111111111111111110101000001
111111111111111111111111111110100101110
111111111111111111111111111110100011011
111111111111111111111111111110100001000
111111111111111111111111111110011110101
111111111111111111111111111110011100010
111111111111111111111111111110011001111
111111111111111111111111111110010111100
111111111111111111111111111110010101001
111111111111111111111111111110010010110
111111111111111111111111111110010000011
111111111111111111111111111110001110000
111111111111111111111111111110001011101
111111111111111111111111111110001001010
111111111111111111111111111110000110111
111111111111111111111111111110000100100
111111111111111111111111111110000010001
111111111111111111111111111101111111110
111111111111111111111111111101111101011
111111111111111111111111111101111011000
111111111111111111111111111101111000101
111111111111111111111111111101110110010
111111111111111111111111111101110011111
111111111111111111111111111101110001100
111111111111111111111111111101101111001
111111111111111111111111111101101100110
111111111111111111111111111101101010011
111111111111111111111111111101101000000
111111111111111111111111111101100101101
111111111111111111111111111101100011010
111111111111111111111111111101100000111
111111111111111111111111111101011110100
111111111111111111111111111101011100001
111111111111111111111111111101011001110
111111111111111111111111111101010111011
111111111111111111111111111101010101000
111111111111111111111111111101010010101
111111111111111111111111111101010000010
111111111111111111111111111101001101111
111111111111111111111111111101001011100
111111111111111111111111111101001001001
111111111111111111111111111101000110110
111111111111111111111111111101000100011
111111111111111111111111111101000010000
111111111111111111111111111100111111101
111111111111111111111111111100111101010
111111111111111111111111111100111010111
111111111111111111111111111100111000100
111111111111111111111111111100110110001
111111111111111111111111111100110011110
111111111111111111111111111100110001011
111111111111111111111111111100101111000
111111111111111111111111111100101100101
111111111111111111111111111100101010010
111111111111111111111111111100100111111
111111111111111111111111111100100101100
111111111111111111111111111100100011001
111111111111111111111111111100100000110
111111111111111111111111111100011110011
111111111111111111111111111100011100000
111111111111111111111111111100011001101
111111111111111111111111111100010111010
111111111111111111111111111100010100111
111111111111111111111111111100010010100
111111111111111111111111111100010000001
111111111111111111111111111100001101110
111111111111111111111111111100001011011
111111111111111111111111111100001001000
111111111111111111111111111100000110101
111111111111111111111111111100000100010
111111111111111111111111111100000001111
111111111111111111111111111011111111100
111111111111111111111111111011111101001
111111111111111111111111111011111010110
111111111111111111111111111011111000011
111111111111111111111111111011110110000
111111111111111111111111111011110011101
111111111111111111111111111011110001010
111111111111111111111111111011101110111
111111111111111111111111111011101100100
111111111111111111111111111011101010001
111111111111111111111111111011100111110
111111111111111111111111111011100101011
111111111111111111111111111011100011000
111111111111111111111111111011100000101
111111111111111111111111111011011110010
111111111111111111111111111011011011111
111111111111111111111111111011011001100
111111111111111111111111111011010111001
111111111111111111111111111011010100110
111111111111111111111111111011010010011
111111111111111111111111111011010000000
111111111111111111111111111011001101101
111111111111111111111111111011001011010
111111111111111111111111111011001000111
111111111111111111111111111011000110100
111111111111111111111111111011000100001
111111111111111111111111111011000001110
111111111111111111111111111010111111011
111111111111111111111111111010111101000
111111111111111111111111111010111010101
111111111111111111111111111010111000010
111111111111111111111111111010110101111
111111111111111111111111111010110011100
111111111111111111111111111010110001001
111111111111111111111111111010101110110
111111111111111111111111111010101100011
111111111111111111111111111010101010000
111111111111111111111111111010100111101
111111111111111111111111111010100101010
111111111111111111111111111010100010111
111111111111111111111111111010100000100
111111111111111111111111111010011110001
111111111111111111111111111010011011110
111111111111111111111111111010011001011
111111111111111111111111111010010111000
111111111111111111111111111010010100101
111111111111111111111111111010010010010
111111111111111111111111111010001111111
111111111111111111111111111010001101100
111111111111111111111111111010001011001
111111111111111111111111111010001000110
111111111111111111111111111010000110011
111111111111111111111111111010000100000
111111111111111111111111111010000001101
111111111111111111111111111001111111010
111111111111111111111111111001111100111
111111111111111111111111111001111010100
111111111111111111111111111001111000001
111111111111111111111111111001110101110
111111111111111111111111111001110011011
111111111111111111111111111001110001000
111111111111111111111111111001101110101
111111111111111111111111111001101100010
111111111111111111111111111001101001111
111111111111111111111111111001100111100
111111111111111111111111111001100101001
111111111111111111111111111001100010110
111111111111111111111111111001100000011
111111111111111111111111111001011110000
111111111111111111111111111001011011101
111111111111111111111111111001011001010
111111111111111111111111111001010110111
111111111111111111111111111001010100100
111111111111111111111111111001010010001
111111111111111111111111111001001111110
111111111111111111111111111001001101011
111111111111111111111111111001001011000
111111111111111111111111111001001000101
111111111111111111111111111001000110010
111111111111111111111111111001000011111
111111111111111111111111111001000001100
111111111111111111111111111000111111001
111111111111111111111111111000111100110
111111111111111111111111111000111010011
111111111111111111111111111000111000000
111111111111111111111111111000110101101
111111111111111111111111111000110011010
111111111111111111111111111000110000111
111111111111111111111111111000101110100
111111111111111111111111111000101100001
111111111111111111111111111000101001110
111111111111111111111111111000100111011
111111111111111111111111111000100101000
111111111111111111111111111000100010101
111111111111111111111111111000100000010
111111111111111111111111111000011101111
111111111111111111111111111000011011100
111111111111111111111111111000011001001
111111111111111111111111111000010110110
111111111111111111111111111000010100011
111111111111111111111111111000010010000
111111111111111111111111111000001111101
111111111111111111111111111000001101010
111111111111111111111111111000001010111
111111111111111111111111111000001000100
111111111111111111111111111000000110001
111111111111111111111111111000000011110
111111111111111111111111111000000001011
111111111111111111111111110111111111000
111111111111111111111111110111111100101
111111111111111111111111110111111010010
111111111111111111111111110111110111111
111111111111111111111111110111110101100
111111111111111111111111110111110011001
111111111111111111111111110111110000110
111111111111111111111111110111101110011
111111111111111111111111110111101100000
111111111111111111111111110111101001101
111111111111111111111111110111100111010
111111111111111111111111110111100100111
111111111111111111111111110111100010100
111111111111111111111111110111100000001
111111111111111111111111110111011101110
111111111111111111111111110111011011011
111111111111111111111111110111011001000
111111111111111111111111110111010110101
111111111111111111111111110111010100010
111111111111111111111111110111010001111
111111111111111111111111110111001111100
111111111111111111111111110111001101001
111111111111111111111111110111001010110
111111111111111111111111110111001000011
111111111111111111111111110111000110000
111111111111111111111111110111000011101
111111111111111111111111110111000001010
111111111111111111111111110110111110111
111111111111111111111111110110111100100
111111111111111111111111110110111010001
111111111111111111111111110110110111110
111111111111111111111111110110110101011
111111111111111111111111110110110011000
111111111111111111111111110110110000101
111111111111111111111111110110101110010
111111111111111111111111110110101011111
111111111111111111111111110110101001100
111111111111111111111111110110100111001
111111111111111111111111110110100100110
111111111111111111111111110110100010011
