000000000000000000000000000000000000000
000000000000000000000000000000011011000
000000000000000000000000000000110110000
000000000000000000000000000001010001000
000000000000000000000000000001101100000
000000000000000000000000000010000111000
000000000000000000000000000010100010000
000000000000000000000000000010111101000
000000000000000000000000000011011000000
000000000000000000000000000011110011000
000000000000000000000000000100001110000
000000000000000000000000000100101001000
000000000000000000000000000101000100000
000000000000000000000000000101011111000
000000000000000000000000000101111010000
000000000000000000000000000110010101000
000000000000000000000000000110110000000
000000000000000000000000000111001011000
000000000000000000000000000111100110000
000000000000000000000000001000000001000
000000000000000000000000001000011100000
000000000000000000000000001000110111000
000000000000000000000000001001010010000
000000000000000000000000001001101101000
000000000000000000000000001010001000000
000000000000000000000000001010100011000
000000000000000000000000001010111110000
000000000000000000000000001011011001000
000000000000000000000000001011110100000
000000000000000000000000001100001111000
000000000000000000000000001100101010000
000000000000000000000000001101000101000
000000000000000000000000001101100000000
000000000000000000000000001101111011000
000000000000000000000000001110010110000
000000000000000000000000001110110001000
000000000000000000000000001111001100000
000000000000000000000000001111100111000
000000000000000000000000010000000010000
000000000000000000000000010000011101000
000000000000000000000000010000111000000
000000000000000000000000010001010011000
000000000000000000000000010001101110000
000000000000000000000000010010001001000
000000000000000000000000010010100100000
000000000000000000000000010010111111000
000000000000000000000000010011011010000
000000000000000000000000010011110101000
000000000000000000000000010100010000000
000000000000000000000000010100101011000
000000000000000000000000010101000110000
000000000000000000000000010101100001000
000000000000000000000000010101111100000
000000000000000000000000010110010111000
000000000000000000000000010110110010000
000000000000000000000000010111001101000
000000000000000000000000010111101000000
000000000000000000000000011000000011000
000000000000000000000000011000011110000
000000000000000000000000011000111001000
000000000000000000000000011001010100000
000000000000000000000000011001101111000
000000000000000000000000011010001010000
000000000000000000000000011010100101000
000000000000000000000000011011000000000
000000000000000000000000011011011011000
000000000000000000000000011011110110000
000000000000000000000000011100010001000
000000000000000000000000011100101100000
000000000000000000000000011101000111000
000000000000000000000000011101100010000
000000000000000000000000011101111101000
000000000000000000000000011110011000000
000000000000000000000000011110110011000
000000000000000000000000011111001110000
000000000000000000000000011111101001000
000000000000000000000000100000000100000
000000000000000000000000100000011111000
000000000000000000000000100000111010000
000000000000000000000000100001010101000
000000000000000000000000100001110000000
000000000000000000000000100010001011000
000000000000000000000000100010100110000
000000000000000000000000100011000001000
000000000000000000000000100011011100000
000000000000000000000000100011110111000
000000000000000000000000100100010010000
000000000000000000000000100100101101000
000000000000000000000000100101001000000
000000000000000000000000100101100011000
000000000000000000000000100101111110000
000000000000000000000000100110011001000
000000000000000000000000100110110100000
000000000000000000000000100111001111000
000000000000000000000000100111101010000
000000000000000000000000101000000101000
000000000000000000000000101000100000000
000000000000000000000000101000111011000
000000000000000000000000101001010110000
000000000000000000000000101001110001000
000000000000000000000000101010001100000
000000000000000000000000101010100111000
000000000000000000000000101011000010000
000000000000000000000000101011011101000
000000000000000000000000101011111000000
000000000000000000000000101100010011000
000000000000000000000000101100101110000
000000000000000000000000101101001001000
000000000000000000000000101101100100000
000000000000000000000000101101111111000
000000000000000000000000101110011010000
000000000000000000000000101110110101000
000000000000000000000000101111010000000
000000000000000000000000101111101011000
000000000000000000000000110000000110000
000000000000000000000000110000100001000
000000000000000000000000110000111100000
000000000000000000000000110001010111000
000000000000000000000000110001110010000
000000000000000000000000110010001101000
000000000000000000000000110010101000000
000000000000000000000000110011000011000
000000000000000000000000110011011110000
000000000000000000000000110011111001000
000000000000000000000000110100010100000
000000000000000000000000110100101111000
000000000000000000000000110101001010000
000000000000000000000000110101100101000
000000000000000000000000110110000000000
000000000000000000000000110110011011000
000000000000000000000000110110110110000
000000000000000000000000110111010001000
000000000000000000000000110111101100000
000000000000000000000000111000000111000
000000000000000000000000111000100010000
000000000000000000000000111000111101000
000000000000000000000000111001011000000
000000000000000000000000111001110011000
000000000000000000000000111010001110000
000000000000000000000000111010101001000
000000000000000000000000111011000100000
000000000000000000000000111011011111000
000000000000000000000000111011111010000
000000000000000000000000111100010101000
000000000000000000000000111100110000000
000000000000000000000000111101001011000
000000000000000000000000111101100110000
000000000000000000000000111110000001000
000000000000000000000000111110011100000
000000000000000000000000111110110111000
000000000000000000000000111111010010000
000000000000000000000000111111101101000
000000000000000000000001000000001000000
000000000000000000000001000000100011000
000000000000000000000001000000111110000
000000000000000000000001000001011001000
000000000000000000000001000001110100000
000000000000000000000001000010001111000
000000000000000000000001000010101010000
000000000000000000000001000011000101000
000000000000000000000001000011100000000
000000000000000000000001000011111011000
000000000000000000000001000100010110000
000000000000000000000001000100110001000
000000000000000000000001000101001100000
000000000000000000000001000101100111000
000000000000000000000001000110000010000
000000000000000000000001000110011101000
000000000000000000000001000110111000000
000000000000000000000001000111010011000
000000000000000000000001000111101110000
000000000000000000000001001000001001000
000000000000000000000001001000100100000
000000000000000000000001001000111111000
000000000000000000000001001001011010000
000000000000000000000001001001110101000
000000000000000000000001001010010000000
000000000000000000000001001010101011000
000000000000000000000001001011000110000
000000000000000000000001001011100001000
000000000000000000000001001011111100000
000000000000000000000001001100010111000
000000000000000000000001001100110010000
000000000000000000000001001101001101000
000000000000000000000001001101101000000
000000000000000000000001001110000011000
000000000000000000000001001110011110000
000000000000000000000001001110111001000
000000000000000000000001001111010100000
000000000000000000000001001111101111000
000000000000000000000001010000001010000
000000000000000000000001010000100101000
000000000000000000000001010001000000000
000000000000000000000001010001011011000
000000000000000000000001010001110110000
000000000000000000000001010010010001000
000000000000000000000001010010101100000
000000000000000000000001010011000111000
000000000000000000000001010011100010000
000000000000000000000001010011111101000
000000000000000000000001010100011000000
000000000000000000000001010100110011000
000000000000000000000001010101001110000
000000000000000000000001010101101001000
000000000000000000000001010110000100000
000000000000000000000001010110011111000
000000000000000000000001010110111010000
000000000000000000000001010111010101000
000000000000000000000001010111110000000
000000000000000000000001011000001011000
000000000000000000000001011000100110000
000000000000000000000001011001000001000
000000000000000000000001011001011100000
000000000000000000000001011001110111000
000000000000000000000001011010010010000
000000000000000000000001011010101101000
000000000000000000000001011011001000000
000000000000000000000001011011100011000
000000000000000000000001011011111110000
000000000000000000000001011100011001000
000000000000000000000001011100110100000
000000000000000000000001011101001111000
000000000000000000000001011101101010000
000000000000000000000001011110000101000
000000000000000000000001011110100000000
000000000000000000000001011110111011000
000000000000000000000001011111010110000
000000000000000000000001011111110001000
000000000000000000000001100000001100000
000000000000000000000001100000100111000
000000000000000000000001100001000010000
000000000000000000000001100001011101000
000000000000000000000001100001111000000
000000000000000000000001100010010011000
000000000000000000000001100010101110000
000000000000000000000001100011001001000
000000000000000000000001100011100100000
000000000000000000000001100011111111000
000000000000000000000001100100011010000
000000000000000000000001100100110101000
000000000000000000000001100101010000000
000000000000000000000001100101101011000
000000000000000000000001100110000110000
000000000000000000000001100110100001000
000000000000000000000001100110111100000
000000000000000000000001100111010111000
000000000000000000000001100111110010000
000000000000000000000001101000001101000
000000000000000000000001101000101000000
000000000000000000000001101001000011000
000000000000000000000001101001011110000
000000000000000000000001101001111001000
000000000000000000000001101010010100000
000000000000000000000001101010101111000
000000000000000000000001101011001010000
000000000000000000000001101011100101000
