000000000000000000000000000000000000000
111111111111111111111111111111111001110
111111111111111111111111111111110011100
111111111111111111111111111111101101010
111111111111111111111111111111100111000
111111111111111111111111111111100000110
111111111111111111111111111111011010100
111111111111111111111111111111010100010
111111111111111111111111111111001110000
111111111111111111111111111111000111110
111111111111111111111111111111000001100
111111111111111111111111111110111011010
111111111111111111111111111110110101000
111111111111111111111111111110101110110
111111111111111111111111111110101000100
111111111111111111111111111110100010010
111111111111111111111111111110011100000
111111111111111111111111111110010101110
111111111111111111111111111110001111100
111111111111111111111111111110001001010
111111111111111111111111111110000011000
111111111111111111111111111101111100110
111111111111111111111111111101110110100
111111111111111111111111111101110000010
111111111111111111111111111101101010000
111111111111111111111111111101100011110
111111111111111111111111111101011101100
111111111111111111111111111101010111010
111111111111111111111111111101010001000
111111111111111111111111111101001010110
111111111111111111111111111101000100100
111111111111111111111111111100111110010
111111111111111111111111111100111000000
111111111111111111111111111100110001110
111111111111111111111111111100101011100
111111111111111111111111111100100101010
111111111111111111111111111100011111000
111111111111111111111111111100011000110
111111111111111111111111111100010010100
111111111111111111111111111100001100010
111111111111111111111111111100000110000
111111111111111111111111111011111111110
111111111111111111111111111011111001100
111111111111111111111111111011110011010
111111111111111111111111111011101101000
111111111111111111111111111011100110110
111111111111111111111111111011100000100
111111111111111111111111111011011010010
111111111111111111111111111011010100000
111111111111111111111111111011001101110
111111111111111111111111111011000111100
111111111111111111111111111011000001010
111111111111111111111111111010111011000
111111111111111111111111111010110100110
111111111111111111111111111010101110100
111111111111111111111111111010101000010
111111111111111111111111111010100010000
111111111111111111111111111010011011110
111111111111111111111111111010010101100
111111111111111111111111111010001111010
111111111111111111111111111010001001000
111111111111111111111111111010000010110
111111111111111111111111111001111100100
111111111111111111111111111001110110010
111111111111111111111111111001110000000
111111111111111111111111111001101001110
111111111111111111111111111001100011100
111111111111111111111111111001011101010
111111111111111111111111111001010111000
111111111111111111111111111001010000110
111111111111111111111111111001001010100
111111111111111111111111111001000100010
111111111111111111111111111000111110000
111111111111111111111111111000110111110
111111111111111111111111111000110001100
111111111111111111111111111000101011010
111111111111111111111111111000100101000
111111111111111111111111111000011110110
111111111111111111111111111000011000100
111111111111111111111111111000010010010
111111111111111111111111111000001100000
111111111111111111111111111000000101110
111111111111111111111111110111111111100
111111111111111111111111110111111001010
111111111111111111111111110111110011000
111111111111111111111111110111101100110
111111111111111111111111110111100110100
111111111111111111111111110111100000010
111111111111111111111111110111011010000
111111111111111111111111110111010011110
111111111111111111111111110111001101100
111111111111111111111111110111000111010
111111111111111111111111110111000001000
111111111111111111111111110110111010110
111111111111111111111111110110110100100
111111111111111111111111110110101110010
111111111111111111111111110110101000000
111111111111111111111111110110100001110
111111111111111111111111110110011011100
111111111111111111111111110110010101010
111111111111111111111111110110001111000
111111111111111111111111110110001000110
111111111111111111111111110110000010100
111111111111111111111111110101111100010
111111111111111111111111110101110110000
111111111111111111111111110101101111110
111111111111111111111111110101101001100
111111111111111111111111110101100011010
111111111111111111111111110101011101000
111111111111111111111111110101010110110
111111111111111111111111110101010000100
111111111111111111111111110101001010010
111111111111111111111111110101000100000
111111111111111111111111110100111101110
111111111111111111111111110100110111100
111111111111111111111111110100110001010
111111111111111111111111110100101011000
111111111111111111111111110100100100110
111111111111111111111111110100011110100
111111111111111111111111110100011000010
111111111111111111111111110100010010000
111111111111111111111111110100001011110
111111111111111111111111110100000101100
111111111111111111111111110011111111010
111111111111111111111111110011111001000
111111111111111111111111110011110010110
111111111111111111111111110011101100100
111111111111111111111111110011100110010
111111111111111111111111110011100000000
111111111111111111111111110011011001110
111111111111111111111111110011010011100
111111111111111111111111110011001101010
111111111111111111111111110011000111000
111111111111111111111111110011000000110
111111111111111111111111110010111010100
111111111111111111111111110010110100010
111111111111111111111111110010101110000
111111111111111111111111110010100111110
111111111111111111111111110010100001100
111111111111111111111111110010011011010
111111111111111111111111110010010101000
111111111111111111111111110010001110110
111111111111111111111111110010001000100
111111111111111111111111110010000010010
111111111111111111111111110001111100000
111111111111111111111111110001110101110
111111111111111111111111110001101111100
111111111111111111111111110001101001010
111111111111111111111111110001100011000
111111111111111111111111110001011100110
111111111111111111111111110001010110100
111111111111111111111111110001010000010
111111111111111111111111110001001010000
111111111111111111111111110001000011110
111111111111111111111111110000111101100
111111111111111111111111110000110111010
111111111111111111111111110000110001000
111111111111111111111111110000101010110
111111111111111111111111110000100100100
111111111111111111111111110000011110010
111111111111111111111111110000011000000
111111111111111111111111110000010001110
111111111111111111111111110000001011100
111111111111111111111111110000000101010
111111111111111111111111101111111111000
111111111111111111111111101111111000110
111111111111111111111111101111110010100
111111111111111111111111101111101100010
111111111111111111111111101111100110000
111111111111111111111111101111011111110
111111111111111111111111101111011001100
111111111111111111111111101111010011010
111111111111111111111111101111001101000
111111111111111111111111101111000110110
111111111111111111111111101111000000100
111111111111111111111111101110111010010
111111111111111111111111101110110100000
111111111111111111111111101110101101110
111111111111111111111111101110100111100
111111111111111111111111101110100001010
111111111111111111111111101110011011000
111111111111111111111111101110010100110
111111111111111111111111101110001110100
111111111111111111111111101110001000010
111111111111111111111111101110000010000
111111111111111111111111101101111011110
111111111111111111111111101101110101100
111111111111111111111111101101101111010
111111111111111111111111101101101001000
111111111111111111111111101101100010110
111111111111111111111111101101011100100
111111111111111111111111101101010110010
111111111111111111111111101101010000000
111111111111111111111111101101001001110
111111111111111111111111101101000011100
111111111111111111111111101100111101010
111111111111111111111111101100110111000
111111111111111111111111101100110000110
111111111111111111111111101100101010100
111111111111111111111111101100100100010
111111111111111111111111101100011110000
111111111111111111111111101100010111110
111111111111111111111111101100010001100
111111111111111111111111101100001011010
111111111111111111111111101100000101000
111111111111111111111111101011111110110
111111111111111111111111101011111000100
111111111111111111111111101011110010010
111111111111111111111111101011101100000
111111111111111111111111101011100101110
111111111111111111111111101011011111100
111111111111111111111111101011011001010
111111111111111111111111101011010011000
111111111111111111111111101011001100110
111111111111111111111111101011000110100
111111111111111111111111101011000000010
111111111111111111111111101010111010000
111111111111111111111111101010110011110
111111111111111111111111101010101101100
111111111111111111111111101010100111010
111111111111111111111111101010100001000
111111111111111111111111101010011010110
111111111111111111111111101010010100100
111111111111111111111111101010001110010
111111111111111111111111101010001000000
111111111111111111111111101010000001110
111111111111111111111111101001111011100
111111111111111111111111101001110101010
111111111111111111111111101001101111000
111111111111111111111111101001101000110
111111111111111111111111101001100010100
111111111111111111111111101001011100010
111111111111111111111111101001010110000
111111111111111111111111101001001111110
111111111111111111111111101001001001100
111111111111111111111111101001000011010
111111111111111111111111101000111101000
111111111111111111111111101000110110110
111111111111111111111111101000110000100
111111111111111111111111101000101010010
111111111111111111111111101000100100000
111111111111111111111111101000011101110
111111111111111111111111101000010111100
111111111111111111111111101000010001010
111111111111111111111111101000001011000
111111111111111111111111101000000100110
111111111111111111111111100111111110100
111111111111111111111111100111111000010
111111111111111111111111100111110010000
111111111111111111111111100111101011110
111111111111111111111111100111100101100
111111111111111111111111100111011111010
111111111111111111111111100111011001000
111111111111111111111111100111010010110
111111111111111111111111100111001100100
111111111111111111111111100111000110010
