000000000000000000000000000000000000000
111111111111111111111111111111100101110
111111111111111111111111111111001011100
111111111111111111111111111110110001010
111111111111111111111111111110010111000
111111111111111111111111111101111100110
111111111111111111111111111101100010100
111111111111111111111111111101001000010
111111111111111111111111111100101110000
111111111111111111111111111100010011110
111111111111111111111111111011111001100
111111111111111111111111111011011111010
111111111111111111111111111011000101000
111111111111111111111111111010101010110
111111111111111111111111111010010000100
111111111111111111111111111001110110010
111111111111111111111111111001011100000
111111111111111111111111111001000001110
111111111111111111111111111000100111100
111111111111111111111111111000001101010
111111111111111111111111110111110011000
111111111111111111111111110111011000110
111111111111111111111111110110111110100
111111111111111111111111110110100100010
111111111111111111111111110110001010000
111111111111111111111111110101101111110
111111111111111111111111110101010101100
111111111111111111111111110100111011010
111111111111111111111111110100100001000
111111111111111111111111110100000110110
111111111111111111111111110011101100100
111111111111111111111111110011010010010
111111111111111111111111110010111000000
111111111111111111111111110010011101110
111111111111111111111111110010000011100
111111111111111111111111110001101001010
111111111111111111111111110001001111000
111111111111111111111111110000110100110
111111111111111111111111110000011010100
111111111111111111111111110000000000010
111111111111111111111111101111100110000
111111111111111111111111101111001011110
111111111111111111111111101110110001100
111111111111111111111111101110010111010
111111111111111111111111101101111101000
111111111111111111111111101101100010110
111111111111111111111111101101001000100
111111111111111111111111101100101110010
111111111111111111111111101100010100000
111111111111111111111111101011111001110
111111111111111111111111101011011111100
111111111111111111111111101011000101010
111111111111111111111111101010101011000
111111111111111111111111101010010000110
111111111111111111111111101001110110100
111111111111111111111111101001011100010
111111111111111111111111101001000010000
111111111111111111111111101000100111110
111111111111111111111111101000001101100
111111111111111111111111100111110011010
111111111111111111111111100111011001000
111111111111111111111111100110111110110
111111111111111111111111100110100100100
111111111111111111111111100110001010010
111111111111111111111111100101110000000
111111111111111111111111100101010101110
111111111111111111111111100100111011100
111111111111111111111111100100100001010
111111111111111111111111100100000111000
111111111111111111111111100011101100110
111111111111111111111111100011010010100
111111111111111111111111100010111000010
111111111111111111111111100010011110000
111111111111111111111111100010000011110
111111111111111111111111100001101001100
111111111111111111111111100001001111010
111111111111111111111111100000110101000
111111111111111111111111100000011010110
111111111111111111111111100000000000100
111111111111111111111111011111100110010
111111111111111111111111011111001100000
111111111111111111111111011110110001110
111111111111111111111111011110010111100
111111111111111111111111011101111101010
111111111111111111111111011101100011000
111111111111111111111111011101001000110
111111111111111111111111011100101110100
111111111111111111111111011100010100010
111111111111111111111111011011111010000
111111111111111111111111011011011111110
111111111111111111111111011011000101100
111111111111111111111111011010101011010
111111111111111111111111011010010001000
111111111111111111111111011001110110110
111111111111111111111111011001011100100
111111111111111111111111011001000010010
111111111111111111111111011000101000000
111111111111111111111111011000001101110
111111111111111111111111010111110011100
111111111111111111111111010111011001010
111111111111111111111111010110111111000
111111111111111111111111010110100100110
111111111111111111111111010110001010100
111111111111111111111111010101110000010
111111111111111111111111010101010110000
111111111111111111111111010100111011110
111111111111111111111111010100100001100
111111111111111111111111010100000111010
111111111111111111111111010011101101000
111111111111111111111111010011010010110
111111111111111111111111010010111000100
111111111111111111111111010010011110010
111111111111111111111111010010000100000
111111111111111111111111010001101001110
111111111111111111111111010001001111100
111111111111111111111111010000110101010
111111111111111111111111010000011011000
111111111111111111111111010000000000110
111111111111111111111111001111100110100
111111111111111111111111001111001100010
111111111111111111111111001110110010000
111111111111111111111111001110010111110
111111111111111111111111001101111101100
111111111111111111111111001101100011010
111111111111111111111111001101001001000
111111111111111111111111001100101110110
111111111111111111111111001100010100100
111111111111111111111111001011111010010
111111111111111111111111001011100000000
111111111111111111111111001011000101110
111111111111111111111111001010101011100
111111111111111111111111001010010001010
111111111111111111111111001001110111000
111111111111111111111111001001011100110
111111111111111111111111001001000010100
111111111111111111111111001000101000010
111111111111111111111111001000001110000
111111111111111111111111000111110011110
111111111111111111111111000111011001100
111111111111111111111111000110111111010
111111111111111111111111000110100101000
111111111111111111111111000110001010110
111111111111111111111111000101110000100
111111111111111111111111000101010110010
111111111111111111111111000100111100000
111111111111111111111111000100100001110
111111111111111111111111000100000111100
111111111111111111111111000011101101010
111111111111111111111111000011010011000
111111111111111111111111000010111000110
111111111111111111111111000010011110100
111111111111111111111111000010000100010
111111111111111111111111000001101010000
111111111111111111111111000001001111110
111111111111111111111111000000110101100
111111111111111111111111000000011011010
111111111111111111111111000000000001000
111111111111111111111110111111100110110
111111111111111111111110111111001100100
111111111111111111111110111110110010010
111111111111111111111110111110011000000
111111111111111111111110111101111101110
111111111111111111111110111101100011100
111111111111111111111110111101001001010
111111111111111111111110111100101111000
111111111111111111111110111100010100110
111111111111111111111110111011111010100
111111111111111111111110111011100000010
111111111111111111111110111011000110000
111111111111111111111110111010101011110
111111111111111111111110111010010001100
111111111111111111111110111001110111010
111111111111111111111110111001011101000
111111111111111111111110111001000010110
111111111111111111111110111000101000100
111111111111111111111110111000001110010
111111111111111111111110110111110100000
111111111111111111111110110111011001110
111111111111111111111110110110111111100
111111111111111111111110110110100101010
111111111111111111111110110110001011000
111111111111111111111110110101110000110
111111111111111111111110110101010110100
111111111111111111111110110100111100010
111111111111111111111110110100100010000
111111111111111111111110110100000111110
111111111111111111111110110011101101100
111111111111111111111110110011010011010
111111111111111111111110110010111001000
111111111111111111111110110010011110110
111111111111111111111110110010000100100
111111111111111111111110110001101010010
111111111111111111111110110001010000000
111111111111111111111110110000110101110
111111111111111111111110110000011011100
111111111111111111111110110000000001010
111111111111111111111110101111100111000
111111111111111111111110101111001100110
111111111111111111111110101110110010100
111111111111111111111110101110011000010
111111111111111111111110101101111110000
111111111111111111111110101101100011110
111111111111111111111110101101001001100
111111111111111111111110101100101111010
111111111111111111111110101100010101000
111111111111111111111110101011111010110
111111111111111111111110101011100000100
111111111111111111111110101011000110010
111111111111111111111110101010101100000
111111111111111111111110101010010001110
111111111111111111111110101001110111100
111111111111111111111110101001011101010
111111111111111111111110101001000011000
111111111111111111111110101000101000110
111111111111111111111110101000001110100
111111111111111111111110100111110100010
111111111111111111111110100111011010000
111111111111111111111110100110111111110
111111111111111111111110100110100101100
111111111111111111111110100110001011010
111111111111111111111110100101110001000
111111111111111111111110100101010110110
111111111111111111111110100100111100100
111111111111111111111110100100100010010
111111111111111111111110100100001000000
111111111111111111111110100011101101110
111111111111111111111110100011010011100
111111111111111111111110100010111001010
111111111111111111111110100010011111000
111111111111111111111110100010000100110
111111111111111111111110100001101010100
111111111111111111111110100001010000010
111111111111111111111110100000110110000
111111111111111111111110100000011011110
111111111111111111111110100000000001100
111111111111111111111110011111100111010
111111111111111111111110011111001101000
111111111111111111111110011110110010110
111111111111111111111110011110011000100
111111111111111111111110011101111110010
111111111111111111111110011101100100000
111111111111111111111110011101001001110
111111111111111111111110011100101111100
111111111111111111111110011100010101010
111111111111111111111110011011111011000
111111111111111111111110011011100000110
111111111111111111111110011011000110100
111111111111111111111110011010101100010
111111111111111111111110011010010010000
111111111111111111111110011001110111110
111111111111111111111110011001011101100
111111111111111111111110011001000011010
111111111111111111111110011000101001000
111111111111111111111110011000001110110
111111111111111111111110010111110100100
111111111111111111111110010111011010010
