000000000000000000000000000000000000000
000000000000000000000000000000010111100
000000000000000000000000000000101111000
000000000000000000000000000001000110100
000000000000000000000000000001011110000
000000000000000000000000000001110101100
000000000000000000000000000010001101000
000000000000000000000000000010100100100
000000000000000000000000000010111100000
000000000000000000000000000011010011100
000000000000000000000000000011101011000
000000000000000000000000000100000010100
000000000000000000000000000100011010000
000000000000000000000000000100110001100
000000000000000000000000000101001001000
000000000000000000000000000101100000100
000000000000000000000000000101111000000
000000000000000000000000000110001111100
000000000000000000000000000110100111000
000000000000000000000000000110111110100
000000000000000000000000000111010110000
000000000000000000000000000111101101100
000000000000000000000000001000000101000
000000000000000000000000001000011100100
000000000000000000000000001000110100000
000000000000000000000000001001001011100
000000000000000000000000001001100011000
000000000000000000000000001001111010100
000000000000000000000000001010010010000
000000000000000000000000001010101001100
000000000000000000000000001011000001000
000000000000000000000000001011011000100
000000000000000000000000001011110000000
000000000000000000000000001100000111100
000000000000000000000000001100011111000
000000000000000000000000001100110110100
000000000000000000000000001101001110000
000000000000000000000000001101100101100
000000000000000000000000001101111101000
000000000000000000000000001110010100100
000000000000000000000000001110101100000
000000000000000000000000001111000011100
000000000000000000000000001111011011000
000000000000000000000000001111110010100
000000000000000000000000010000001010000
000000000000000000000000010000100001100
000000000000000000000000010000111001000
000000000000000000000000010001010000100
000000000000000000000000010001101000000
000000000000000000000000010001111111100
000000000000000000000000010010010111000
000000000000000000000000010010101110100
000000000000000000000000010011000110000
000000000000000000000000010011011101100
000000000000000000000000010011110101000
000000000000000000000000010100001100100
000000000000000000000000010100100100000
000000000000000000000000010100111011100
000000000000000000000000010101010011000
000000000000000000000000010101101010100
000000000000000000000000010110000010000
000000000000000000000000010110011001100
000000000000000000000000010110110001000
000000000000000000000000010111001000100
000000000000000000000000010111100000000
000000000000000000000000010111110111100
000000000000000000000000011000001111000
000000000000000000000000011000100110100
000000000000000000000000011000111110000
000000000000000000000000011001010101100
000000000000000000000000011001101101000
000000000000000000000000011010000100100
000000000000000000000000011010011100000
000000000000000000000000011010110011100
000000000000000000000000011011001011000
000000000000000000000000011011100010100
000000000000000000000000011011111010000
000000000000000000000000011100010001100
000000000000000000000000011100101001000
000000000000000000000000011101000000100
000000000000000000000000011101011000000
000000000000000000000000011101101111100
000000000000000000000000011110000111000
000000000000000000000000011110011110100
000000000000000000000000011110110110000
000000000000000000000000011111001101100
000000000000000000000000011111100101000
000000000000000000000000011111111100100
000000000000000000000000100000010100000
000000000000000000000000100000101011100
000000000000000000000000100001000011000
000000000000000000000000100001011010100
000000000000000000000000100001110010000
000000000000000000000000100010001001100
000000000000000000000000100010100001000
000000000000000000000000100010111000100
000000000000000000000000100011010000000
000000000000000000000000100011100111100
000000000000000000000000100011111111000
000000000000000000000000100100010110100
000000000000000000000000100100101110000
000000000000000000000000100101000101100
000000000000000000000000100101011101000
000000000000000000000000100101110100100
000000000000000000000000100110001100000
000000000000000000000000100110100011100
000000000000000000000000100110111011000
000000000000000000000000100111010010100
000000000000000000000000100111101010000
000000000000000000000000101000000001100
000000000000000000000000101000011001000
000000000000000000000000101000110000100
000000000000000000000000101001001000000
000000000000000000000000101001011111100
000000000000000000000000101001110111000
000000000000000000000000101010001110100
000000000000000000000000101010100110000
000000000000000000000000101010111101100
000000000000000000000000101011010101000
000000000000000000000000101011101100100
000000000000000000000000101100000100000
000000000000000000000000101100011011100
000000000000000000000000101100110011000
000000000000000000000000101101001010100
000000000000000000000000101101100010000
000000000000000000000000101101111001100
000000000000000000000000101110010001000
000000000000000000000000101110101000100
000000000000000000000000101111000000000
000000000000000000000000101111010111100
000000000000000000000000101111101111000
000000000000000000000000110000000110100
000000000000000000000000110000011110000
000000000000000000000000110000110101100
000000000000000000000000110001001101000
000000000000000000000000110001100100100
000000000000000000000000110001111100000
000000000000000000000000110010010011100
000000000000000000000000110010101011000
000000000000000000000000110011000010100
000000000000000000000000110011011010000
000000000000000000000000110011110001100
000000000000000000000000110100001001000
000000000000000000000000110100100000100
000000000000000000000000110100111000000
000000000000000000000000110101001111100
000000000000000000000000110101100111000
000000000000000000000000110101111110100
000000000000000000000000110110010110000
000000000000000000000000110110101101100
000000000000000000000000110111000101000
000000000000000000000000110111011100100
000000000000000000000000110111110100000
000000000000000000000000111000001011100
000000000000000000000000111000100011000
000000000000000000000000111000111010100
000000000000000000000000111001010010000
000000000000000000000000111001101001100
000000000000000000000000111010000001000
000000000000000000000000111010011000100
000000000000000000000000111010110000000
000000000000000000000000111011000111100
000000000000000000000000111011011111000
000000000000000000000000111011110110100
000000000000000000000000111100001110000
000000000000000000000000111100100101100
000000000000000000000000111100111101000
000000000000000000000000111101010100100
000000000000000000000000111101101100000
000000000000000000000000111110000011100
000000000000000000000000111110011011000
000000000000000000000000111110110010100
000000000000000000000000111111001010000
000000000000000000000000111111100001100
000000000000000000000000111111111001000
000000000000000000000001000000010000100
000000000000000000000001000000101000000
000000000000000000000001000000111111100
000000000000000000000001000001010111000
000000000000000000000001000001101110100
000000000000000000000001000010000110000
000000000000000000000001000010011101100
000000000000000000000001000010110101000
000000000000000000000001000011001100100
000000000000000000000001000011100100000
000000000000000000000001000011111011100
000000000000000000000001000100010011000
000000000000000000000001000100101010100
000000000000000000000001000101000010000
000000000000000000000001000101011001100
000000000000000000000001000101110001000
000000000000000000000001000110001000100
000000000000000000000001000110100000000
000000000000000000000001000110110111100
000000000000000000000001000111001111000
000000000000000000000001000111100110100
000000000000000000000001000111111110000
000000000000000000000001001000010101100
000000000000000000000001001000101101000
000000000000000000000001001001000100100
000000000000000000000001001001011100000
000000000000000000000001001001110011100
000000000000000000000001001010001011000
000000000000000000000001001010100010100
000000000000000000000001001010111010000
000000000000000000000001001011010001100
000000000000000000000001001011101001000
000000000000000000000001001100000000100
000000000000000000000001001100011000000
000000000000000000000001001100101111100
000000000000000000000001001101000111000
000000000000000000000001001101011110100
000000000000000000000001001101110110000
000000000000000000000001001110001101100
000000000000000000000001001110100101000
000000000000000000000001001110111100100
000000000000000000000001001111010100000
000000000000000000000001001111101011100
000000000000000000000001010000000011000
000000000000000000000001010000011010100
000000000000000000000001010000110010000
000000000000000000000001010001001001100
000000000000000000000001010001100001000
000000000000000000000001010001111000100
000000000000000000000001010010010000000
000000000000000000000001010010100111100
000000000000000000000001010010111111000
000000000000000000000001010011010110100
000000000000000000000001010011101110000
000000000000000000000001010100000101100
000000000000000000000001010100011101000
000000000000000000000001010100110100100
000000000000000000000001010101001100000
000000000000000000000001010101100011100
000000000000000000000001010101111011000
000000000000000000000001010110010010100
000000000000000000000001010110101010000
000000000000000000000001010111000001100
000000000000000000000001010111011001000
000000000000000000000001010111110000100
000000000000000000000001011000001000000
000000000000000000000001011000011111100
000000000000000000000001011000110111000
000000000000000000000001011001001110100
000000000000000000000001011001100110000
000000000000000000000001011001111101100
000000000000000000000001011010010101000
000000000000000000000001011010101100100
000000000000000000000001011011000100000
000000000000000000000001011011011011100
000000000000000000000001011011110011000
000000000000000000000001011100001010100
000000000000000000000001011100100010000
000000000000000000000001011100111001100
000000000000000000000001011101010001000
000000000000000000000001011101101000100
