000000000000000000000000000000000000000
111111111111111111111111111111110001100
111111111111111111111111111111100011000
111111111111111111111111111111010100100
111111111111111111111111111111000110000
111111111111111111111111111110110111100
111111111111111111111111111110101001000
111111111111111111111111111110011010100
111111111111111111111111111110001100000
111111111111111111111111111101111101100
111111111111111111111111111101101111000
111111111111111111111111111101100000100
111111111111111111111111111101010010000
111111111111111111111111111101000011100
111111111111111111111111111100110101000
111111111111111111111111111100100110100
111111111111111111111111111100011000000
111111111111111111111111111100001001100
111111111111111111111111111011111011000
111111111111111111111111111011101100100
111111111111111111111111111011011110000
111111111111111111111111111011001111100
111111111111111111111111111011000001000
111111111111111111111111111010110010100
111111111111111111111111111010100100000
111111111111111111111111111010010101100
111111111111111111111111111010000111000
111111111111111111111111111001111000100
111111111111111111111111111001101010000
111111111111111111111111111001011011100
111111111111111111111111111001001101000
111111111111111111111111111000111110100
111111111111111111111111111000110000000
111111111111111111111111111000100001100
111111111111111111111111111000010011000
111111111111111111111111111000000100100
111111111111111111111111110111110110000
111111111111111111111111110111100111100
111111111111111111111111110111011001000
111111111111111111111111110111001010100
111111111111111111111111110110111100000
111111111111111111111111110110101101100
111111111111111111111111110110011111000
111111111111111111111111110110010000100
111111111111111111111111110110000010000
111111111111111111111111110101110011100
111111111111111111111111110101100101000
111111111111111111111111110101010110100
111111111111111111111111110101001000000
111111111111111111111111110100111001100
111111111111111111111111110100101011000
111111111111111111111111110100011100100
111111111111111111111111110100001110000
111111111111111111111111110011111111100
111111111111111111111111110011110001000
111111111111111111111111110011100010100
111111111111111111111111110011010100000
111111111111111111111111110011000101100
111111111111111111111111110010110111000
111111111111111111111111110010101000100
111111111111111111111111110010011010000
111111111111111111111111110010001011100
111111111111111111111111110001111101000
111111111111111111111111110001101110100
111111111111111111111111110001100000000
111111111111111111111111110001010001100
111111111111111111111111110001000011000
111111111111111111111111110000110100100
111111111111111111111111110000100110000
111111111111111111111111110000010111100
111111111111111111111111110000001001000
111111111111111111111111101111111010100
111111111111111111111111101111101100000
111111111111111111111111101111011101100
111111111111111111111111101111001111000
111111111111111111111111101111000000100
111111111111111111111111101110110010000
111111111111111111111111101110100011100
111111111111111111111111101110010101000
111111111111111111111111101110000110100
111111111111111111111111101101111000000
111111111111111111111111101101101001100
111111111111111111111111101101011011000
111111111111111111111111101101001100100
111111111111111111111111101100111110000
111111111111111111111111101100101111100
111111111111111111111111101100100001000
111111111111111111111111101100010010100
111111111111111111111111101100000100000
111111111111111111111111101011110101100
111111111111111111111111101011100111000
111111111111111111111111101011011000100
111111111111111111111111101011001010000
111111111111111111111111101010111011100
111111111111111111111111101010101101000
111111111111111111111111101010011110100
111111111111111111111111101010010000000
111111111111111111111111101010000001100
111111111111111111111111101001110011000
111111111111111111111111101001100100100
111111111111111111111111101001010110000
111111111111111111111111101001000111100
111111111111111111111111101000111001000
111111111111111111111111101000101010100
111111111111111111111111101000011100000
111111111111111111111111101000001101100
111111111111111111111111100111111111000
111111111111111111111111100111110000100
111111111111111111111111100111100010000
111111111111111111111111100111010011100
111111111111111111111111100111000101000
111111111111111111111111100110110110100
111111111111111111111111100110101000000
111111111111111111111111100110011001100
111111111111111111111111100110001011000
111111111111111111111111100101111100100
111111111111111111111111100101101110000
111111111111111111111111100101011111100
111111111111111111111111100101010001000
111111111111111111111111100101000010100
111111111111111111111111100100110100000
111111111111111111111111100100100101100
111111111111111111111111100100010111000
111111111111111111111111100100001000100
111111111111111111111111100011111010000
111111111111111111111111100011101011100
111111111111111111111111100011011101000
111111111111111111111111100011001110100
111111111111111111111111100011000000000
111111111111111111111111100010110001100
111111111111111111111111100010100011000
111111111111111111111111100010010100100
111111111111111111111111100010000110000
111111111111111111111111100001110111100
111111111111111111111111100001101001000
111111111111111111111111100001011010100
111111111111111111111111100001001100000
111111111111111111111111100000111101100
111111111111111111111111100000101111000
111111111111111111111111100000100000100
111111111111111111111111100000010010000
111111111111111111111111100000000011100
111111111111111111111111011111110101000
111111111111111111111111011111100110100
111111111111111111111111011111011000000
111111111111111111111111011111001001100
111111111111111111111111011110111011000
111111111111111111111111011110101100100
111111111111111111111111011110011110000
111111111111111111111111011110001111100
111111111111111111111111011110000001000
111111111111111111111111011101110010100
111111111111111111111111011101100100000
111111111111111111111111011101010101100
111111111111111111111111011101000111000
111111111111111111111111011100111000100
111111111111111111111111011100101010000
111111111111111111111111011100011011100
111111111111111111111111011100001101000
111111111111111111111111011011111110100
111111111111111111111111011011110000000
111111111111111111111111011011100001100
111111111111111111111111011011010011000
111111111111111111111111011011000100100
111111111111111111111111011010110110000
111111111111111111111111011010100111100
111111111111111111111111011010011001000
111111111111111111111111011010001010100
111111111111111111111111011001111100000
111111111111111111111111011001101101100
111111111111111111111111011001011111000
111111111111111111111111011001010000100
111111111111111111111111011001000010000
111111111111111111111111011000110011100
111111111111111111111111011000100101000
111111111111111111111111011000010110100
111111111111111111111111011000001000000
111111111111111111111111010111111001100
111111111111111111111111010111101011000
111111111111111111111111010111011100100
111111111111111111111111010111001110000
111111111111111111111111010110111111100
111111111111111111111111010110110001000
111111111111111111111111010110100010100
111111111111111111111111010110010100000
111111111111111111111111010110000101100
111111111111111111111111010101110111000
111111111111111111111111010101101000100
111111111111111111111111010101011010000
111111111111111111111111010101001011100
111111111111111111111111010100111101000
111111111111111111111111010100101110100
111111111111111111111111010100100000000
111111111111111111111111010100010001100
111111111111111111111111010100000011000
111111111111111111111111010011110100100
111111111111111111111111010011100110000
111111111111111111111111010011010111100
111111111111111111111111010011001001000
111111111111111111111111010010111010100
111111111111111111111111010010101100000
111111111111111111111111010010011101100
111111111111111111111111010010001111000
111111111111111111111111010010000000100
111111111111111111111111010001110010000
111111111111111111111111010001100011100
111111111111111111111111010001010101000
111111111111111111111111010001000110100
111111111111111111111111010000111000000
111111111111111111111111010000101001100
111111111111111111111111010000011011000
111111111111111111111111010000001100100
111111111111111111111111001111111110000
111111111111111111111111001111101111100
111111111111111111111111001111100001000
111111111111111111111111001111010010100
111111111111111111111111001111000100000
111111111111111111111111001110110101100
111111111111111111111111001110100111000
111111111111111111111111001110011000100
111111111111111111111111001110001010000
111111111111111111111111001101111011100
111111111111111111111111001101101101000
111111111111111111111111001101011110100
111111111111111111111111001101010000000
111111111111111111111111001101000001100
111111111111111111111111001100110011000
111111111111111111111111001100100100100
111111111111111111111111001100010110000
111111111111111111111111001100000111100
111111111111111111111111001011111001000
111111111111111111111111001011101010100
111111111111111111111111001011011100000
111111111111111111111111001011001101100
111111111111111111111111001010111111000
111111111111111111111111001010110000100
111111111111111111111111001010100010000
111111111111111111111111001010010011100
111111111111111111111111001010000101000
111111111111111111111111001001110110100
111111111111111111111111001001101000000
111111111111111111111111001001011001100
111111111111111111111111001001001011000
111111111111111111111111001000111100100
111111111111111111111111001000101110000
111111111111111111111111001000011111100
111111111111111111111111001000010001000
111111111111111111111111001000000010100
111111111111111111111111000111110100000
111111111111111111111111000111100101100
111111111111111111111111000111010111000
111111111111111111111111000111001000100
111111111111111111111111000110111010000
111111111111111111111111000110101011100
111111111111111111111111000110011101000
111111111111111111111111000110001110100
