000000000000000000000000000000000000000
111111111111111111111111111111110011111
111111111111111111111111111111100111110
111111111111111111111111111111011011101
111111111111111111111111111111001111100
111111111111111111111111111111000011011
111111111111111111111111111110110111010
111111111111111111111111111110101011001
111111111111111111111111111110011111000
111111111111111111111111111110010010111
111111111111111111111111111110000110110
111111111111111111111111111101111010101
111111111111111111111111111101101110100
111111111111111111111111111101100010011
111111111111111111111111111101010110010
111111111111111111111111111101001010001
111111111111111111111111111100111110000
111111111111111111111111111100110001111
111111111111111111111111111100100101110
111111111111111111111111111100011001101
111111111111111111111111111100001101100
111111111111111111111111111100000001011
111111111111111111111111111011110101010
111111111111111111111111111011101001001
111111111111111111111111111011011101000
111111111111111111111111111011010000111
111111111111111111111111111011000100110
111111111111111111111111111010111000101
111111111111111111111111111010101100100
111111111111111111111111111010100000011
111111111111111111111111111010010100010
111111111111111111111111111010001000001
111111111111111111111111111001111100000
111111111111111111111111111001101111111
111111111111111111111111111001100011110
111111111111111111111111111001010111101
111111111111111111111111111001001011100
111111111111111111111111111000111111011
111111111111111111111111111000110011010
111111111111111111111111111000100111001
111111111111111111111111111000011011000
111111111111111111111111111000001110111
111111111111111111111111111000000010110
111111111111111111111111110111110110101
111111111111111111111111110111101010100
111111111111111111111111110111011110011
111111111111111111111111110111010010010
111111111111111111111111110111000110001
111111111111111111111111110110111010000
111111111111111111111111110110101101111
111111111111111111111111110110100001110
111111111111111111111111110110010101101
111111111111111111111111110110001001100
111111111111111111111111110101111101011
111111111111111111111111110101110001010
111111111111111111111111110101100101001
111111111111111111111111110101011001000
111111111111111111111111110101001100111
111111111111111111111111110101000000110
111111111111111111111111110100110100101
111111111111111111111111110100101000100
111111111111111111111111110100011100011
111111111111111111111111110100010000010
111111111111111111111111110100000100001
111111111111111111111111110011111000000
111111111111111111111111110011101011111
111111111111111111111111110011011111110
111111111111111111111111110011010011101
111111111111111111111111110011000111100
111111111111111111111111110010111011011
111111111111111111111111110010101111010
111111111111111111111111110010100011001
111111111111111111111111110010010111000
111111111111111111111111110010001010111
111111111111111111111111110001111110110
111111111111111111111111110001110010101
111111111111111111111111110001100110100
111111111111111111111111110001011010011
111111111111111111111111110001001110010
111111111111111111111111110001000010001
111111111111111111111111110000110110000
111111111111111111111111110000101001111
111111111111111111111111110000011101110
111111111111111111111111110000010001101
111111111111111111111111110000000101100
111111111111111111111111101111111001011
111111111111111111111111101111101101010
111111111111111111111111101111100001001
111111111111111111111111101111010101000
111111111111111111111111101111001000111
111111111111111111111111101110111100110
111111111111111111111111101110110000101
111111111111111111111111101110100100100
111111111111111111111111101110011000011
111111111111111111111111101110001100010
111111111111111111111111101110000000001
111111111111111111111111101101110100000
111111111111111111111111101101100111111
111111111111111111111111101101011011110
111111111111111111111111101101001111101
111111111111111111111111101101000011100
111111111111111111111111101100110111011
111111111111111111111111101100101011010
111111111111111111111111101100011111001
111111111111111111111111101100010011000
111111111111111111111111101100000110111
111111111111111111111111101011111010110
111111111111111111111111101011101110101
111111111111111111111111101011100010100
111111111111111111111111101011010110011
111111111111111111111111101011001010010
111111111111111111111111101010111110001
111111111111111111111111101010110010000
111111111111111111111111101010100101111
111111111111111111111111101010011001110
111111111111111111111111101010001101101
111111111111111111111111101010000001100
111111111111111111111111101001110101011
111111111111111111111111101001101001010
111111111111111111111111101001011101001
111111111111111111111111101001010001000
111111111111111111111111101001000100111
111111111111111111111111101000111000110
111111111111111111111111101000101100101
111111111111111111111111101000100000100
111111111111111111111111101000010100011
111111111111111111111111101000001000010
111111111111111111111111100111111100001
111111111111111111111111100111110000000
111111111111111111111111100111100011111
111111111111111111111111100111010111110
111111111111111111111111100111001011101
111111111111111111111111100110111111100
111111111111111111111111100110110011011
111111111111111111111111100110100111010
111111111111111111111111100110011011001
111111111111111111111111100110001111000
111111111111111111111111100110000010111
111111111111111111111111100101110110110
111111111111111111111111100101101010101
111111111111111111111111100101011110100
111111111111111111111111100101010010011
111111111111111111111111100101000110010
111111111111111111111111100100111010001
111111111111111111111111100100101110000
111111111111111111111111100100100001111
111111111111111111111111100100010101110
111111111111111111111111100100001001101
111111111111111111111111100011111101100
111111111111111111111111100011110001011
111111111111111111111111100011100101010
111111111111111111111111100011011001001
111111111111111111111111100011001101000
111111111111111111111111100011000000111
111111111111111111111111100010110100110
111111111111111111111111100010101000101
111111111111111111111111100010011100100
111111111111111111111111100010010000011
111111111111111111111111100010000100010
111111111111111111111111100001111000001
111111111111111111111111100001101100000
111111111111111111111111100001011111111
111111111111111111111111100001010011110
111111111111111111111111100001000111101
111111111111111111111111100000111011100
111111111111111111111111100000101111011
111111111111111111111111100000100011010
111111111111111111111111100000010111001
111111111111111111111111100000001011000
111111111111111111111111011111111110111
111111111111111111111111011111110010110
111111111111111111111111011111100110101
111111111111111111111111011111011010100
111111111111111111111111011111001110011
111111111111111111111111011111000010010
111111111111111111111111011110110110001
111111111111111111111111011110101010000
111111111111111111111111011110011101111
111111111111111111111111011110010001110
111111111111111111111111011110000101101
111111111111111111111111011101111001100
111111111111111111111111011101101101011
111111111111111111111111011101100001010
111111111111111111111111011101010101001
111111111111111111111111011101001001000
111111111111111111111111011100111100111
111111111111111111111111011100110000110
111111111111111111111111011100100100101
111111111111111111111111011100011000100
111111111111111111111111011100001100011
111111111111111111111111011100000000010
111111111111111111111111011011110100001
111111111111111111111111011011101000000
111111111111111111111111011011011011111
111111111111111111111111011011001111110
111111111111111111111111011011000011101
111111111111111111111111011010110111100
111111111111111111111111011010101011011
111111111111111111111111011010011111010
111111111111111111111111011010010011001
111111111111111111111111011010000111000
111111111111111111111111011001111010111
111111111111111111111111011001101110110
111111111111111111111111011001100010101
111111111111111111111111011001010110100
111111111111111111111111011001001010011
111111111111111111111111011000111110010
111111111111111111111111011000110010001
111111111111111111111111011000100110000
111111111111111111111111011000011001111
111111111111111111111111011000001101110
111111111111111111111111011000000001101
111111111111111111111111010111110101100
111111111111111111111111010111101001011
111111111111111111111111010111011101010
111111111111111111111111010111010001001
111111111111111111111111010111000101000
111111111111111111111111010110111000111
111111111111111111111111010110101100110
111111111111111111111111010110100000101
111111111111111111111111010110010100100
111111111111111111111111010110001000011
111111111111111111111111010101111100010
111111111111111111111111010101110000001
111111111111111111111111010101100100000
111111111111111111111111010101010111111
111111111111111111111111010101001011110
111111111111111111111111010100111111101
111111111111111111111111010100110011100
111111111111111111111111010100100111011
111111111111111111111111010100011011010
111111111111111111111111010100001111001
111111111111111111111111010100000011000
111111111111111111111111010011110110111
111111111111111111111111010011101010110
111111111111111111111111010011011110101
111111111111111111111111010011010010100
111111111111111111111111010011000110011
111111111111111111111111010010111010010
111111111111111111111111010010101110001
111111111111111111111111010010100010000
111111111111111111111111010010010101111
111111111111111111111111010010001001110
111111111111111111111111010001111101101
111111111111111111111111010001110001100
111111111111111111111111010001100101011
111111111111111111111111010001011001010
111111111111111111111111010001001101001
111111111111111111111111010001000001000
111111111111111111111111010000110100111
111111111111111111111111010000101000110
111111111111111111111111010000011100101
111111111111111111111111010000010000100
111111111111111111111111010000000100011
111111111111111111111111001111111000010
111111111111111111111111001111101100001
