000000000000000000000000000000000000000
111111111111111111111111111111101011010
111111111111111111111111111111010110100
111111111111111111111111111111000001110
111111111111111111111111111110101101000
111111111111111111111111111110011000010
111111111111111111111111111110000011100
111111111111111111111111111101101110110
111111111111111111111111111101011010000
111111111111111111111111111101000101010
111111111111111111111111111100110000100
111111111111111111111111111100011011110
111111111111111111111111111100000111000
111111111111111111111111111011110010010
111111111111111111111111111011011101100
111111111111111111111111111011001000110
111111111111111111111111111010110100000
111111111111111111111111111010011111010
111111111111111111111111111010001010100
111111111111111111111111111001110101110
111111111111111111111111111001100001000
111111111111111111111111111001001100010
111111111111111111111111111000110111100
111111111111111111111111111000100010110
111111111111111111111111111000001110000
111111111111111111111111110111111001010
111111111111111111111111110111100100100
111111111111111111111111110111001111110
111111111111111111111111110110111011000
111111111111111111111111110110100110010
111111111111111111111111110110010001100
111111111111111111111111110101111100110
111111111111111111111111110101101000000
111111111111111111111111110101010011010
111111111111111111111111110100111110100
111111111111111111111111110100101001110
111111111111111111111111110100010101000
111111111111111111111111110100000000010
111111111111111111111111110011101011100
111111111111111111111111110011010110110
111111111111111111111111110011000010000
111111111111111111111111110010101101010
111111111111111111111111110010011000100
111111111111111111111111110010000011110
111111111111111111111111110001101111000
111111111111111111111111110001011010010
111111111111111111111111110001000101100
111111111111111111111111110000110000110
111111111111111111111111110000011100000
111111111111111111111111110000000111010
111111111111111111111111101111110010100
111111111111111111111111101111011101110
111111111111111111111111101111001001000
111111111111111111111111101110110100010
111111111111111111111111101110011111100
111111111111111111111111101110001010110
111111111111111111111111101101110110000
111111111111111111111111101101100001010
111111111111111111111111101101001100100
111111111111111111111111101100110111110
111111111111111111111111101100100011000
111111111111111111111111101100001110010
111111111111111111111111101011111001100
111111111111111111111111101011100100110
111111111111111111111111101011010000000
111111111111111111111111101010111011010
111111111111111111111111101010100110100
111111111111111111111111101010010001110
111111111111111111111111101001111101000
111111111111111111111111101001101000010
111111111111111111111111101001010011100
111111111111111111111111101000111110110
111111111111111111111111101000101010000
111111111111111111111111101000010101010
111111111111111111111111101000000000100
111111111111111111111111100111101011110
111111111111111111111111100111010111000
111111111111111111111111100111000010010
111111111111111111111111100110101101100
111111111111111111111111100110011000110
111111111111111111111111100110000100000
111111111111111111111111100101101111010
111111111111111111111111100101011010100
111111111111111111111111100101000101110
111111111111111111111111100100110001000
111111111111111111111111100100011100010
111111111111111111111111100100000111100
111111111111111111111111100011110010110
111111111111111111111111100011011110000
111111111111111111111111100011001001010
111111111111111111111111100010110100100
111111111111111111111111100010011111110
111111111111111111111111100010001011000
111111111111111111111111100001110110010
111111111111111111111111100001100001100
111111111111111111111111100001001100110
111111111111111111111111100000111000000
111111111111111111111111100000100011010
111111111111111111111111100000001110100
111111111111111111111111011111111001110
111111111111111111111111011111100101000
111111111111111111111111011111010000010
111111111111111111111111011110111011100
111111111111111111111111011110100110110
111111111111111111111111011110010010000
111111111111111111111111011101111101010
111111111111111111111111011101101000100
111111111111111111111111011101010011110
111111111111111111111111011100111111000
111111111111111111111111011100101010010
111111111111111111111111011100010101100
111111111111111111111111011100000000110
111111111111111111111111011011101100000
111111111111111111111111011011010111010
111111111111111111111111011011000010100
111111111111111111111111011010101101110
111111111111111111111111011010011001000
111111111111111111111111011010000100010
111111111111111111111111011001101111100
111111111111111111111111011001011010110
111111111111111111111111011001000110000
111111111111111111111111011000110001010
111111111111111111111111011000011100100
111111111111111111111111011000000111110
111111111111111111111111010111110011000
111111111111111111111111010111011110010
111111111111111111111111010111001001100
111111111111111111111111010110110100110
111111111111111111111111010110100000000
111111111111111111111111010110001011010
111111111111111111111111010101110110100
111111111111111111111111010101100001110
111111111111111111111111010101001101000
111111111111111111111111010100111000010
111111111111111111111111010100100011100
111111111111111111111111010100001110110
111111111111111111111111010011111010000
111111111111111111111111010011100101010
111111111111111111111111010011010000100
111111111111111111111111010010111011110
111111111111111111111111010010100111000
111111111111111111111111010010010010010
111111111111111111111111010001111101100
111111111111111111111111010001101000110
111111111111111111111111010001010100000
111111111111111111111111010000111111010
111111111111111111111111010000101010100
111111111111111111111111010000010101110
111111111111111111111111010000000001000
111111111111111111111111001111101100010
111111111111111111111111001111010111100
111111111111111111111111001111000010110
111111111111111111111111001110101110000
111111111111111111111111001110011001010
111111111111111111111111001110000100100
111111111111111111111111001101101111110
111111111111111111111111001101011011000
111111111111111111111111001101000110010
111111111111111111111111001100110001100
111111111111111111111111001100011100110
111111111111111111111111001100001000000
111111111111111111111111001011110011010
111111111111111111111111001011011110100
111111111111111111111111001011001001110
111111111111111111111111001010110101000
111111111111111111111111001010100000010
111111111111111111111111001010001011100
111111111111111111111111001001110110110
111111111111111111111111001001100010000
111111111111111111111111001001001101010
111111111111111111111111001000111000100
111111111111111111111111001000100011110
111111111111111111111111001000001111000
111111111111111111111111000111111010010
111111111111111111111111000111100101100
111111111111111111111111000111010000110
111111111111111111111111000110111100000
111111111111111111111111000110100111010
111111111111111111111111000110010010100
111111111111111111111111000101111101110
111111111111111111111111000101101001000
111111111111111111111111000101010100010
111111111111111111111111000100111111100
111111111111111111111111000100101010110
111111111111111111111111000100010110000
111111111111111111111111000100000001010
111111111111111111111111000011101100100
111111111111111111111111000011010111110
111111111111111111111111000011000011000
111111111111111111111111000010101110010
111111111111111111111111000010011001100
111111111111111111111111000010000100110
111111111111111111111111000001110000000
111111111111111111111111000001011011010
111111111111111111111111000001000110100
111111111111111111111111000000110001110
111111111111111111111111000000011101000
111111111111111111111111000000001000010
111111111111111111111110111111110011100
111111111111111111111110111111011110110
111111111111111111111110111111001010000
111111111111111111111110111110110101010
111111111111111111111110111110100000100
111111111111111111111110111110001011110
111111111111111111111110111101110111000
111111111111111111111110111101100010010
111111111111111111111110111101001101100
111111111111111111111110111100111000110
111111111111111111111110111100100100000
111111111111111111111110111100001111010
111111111111111111111110111011111010100
111111111111111111111110111011100101110
111111111111111111111110111011010001000
111111111111111111111110111010111100010
111111111111111111111110111010100111100
111111111111111111111110111010010010110
111111111111111111111110111001111110000
111111111111111111111110111001101001010
111111111111111111111110111001010100100
111111111111111111111110111000111111110
111111111111111111111110111000101011000
111111111111111111111110111000010110010
111111111111111111111110111000000001100
111111111111111111111110110111101100110
111111111111111111111110110111011000000
111111111111111111111110110111000011010
111111111111111111111110110110101110100
111111111111111111111110110110011001110
111111111111111111111110110110000101000
111111111111111111111110110101110000010
111111111111111111111110110101011011100
111111111111111111111110110101000110110
111111111111111111111110110100110010000
111111111111111111111110110100011101010
111111111111111111111110110100001000100
111111111111111111111110110011110011110
111111111111111111111110110011011111000
111111111111111111111110110011001010010
111111111111111111111110110010110101100
111111111111111111111110110010100000110
111111111111111111111110110010001100000
111111111111111111111110110001110111010
111111111111111111111110110001100010100
111111111111111111111110110001001101110
111111111111111111111110110000111001000
111111111111111111111110110000100100010
111111111111111111111110110000001111100
111111111111111111111110101111111010110
111111111111111111111110101111100110000
111111111111111111111110101111010001010
111111111111111111111110101110111100100
111111111111111111111110101110100111110
111111111111111111111110101110010011000
111111111111111111111110101101111110010
111111111111111111111110101101101001100
111111111111111111111110101101010100110
