000000000000000000000000000000000000000
000000000000000000000000000000000001010
000000000000000000000000000000000010100
000000000000000000000000000000000011110
000000000000000000000000000000000101000
000000000000000000000000000000000110010
000000000000000000000000000000000111100
000000000000000000000000000000001000110
000000000000000000000000000000001010000
000000000000000000000000000000001011010
000000000000000000000000000000001100100
000000000000000000000000000000001101110
000000000000000000000000000000001111000
000000000000000000000000000000010000010
000000000000000000000000000000010001100
000000000000000000000000000000010010110
000000000000000000000000000000010100000
000000000000000000000000000000010101010
000000000000000000000000000000010110100
000000000000000000000000000000010111110
000000000000000000000000000000011001000
000000000000000000000000000000011010010
000000000000000000000000000000011011100
000000000000000000000000000000011100110
000000000000000000000000000000011110000
000000000000000000000000000000011111010
000000000000000000000000000000100000100
000000000000000000000000000000100001110
000000000000000000000000000000100011000
000000000000000000000000000000100100010
000000000000000000000000000000100101100
000000000000000000000000000000100110110
000000000000000000000000000000101000000
000000000000000000000000000000101001010
000000000000000000000000000000101010100
000000000000000000000000000000101011110
000000000000000000000000000000101101000
000000000000000000000000000000101110010
000000000000000000000000000000101111100
000000000000000000000000000000110000110
000000000000000000000000000000110010000
000000000000000000000000000000110011010
000000000000000000000000000000110100100
000000000000000000000000000000110101110
000000000000000000000000000000110111000
000000000000000000000000000000111000010
000000000000000000000000000000111001100
000000000000000000000000000000111010110
000000000000000000000000000000111100000
000000000000000000000000000000111101010
000000000000000000000000000000111110100
000000000000000000000000000000111111110
000000000000000000000000000001000001000
000000000000000000000000000001000010010
000000000000000000000000000001000011100
000000000000000000000000000001000100110
000000000000000000000000000001000110000
000000000000000000000000000001000111010
000000000000000000000000000001001000100
000000000000000000000000000001001001110
000000000000000000000000000001001011000
000000000000000000000000000001001100010
000000000000000000000000000001001101100
000000000000000000000000000001001110110
000000000000000000000000000001010000000
000000000000000000000000000001010001010
000000000000000000000000000001010010100
000000000000000000000000000001010011110
000000000000000000000000000001010101000
000000000000000000000000000001010110010
000000000000000000000000000001010111100
000000000000000000000000000001011000110
000000000000000000000000000001011010000
000000000000000000000000000001011011010
000000000000000000000000000001011100100
000000000000000000000000000001011101110
000000000000000000000000000001011111000
000000000000000000000000000001100000010
000000000000000000000000000001100001100
000000000000000000000000000001100010110
000000000000000000000000000001100100000
000000000000000000000000000001100101010
000000000000000000000000000001100110100
000000000000000000000000000001100111110
000000000000000000000000000001101001000
000000000000000000000000000001101010010
000000000000000000000000000001101011100
000000000000000000000000000001101100110
000000000000000000000000000001101110000
000000000000000000000000000001101111010
000000000000000000000000000001110000100
000000000000000000000000000001110001110
000000000000000000000000000001110011000
000000000000000000000000000001110100010
000000000000000000000000000001110101100
000000000000000000000000000001110110110
000000000000000000000000000001111000000
000000000000000000000000000001111001010
000000000000000000000000000001111010100
000000000000000000000000000001111011110
000000000000000000000000000001111101000
000000000000000000000000000001111110010
000000000000000000000000000001111111100
000000000000000000000000000010000000110
000000000000000000000000000010000010000
000000000000000000000000000010000011010
000000000000000000000000000010000100100
000000000000000000000000000010000101110
000000000000000000000000000010000111000
000000000000000000000000000010001000010
000000000000000000000000000010001001100
000000000000000000000000000010001010110
000000000000000000000000000010001100000
000000000000000000000000000010001101010
000000000000000000000000000010001110100
000000000000000000000000000010001111110
000000000000000000000000000010010001000
000000000000000000000000000010010010010
000000000000000000000000000010010011100
000000000000000000000000000010010100110
000000000000000000000000000010010110000
000000000000000000000000000010010111010
000000000000000000000000000010011000100
000000000000000000000000000010011001110
000000000000000000000000000010011011000
000000000000000000000000000010011100010
000000000000000000000000000010011101100
000000000000000000000000000010011110110
000000000000000000000000000010100000000
000000000000000000000000000010100001010
000000000000000000000000000010100010100
000000000000000000000000000010100011110
000000000000000000000000000010100101000
000000000000000000000000000010100110010
000000000000000000000000000010100111100
000000000000000000000000000010101000110
000000000000000000000000000010101010000
000000000000000000000000000010101011010
000000000000000000000000000010101100100
000000000000000000000000000010101101110
000000000000000000000000000010101111000
000000000000000000000000000010110000010
000000000000000000000000000010110001100
000000000000000000000000000010110010110
000000000000000000000000000010110100000
000000000000000000000000000010110101010
000000000000000000000000000010110110100
000000000000000000000000000010110111110
000000000000000000000000000010111001000
000000000000000000000000000010111010010
000000000000000000000000000010111011100
000000000000000000000000000010111100110
000000000000000000000000000010111110000
000000000000000000000000000010111111010
000000000000000000000000000011000000100
000000000000000000000000000011000001110
000000000000000000000000000011000011000
000000000000000000000000000011000100010
000000000000000000000000000011000101100
000000000000000000000000000011000110110
000000000000000000000000000011001000000
000000000000000000000000000011001001010
000000000000000000000000000011001010100
000000000000000000000000000011001011110
000000000000000000000000000011001101000
000000000000000000000000000011001110010
000000000000000000000000000011001111100
000000000000000000000000000011010000110
000000000000000000000000000011010010000
000000000000000000000000000011010011010
000000000000000000000000000011010100100
000000000000000000000000000011010101110
000000000000000000000000000011010111000
000000000000000000000000000011011000010
000000000000000000000000000011011001100
000000000000000000000000000011011010110
000000000000000000000000000011011100000
000000000000000000000000000011011101010
000000000000000000000000000011011110100
000000000000000000000000000011011111110
000000000000000000000000000011100001000
000000000000000000000000000011100010010
000000000000000000000000000011100011100
000000000000000000000000000011100100110
000000000000000000000000000011100110000
000000000000000000000000000011100111010
000000000000000000000000000011101000100
000000000000000000000000000011101001110
000000000000000000000000000011101011000
000000000000000000000000000011101100010
000000000000000000000000000011101101100
000000000000000000000000000011101110110
000000000000000000000000000011110000000
000000000000000000000000000011110001010
000000000000000000000000000011110010100
000000000000000000000000000011110011110
000000000000000000000000000011110101000
000000000000000000000000000011110110010
000000000000000000000000000011110111100
000000000000000000000000000011111000110
000000000000000000000000000011111010000
000000000000000000000000000011111011010
000000000000000000000000000011111100100
000000000000000000000000000011111101110
000000000000000000000000000011111111000
000000000000000000000000000100000000010
000000000000000000000000000100000001100
000000000000000000000000000100000010110
000000000000000000000000000100000100000
000000000000000000000000000100000101010
000000000000000000000000000100000110100
000000000000000000000000000100000111110
000000000000000000000000000100001001000
000000000000000000000000000100001010010
000000000000000000000000000100001011100
000000000000000000000000000100001100110
000000000000000000000000000100001110000
000000000000000000000000000100001111010
000000000000000000000000000100010000100
000000000000000000000000000100010001110
000000000000000000000000000100010011000
000000000000000000000000000100010100010
000000000000000000000000000100010101100
000000000000000000000000000100010110110
000000000000000000000000000100011000000
000000000000000000000000000100011001010
000000000000000000000000000100011010100
000000000000000000000000000100011011110
000000000000000000000000000100011101000
000000000000000000000000000100011110010
000000000000000000000000000100011111100
000000000000000000000000000100100000110
000000000000000000000000000100100010000
000000000000000000000000000100100011010
000000000000000000000000000100100100100
000000000000000000000000000100100101110
000000000000000000000000000100100111000
000000000000000000000000000100101000010
000000000000000000000000000100101001100
000000000000000000000000000100101010110
000000000000000000000000000100101100000
000000000000000000000000000100101101010
000000000000000000000000000100101110100
000000000000000000000000000100101111110
000000000000000000000000000100110001000
000000000000000000000000000100110010010
000000000000000000000000000100110011100
000000000000000000000000000100110100110
000000000000000000000000000100110110000
000000000000000000000000000100110111010
000000000000000000000000000100111000100
000000000000000000000000000100111001110
000000000000000000000000000100111011000
000000000000000000000000000100111100010
000000000000000000000000000100111101100
000000000000000000000000000100111110110
