000000000000000000000000000000000000000
000000000000000000000000000000000111001
000000000000000000000000000000001110010
000000000000000000000000000000010101011
000000000000000000000000000000011100100
000000000000000000000000000000100011101
000000000000000000000000000000101010110
000000000000000000000000000000110001111
000000000000000000000000000000111001000
000000000000000000000000000001000000001
000000000000000000000000000001000111010
000000000000000000000000000001001110011
000000000000000000000000000001010101100
000000000000000000000000000001011100101
000000000000000000000000000001100011110
000000000000000000000000000001101010111
000000000000000000000000000001110010000
000000000000000000000000000001111001001
000000000000000000000000000010000000010
000000000000000000000000000010000111011
000000000000000000000000000010001110100
000000000000000000000000000010010101101
000000000000000000000000000010011100110
000000000000000000000000000010100011111
000000000000000000000000000010101011000
000000000000000000000000000010110010001
000000000000000000000000000010111001010
000000000000000000000000000011000000011
000000000000000000000000000011000111100
000000000000000000000000000011001110101
000000000000000000000000000011010101110
000000000000000000000000000011011100111
000000000000000000000000000011100100000
000000000000000000000000000011101011001
000000000000000000000000000011110010010
000000000000000000000000000011111001011
000000000000000000000000000100000000100
000000000000000000000000000100000111101
000000000000000000000000000100001110110
000000000000000000000000000100010101111
000000000000000000000000000100011101000
000000000000000000000000000100100100001
000000000000000000000000000100101011010
000000000000000000000000000100110010011
000000000000000000000000000100111001100
000000000000000000000000000101000000101
000000000000000000000000000101000111110
000000000000000000000000000101001110111
000000000000000000000000000101010110000
000000000000000000000000000101011101001
000000000000000000000000000101100100010
000000000000000000000000000101101011011
000000000000000000000000000101110010100
000000000000000000000000000101111001101
000000000000000000000000000110000000110
000000000000000000000000000110000111111
000000000000000000000000000110001111000
000000000000000000000000000110010110001
000000000000000000000000000110011101010
000000000000000000000000000110100100011
000000000000000000000000000110101011100
000000000000000000000000000110110010101
000000000000000000000000000110111001110
000000000000000000000000000111000000111
000000000000000000000000000111001000000
000000000000000000000000000111001111001
000000000000000000000000000111010110010
000000000000000000000000000111011101011
000000000000000000000000000111100100100
000000000000000000000000000111101011101
000000000000000000000000000111110010110
000000000000000000000000000111111001111
000000000000000000000000001000000001000
000000000000000000000000001000001000001
000000000000000000000000001000001111010
000000000000000000000000001000010110011
000000000000000000000000001000011101100
000000000000000000000000001000100100101
000000000000000000000000001000101011110
000000000000000000000000001000110010111
000000000000000000000000001000111010000
000000000000000000000000001001000001001
000000000000000000000000001001001000010
000000000000000000000000001001001111011
000000000000000000000000001001010110100
000000000000000000000000001001011101101
000000000000000000000000001001100100110
000000000000000000000000001001101011111
000000000000000000000000001001110011000
000000000000000000000000001001111010001
000000000000000000000000001010000001010
000000000000000000000000001010001000011
000000000000000000000000001010001111100
000000000000000000000000001010010110101
000000000000000000000000001010011101110
000000000000000000000000001010100100111
000000000000000000000000001010101100000
000000000000000000000000001010110011001
000000000000000000000000001010111010010
000000000000000000000000001011000001011
000000000000000000000000001011001000100
000000000000000000000000001011001111101
000000000000000000000000001011010110110
000000000000000000000000001011011101111
000000000000000000000000001011100101000
000000000000000000000000001011101100001
000000000000000000000000001011110011010
000000000000000000000000001011111010011
000000000000000000000000001100000001100
000000000000000000000000001100001000101
000000000000000000000000001100001111110
000000000000000000000000001100010110111
000000000000000000000000001100011110000
000000000000000000000000001100100101001
000000000000000000000000001100101100010
000000000000000000000000001100110011011
000000000000000000000000001100111010100
000000000000000000000000001101000001101
000000000000000000000000001101001000110
000000000000000000000000001101001111111
000000000000000000000000001101010111000
000000000000000000000000001101011110001
000000000000000000000000001101100101010
000000000000000000000000001101101100011
000000000000000000000000001101110011100
000000000000000000000000001101111010101
000000000000000000000000001110000001110
000000000000000000000000001110001000111
000000000000000000000000001110010000000
000000000000000000000000001110010111001
000000000000000000000000001110011110010
000000000000000000000000001110100101011
000000000000000000000000001110101100100
000000000000000000000000001110110011101
000000000000000000000000001110111010110
000000000000000000000000001111000001111
000000000000000000000000001111001001000
000000000000000000000000001111010000001
000000000000000000000000001111010111010
000000000000000000000000001111011110011
000000000000000000000000001111100101100
000000000000000000000000001111101100101
000000000000000000000000001111110011110
000000000000000000000000001111111010111
000000000000000000000000010000000010000
000000000000000000000000010000001001001
000000000000000000000000010000010000010
000000000000000000000000010000010111011
000000000000000000000000010000011110100
000000000000000000000000010000100101101
000000000000000000000000010000101100110
000000000000000000000000010000110011111
000000000000000000000000010000111011000
000000000000000000000000010001000010001
000000000000000000000000010001001001010
000000000000000000000000010001010000011
000000000000000000000000010001010111100
000000000000000000000000010001011110101
000000000000000000000000010001100101110
000000000000000000000000010001101100111
000000000000000000000000010001110100000
000000000000000000000000010001111011001
000000000000000000000000010010000010010
000000000000000000000000010010001001011
000000000000000000000000010010010000100
000000000000000000000000010010010111101
000000000000000000000000010010011110110
000000000000000000000000010010100101111
000000000000000000000000010010101101000
000000000000000000000000010010110100001
000000000000000000000000010010111011010
000000000000000000000000010011000010011
000000000000000000000000010011001001100
000000000000000000000000010011010000101
000000000000000000000000010011010111110
000000000000000000000000010011011110111
000000000000000000000000010011100110000
000000000000000000000000010011101101001
000000000000000000000000010011110100010
000000000000000000000000010011111011011
000000000000000000000000010100000010100
000000000000000000000000010100001001101
000000000000000000000000010100010000110
000000000000000000000000010100010111111
000000000000000000000000010100011111000
000000000000000000000000010100100110001
000000000000000000000000010100101101010
000000000000000000000000010100110100011
000000000000000000000000010100111011100
000000000000000000000000010101000010101
000000000000000000000000010101001001110
000000000000000000000000010101010000111
000000000000000000000000010101011000000
000000000000000000000000010101011111001
000000000000000000000000010101100110010
000000000000000000000000010101101101011
000000000000000000000000010101110100100
000000000000000000000000010101111011101
000000000000000000000000010110000010110
000000000000000000000000010110001001111
000000000000000000000000010110010001000
000000000000000000000000010110011000001
000000000000000000000000010110011111010
000000000000000000000000010110100110011
000000000000000000000000010110101101100
000000000000000000000000010110110100101
000000000000000000000000010110111011110
000000000000000000000000010111000010111
000000000000000000000000010111001010000
000000000000000000000000010111010001001
000000000000000000000000010111011000010
000000000000000000000000010111011111011
000000000000000000000000010111100110100
000000000000000000000000010111101101101
000000000000000000000000010111110100110
000000000000000000000000010111111011111
000000000000000000000000011000000011000
000000000000000000000000011000001010001
000000000000000000000000011000010001010
000000000000000000000000011000011000011
000000000000000000000000011000011111100
000000000000000000000000011000100110101
000000000000000000000000011000101101110
000000000000000000000000011000110100111
000000000000000000000000011000111100000
000000000000000000000000011001000011001
000000000000000000000000011001001010010
000000000000000000000000011001010001011
000000000000000000000000011001011000100
000000000000000000000000011001011111101
000000000000000000000000011001100110110
000000000000000000000000011001101101111
000000000000000000000000011001110101000
000000000000000000000000011001111100001
000000000000000000000000011010000011010
000000000000000000000000011010001010011
000000000000000000000000011010010001100
000000000000000000000000011010011000101
000000000000000000000000011010011111110
000000000000000000000000011010100110111
000000000000000000000000011010101110000
000000000000000000000000011010110101001
000000000000000000000000011010111100010
000000000000000000000000011011000011011
000000000000000000000000011011001010100
000000000000000000000000011011010001101
000000000000000000000000011011011000110
000000000000000000000000011011011111111
000000000000000000000000011011100111000
000000000000000000000000011011101110001
000000000000000000000000011011110101010
000000000000000000000000011011111100011
000000000000000000000000011100000011100
000000000000000000000000011100001010101
000000000000000000000000011100010001110
000000000000000000000000011100011000111
