000000000000000000000000000000000000000
111111111111111111111111111111101001001
111111111111111111111111111111010010010
111111111111111111111111111110111011011
111111111111111111111111111110100100100
111111111111111111111111111110001101101
111111111111111111111111111101110110110
111111111111111111111111111101011111111
111111111111111111111111111101001001000
111111111111111111111111111100110010001
111111111111111111111111111100011011010
111111111111111111111111111100000100011
111111111111111111111111111011101101100
111111111111111111111111111011010110101
111111111111111111111111111010111111110
111111111111111111111111111010101000111
111111111111111111111111111010010010000
111111111111111111111111111001111011001
111111111111111111111111111001100100010
111111111111111111111111111001001101011
111111111111111111111111111000110110100
111111111111111111111111111000011111101
111111111111111111111111111000001000110
111111111111111111111111110111110001111
111111111111111111111111110111011011000
111111111111111111111111110111000100001
111111111111111111111111110110101101010
111111111111111111111111110110010110011
111111111111111111111111110101111111100
111111111111111111111111110101101000101
111111111111111111111111110101010001110
111111111111111111111111110100111010111
111111111111111111111111110100100100000
111111111111111111111111110100001101001
111111111111111111111111110011110110010
111111111111111111111111110011011111011
111111111111111111111111110011001000100
111111111111111111111111110010110001101
111111111111111111111111110010011010110
111111111111111111111111110010000011111
111111111111111111111111110001101101000
111111111111111111111111110001010110001
111111111111111111111111110000111111010
111111111111111111111111110000101000011
111111111111111111111111110000010001100
111111111111111111111111101111111010101
111111111111111111111111101111100011110
111111111111111111111111101111001100111
111111111111111111111111101110110110000
111111111111111111111111101110011111001
111111111111111111111111101110001000010
111111111111111111111111101101110001011
111111111111111111111111101101011010100
111111111111111111111111101101000011101
111111111111111111111111101100101100110
111111111111111111111111101100010101111
111111111111111111111111101011111111000
111111111111111111111111101011101000001
111111111111111111111111101011010001010
111111111111111111111111101010111010011
111111111111111111111111101010100011100
111111111111111111111111101010001100101
111111111111111111111111101001110101110
111111111111111111111111101001011110111
111111111111111111111111101001001000000
111111111111111111111111101000110001001
111111111111111111111111101000011010010
111111111111111111111111101000000011011
111111111111111111111111100111101100100
111111111111111111111111100111010101101
111111111111111111111111100110111110110
111111111111111111111111100110100111111
111111111111111111111111100110010001000
111111111111111111111111100101111010001
111111111111111111111111100101100011010
111111111111111111111111100101001100011
111111111111111111111111100100110101100
111111111111111111111111100100011110101
111111111111111111111111100100000111110
111111111111111111111111100011110000111
111111111111111111111111100011011010000
111111111111111111111111100011000011001
111111111111111111111111100010101100010
111111111111111111111111100010010101011
111111111111111111111111100001111110100
111111111111111111111111100001100111101
111111111111111111111111100001010000110
111111111111111111111111100000111001111
111111111111111111111111100000100011000
111111111111111111111111100000001100001
111111111111111111111111011111110101010
111111111111111111111111011111011110011
111111111111111111111111011111000111100
111111111111111111111111011110110000101
111111111111111111111111011110011001110
111111111111111111111111011110000010111
111111111111111111111111011101101100000
111111111111111111111111011101010101001
111111111111111111111111011100111110010
111111111111111111111111011100100111011
111111111111111111111111011100010000100
111111111111111111111111011011111001101
111111111111111111111111011011100010110
111111111111111111111111011011001011111
111111111111111111111111011010110101000
111111111111111111111111011010011110001
111111111111111111111111011010000111010
111111111111111111111111011001110000011
111111111111111111111111011001011001100
111111111111111111111111011001000010101
111111111111111111111111011000101011110
111111111111111111111111011000010100111
111111111111111111111111010111111110000
111111111111111111111111010111100111001
111111111111111111111111010111010000010
111111111111111111111111010110111001011
111111111111111111111111010110100010100
111111111111111111111111010110001011101
111111111111111111111111010101110100110
111111111111111111111111010101011101111
111111111111111111111111010101000111000
111111111111111111111111010100110000001
111111111111111111111111010100011001010
111111111111111111111111010100000010011
111111111111111111111111010011101011100
111111111111111111111111010011010100101
111111111111111111111111010010111101110
111111111111111111111111010010100110111
111111111111111111111111010010010000000
111111111111111111111111010001111001001
111111111111111111111111010001100010010
111111111111111111111111010001001011011
111111111111111111111111010000110100100
111111111111111111111111010000011101101
111111111111111111111111010000000110110
111111111111111111111111001111101111111
111111111111111111111111001111011001000
111111111111111111111111001111000010001
111111111111111111111111001110101011010
111111111111111111111111001110010100011
111111111111111111111111001101111101100
111111111111111111111111001101100110101
111111111111111111111111001101001111110
111111111111111111111111001100111000111
111111111111111111111111001100100010000
111111111111111111111111001100001011001
111111111111111111111111001011110100010
111111111111111111111111001011011101011
111111111111111111111111001011000110100
111111111111111111111111001010101111101
111111111111111111111111001010011000110
111111111111111111111111001010000001111
111111111111111111111111001001101011000
111111111111111111111111001001010100001
111111111111111111111111001000111101010
111111111111111111111111001000100110011
111111111111111111111111001000001111100
111111111111111111111111000111111000101
111111111111111111111111000111100001110
111111111111111111111111000111001010111
111111111111111111111111000110110100000
111111111111111111111111000110011101001
111111111111111111111111000110000110010
111111111111111111111111000101101111011
111111111111111111111111000101011000100
111111111111111111111111000101000001101
111111111111111111111111000100101010110
111111111111111111111111000100010011111
111111111111111111111111000011111101000
111111111111111111111111000011100110001
111111111111111111111111000011001111010
111111111111111111111111000010111000011
111111111111111111111111000010100001100
111111111111111111111111000010001010101
111111111111111111111111000001110011110
111111111111111111111111000001011100111
111111111111111111111111000001000110000
111111111111111111111111000000101111001
111111111111111111111111000000011000010
111111111111111111111111000000000001011
111111111111111111111110111111101010100
111111111111111111111110111111010011101
111111111111111111111110111110111100110
111111111111111111111110111110100101111
111111111111111111111110111110001111000
111111111111111111111110111101111000001
111111111111111111111110111101100001010
111111111111111111111110111101001010011
111111111111111111111110111100110011100
111111111111111111111110111100011100101
111111111111111111111110111100000101110
111111111111111111111110111011101110111
111111111111111111111110111011011000000
111111111111111111111110111011000001001
111111111111111111111110111010101010010
111111111111111111111110111010010011011
111111111111111111111110111001111100100
111111111111111111111110111001100101101
111111111111111111111110111001001110110
111111111111111111111110111000110111111
111111111111111111111110111000100001000
111111111111111111111110111000001010001
111111111111111111111110110111110011010
111111111111111111111110110111011100011
111111111111111111111110110111000101100
111111111111111111111110110110101110101
111111111111111111111110110110010111110
111111111111111111111110110110000000111
111111111111111111111110110101101010000
111111111111111111111110110101010011001
111111111111111111111110110100111100010
111111111111111111111110110100100101011
111111111111111111111110110100001110100
111111111111111111111110110011110111101
111111111111111111111110110011100000110
111111111111111111111110110011001001111
111111111111111111111110110010110011000
111111111111111111111110110010011100001
111111111111111111111110110010000101010
111111111111111111111110110001101110011
111111111111111111111110110001010111100
111111111111111111111110110001000000101
111111111111111111111110110000101001110
111111111111111111111110110000010010111
111111111111111111111110101111111100000
111111111111111111111110101111100101001
111111111111111111111110101111001110010
111111111111111111111110101110110111011
111111111111111111111110101110100000100
111111111111111111111110101110001001101
111111111111111111111110101101110010110
111111111111111111111110101101011011111
111111111111111111111110101101000101000
111111111111111111111110101100101110001
111111111111111111111110101100010111010
111111111111111111111110101100000000011
111111111111111111111110101011101001100
111111111111111111111110101011010010101
111111111111111111111110101010111011110
111111111111111111111110101010100100111
111111111111111111111110101010001110000
111111111111111111111110101001110111001
111111111111111111111110101001100000010
111111111111111111111110101001001001011
111111111111111111111110101000110010100
111111111111111111111110101000011011101
111111111111111111111110101000000100110
111111111111111111111110100111101101111
111111111111111111111110100111010111000
111111111111111111111110100111000000001
111111111111111111111110100110101001010
111111111111111111111110100110010010011
111111111111111111111110100101111011100
111111111111111111111110100101100100101
111111111111111111111110100101001101110
111111111111111111111110100100110110111
