000000000000000000000000000000000000000
111111111111111111111111111111101001000
111111111111111111111111111111010010000
111111111111111111111111111110111011000
111111111111111111111111111110100100000
111111111111111111111111111110001101000
111111111111111111111111111101110110000
111111111111111111111111111101011111000
111111111111111111111111111101001000000
111111111111111111111111111100110001000
111111111111111111111111111100011010000
111111111111111111111111111100000011000
111111111111111111111111111011101100000
111111111111111111111111111011010101000
111111111111111111111111111010111110000
111111111111111111111111111010100111000
111111111111111111111111111010010000000
111111111111111111111111111001111001000
111111111111111111111111111001100010000
111111111111111111111111111001001011000
111111111111111111111111111000110100000
111111111111111111111111111000011101000
111111111111111111111111111000000110000
111111111111111111111111110111101111000
111111111111111111111111110111011000000
111111111111111111111111110111000001000
111111111111111111111111110110101010000
111111111111111111111111110110010011000
111111111111111111111111110101111100000
111111111111111111111111110101100101000
111111111111111111111111110101001110000
111111111111111111111111110100110111000
111111111111111111111111110100100000000
111111111111111111111111110100001001000
111111111111111111111111110011110010000
111111111111111111111111110011011011000
111111111111111111111111110011000100000
111111111111111111111111110010101101000
111111111111111111111111110010010110000
111111111111111111111111110001111111000
111111111111111111111111110001101000000
111111111111111111111111110001010001000
111111111111111111111111110000111010000
111111111111111111111111110000100011000
111111111111111111111111110000001100000
111111111111111111111111101111110101000
111111111111111111111111101111011110000
111111111111111111111111101111000111000
111111111111111111111111101110110000000
111111111111111111111111101110011001000
111111111111111111111111101110000010000
111111111111111111111111101101101011000
111111111111111111111111101101010100000
111111111111111111111111101100111101000
111111111111111111111111101100100110000
111111111111111111111111101100001111000
111111111111111111111111101011111000000
111111111111111111111111101011100001000
111111111111111111111111101011001010000
111111111111111111111111101010110011000
111111111111111111111111101010011100000
111111111111111111111111101010000101000
111111111111111111111111101001101110000
111111111111111111111111101001010111000
111111111111111111111111101001000000000
111111111111111111111111101000101001000
111111111111111111111111101000010010000
111111111111111111111111100111111011000
111111111111111111111111100111100100000
111111111111111111111111100111001101000
111111111111111111111111100110110110000
111111111111111111111111100110011111000
111111111111111111111111100110001000000
111111111111111111111111100101110001000
111111111111111111111111100101011010000
111111111111111111111111100101000011000
111111111111111111111111100100101100000
111111111111111111111111100100010101000
111111111111111111111111100011111110000
111111111111111111111111100011100111000
111111111111111111111111100011010000000
111111111111111111111111100010111001000
111111111111111111111111100010100010000
111111111111111111111111100010001011000
111111111111111111111111100001110100000
111111111111111111111111100001011101000
111111111111111111111111100001000110000
111111111111111111111111100000101111000
111111111111111111111111100000011000000
111111111111111111111111100000000001000
111111111111111111111111011111101010000
111111111111111111111111011111010011000
111111111111111111111111011110111100000
111111111111111111111111011110100101000
111111111111111111111111011110001110000
111111111111111111111111011101110111000
111111111111111111111111011101100000000
111111111111111111111111011101001001000
111111111111111111111111011100110010000
111111111111111111111111011100011011000
111111111111111111111111011100000100000
111111111111111111111111011011101101000
111111111111111111111111011011010110000
111111111111111111111111011010111111000
111111111111111111111111011010101000000
111111111111111111111111011010010001000
111111111111111111111111011001111010000
111111111111111111111111011001100011000
111111111111111111111111011001001100000
111111111111111111111111011000110101000
111111111111111111111111011000011110000
111111111111111111111111011000000111000
111111111111111111111111010111110000000
111111111111111111111111010111011001000
111111111111111111111111010111000010000
111111111111111111111111010110101011000
111111111111111111111111010110010100000
111111111111111111111111010101111101000
111111111111111111111111010101100110000
111111111111111111111111010101001111000
111111111111111111111111010100111000000
111111111111111111111111010100100001000
111111111111111111111111010100001010000
111111111111111111111111010011110011000
111111111111111111111111010011011100000
111111111111111111111111010011000101000
111111111111111111111111010010101110000
111111111111111111111111010010010111000
111111111111111111111111010010000000000
111111111111111111111111010001101001000
111111111111111111111111010001010010000
111111111111111111111111010000111011000
111111111111111111111111010000100100000
111111111111111111111111010000001101000
111111111111111111111111001111110110000
111111111111111111111111001111011111000
111111111111111111111111001111001000000
111111111111111111111111001110110001000
111111111111111111111111001110011010000
111111111111111111111111001110000011000
111111111111111111111111001101101100000
111111111111111111111111001101010101000
111111111111111111111111001100111110000
111111111111111111111111001100100111000
111111111111111111111111001100010000000
111111111111111111111111001011111001000
111111111111111111111111001011100010000
111111111111111111111111001011001011000
111111111111111111111111001010110100000
111111111111111111111111001010011101000
111111111111111111111111001010000110000
111111111111111111111111001001101111000
111111111111111111111111001001011000000
111111111111111111111111001001000001000
111111111111111111111111001000101010000
111111111111111111111111001000010011000
111111111111111111111111000111111100000
111111111111111111111111000111100101000
111111111111111111111111000111001110000
111111111111111111111111000110110111000
111111111111111111111111000110100000000
111111111111111111111111000110001001000
111111111111111111111111000101110010000
111111111111111111111111000101011011000
111111111111111111111111000101000100000
111111111111111111111111000100101101000
111111111111111111111111000100010110000
111111111111111111111111000011111111000
111111111111111111111111000011101000000
111111111111111111111111000011010001000
111111111111111111111111000010111010000
111111111111111111111111000010100011000
111111111111111111111111000010001100000
111111111111111111111111000001110101000
111111111111111111111111000001011110000
111111111111111111111111000001000111000
111111111111111111111111000000110000000
111111111111111111111111000000011001000
111111111111111111111111000000000010000
111111111111111111111110111111101011000
111111111111111111111110111111010100000
111111111111111111111110111110111101000
111111111111111111111110111110100110000
111111111111111111111110111110001111000
111111111111111111111110111101111000000
111111111111111111111110111101100001000
111111111111111111111110111101001010000
111111111111111111111110111100110011000
111111111111111111111110111100011100000
111111111111111111111110111100000101000
111111111111111111111110111011101110000
111111111111111111111110111011010111000
111111111111111111111110111011000000000
111111111111111111111110111010101001000
111111111111111111111110111010010010000
111111111111111111111110111001111011000
111111111111111111111110111001100100000
111111111111111111111110111001001101000
111111111111111111111110111000110110000
111111111111111111111110111000011111000
111111111111111111111110111000001000000
111111111111111111111110110111110001000
111111111111111111111110110111011010000
111111111111111111111110110111000011000
111111111111111111111110110110101100000
111111111111111111111110110110010101000
111111111111111111111110110101111110000
111111111111111111111110110101100111000
111111111111111111111110110101010000000
111111111111111111111110110100111001000
111111111111111111111110110100100010000
111111111111111111111110110100001011000
111111111111111111111110110011110100000
111111111111111111111110110011011101000
111111111111111111111110110011000110000
111111111111111111111110110010101111000
111111111111111111111110110010011000000
111111111111111111111110110010000001000
111111111111111111111110110001101010000
111111111111111111111110110001010011000
111111111111111111111110110000111100000
111111111111111111111110110000100101000
111111111111111111111110110000001110000
111111111111111111111110101111110111000
111111111111111111111110101111100000000
111111111111111111111110101111001001000
111111111111111111111110101110110010000
111111111111111111111110101110011011000
111111111111111111111110101110000100000
111111111111111111111110101101101101000
111111111111111111111110101101010110000
111111111111111111111110101100111111000
111111111111111111111110101100101000000
111111111111111111111110101100010001000
111111111111111111111110101011111010000
111111111111111111111110101011100011000
111111111111111111111110101011001100000
111111111111111111111110101010110101000
111111111111111111111110101010011110000
111111111111111111111110101010000111000
111111111111111111111110101001110000000
111111111111111111111110101001011001000
111111111111111111111110101001000010000
111111111111111111111110101000101011000
111111111111111111111110101000010100000
111111111111111111111110100111111101000
111111111111111111111110100111100110000
111111111111111111111110100111001111000
111111111111111111111110100110111000000
111111111111111111111110100110100001000
111111111111111111111110100110001010000
111111111111111111111110100101110011000
111111111111111111111110100101011100000
111111111111111111111110100101000101000
111111111111111111111110100100101110000
111111111111111111111110100100010111000
