000000000000000000000000000000000000000
000000000000000000000000000000000001000
000000000000000000000000000000000010000
000000000000000000000000000000000011000
000000000000000000000000000000000100000
000000000000000000000000000000000101000
000000000000000000000000000000000110000
000000000000000000000000000000000111000
000000000000000000000000000000001000000
000000000000000000000000000000001001000
000000000000000000000000000000001010000
000000000000000000000000000000001011000
000000000000000000000000000000001100000
000000000000000000000000000000001101000
000000000000000000000000000000001110000
000000000000000000000000000000001111000
000000000000000000000000000000010000000
000000000000000000000000000000010001000
000000000000000000000000000000010010000
000000000000000000000000000000010011000
000000000000000000000000000000010100000
000000000000000000000000000000010101000
000000000000000000000000000000010110000
000000000000000000000000000000010111000
000000000000000000000000000000011000000
000000000000000000000000000000011001000
000000000000000000000000000000011010000
000000000000000000000000000000011011000
000000000000000000000000000000011100000
000000000000000000000000000000011101000
000000000000000000000000000000011110000
000000000000000000000000000000011111000
000000000000000000000000000000100000000
000000000000000000000000000000100001000
000000000000000000000000000000100010000
000000000000000000000000000000100011000
000000000000000000000000000000100100000
000000000000000000000000000000100101000
000000000000000000000000000000100110000
000000000000000000000000000000100111000
000000000000000000000000000000101000000
000000000000000000000000000000101001000
000000000000000000000000000000101010000
000000000000000000000000000000101011000
000000000000000000000000000000101100000
000000000000000000000000000000101101000
000000000000000000000000000000101110000
000000000000000000000000000000101111000
000000000000000000000000000000110000000
000000000000000000000000000000110001000
000000000000000000000000000000110010000
000000000000000000000000000000110011000
000000000000000000000000000000110100000
000000000000000000000000000000110101000
000000000000000000000000000000110110000
000000000000000000000000000000110111000
000000000000000000000000000000111000000
000000000000000000000000000000111001000
000000000000000000000000000000111010000
000000000000000000000000000000111011000
000000000000000000000000000000111100000
000000000000000000000000000000111101000
000000000000000000000000000000111110000
000000000000000000000000000000111111000
000000000000000000000000000001000000000
000000000000000000000000000001000001000
000000000000000000000000000001000010000
000000000000000000000000000001000011000
000000000000000000000000000001000100000
000000000000000000000000000001000101000
000000000000000000000000000001000110000
000000000000000000000000000001000111000
000000000000000000000000000001001000000
000000000000000000000000000001001001000
000000000000000000000000000001001010000
000000000000000000000000000001001011000
000000000000000000000000000001001100000
000000000000000000000000000001001101000
000000000000000000000000000001001110000
000000000000000000000000000001001111000
000000000000000000000000000001010000000
000000000000000000000000000001010001000
000000000000000000000000000001010010000
000000000000000000000000000001010011000
000000000000000000000000000001010100000
000000000000000000000000000001010101000
000000000000000000000000000001010110000
000000000000000000000000000001010111000
000000000000000000000000000001011000000
000000000000000000000000000001011001000
000000000000000000000000000001011010000
000000000000000000000000000001011011000
000000000000000000000000000001011100000
000000000000000000000000000001011101000
000000000000000000000000000001011110000
000000000000000000000000000001011111000
000000000000000000000000000001100000000
000000000000000000000000000001100001000
000000000000000000000000000001100010000
000000000000000000000000000001100011000
000000000000000000000000000001100100000
000000000000000000000000000001100101000
000000000000000000000000000001100110000
000000000000000000000000000001100111000
000000000000000000000000000001101000000
000000000000000000000000000001101001000
000000000000000000000000000001101010000
000000000000000000000000000001101011000
000000000000000000000000000001101100000
000000000000000000000000000001101101000
000000000000000000000000000001101110000
000000000000000000000000000001101111000
000000000000000000000000000001110000000
000000000000000000000000000001110001000
000000000000000000000000000001110010000
000000000000000000000000000001110011000
000000000000000000000000000001110100000
000000000000000000000000000001110101000
000000000000000000000000000001110110000
000000000000000000000000000001110111000
000000000000000000000000000001111000000
000000000000000000000000000001111001000
000000000000000000000000000001111010000
000000000000000000000000000001111011000
000000000000000000000000000001111100000
000000000000000000000000000001111101000
000000000000000000000000000001111110000
000000000000000000000000000001111111000
000000000000000000000000000010000000000
000000000000000000000000000010000001000
000000000000000000000000000010000010000
000000000000000000000000000010000011000
000000000000000000000000000010000100000
000000000000000000000000000010000101000
000000000000000000000000000010000110000
000000000000000000000000000010000111000
000000000000000000000000000010001000000
000000000000000000000000000010001001000
000000000000000000000000000010001010000
000000000000000000000000000010001011000
000000000000000000000000000010001100000
000000000000000000000000000010001101000
000000000000000000000000000010001110000
000000000000000000000000000010001111000
000000000000000000000000000010010000000
000000000000000000000000000010010001000
000000000000000000000000000010010010000
000000000000000000000000000010010011000
000000000000000000000000000010010100000
000000000000000000000000000010010101000
000000000000000000000000000010010110000
000000000000000000000000000010010111000
000000000000000000000000000010011000000
000000000000000000000000000010011001000
000000000000000000000000000010011010000
000000000000000000000000000010011011000
000000000000000000000000000010011100000
000000000000000000000000000010011101000
000000000000000000000000000010011110000
000000000000000000000000000010011111000
000000000000000000000000000010100000000
000000000000000000000000000010100001000
000000000000000000000000000010100010000
000000000000000000000000000010100011000
000000000000000000000000000010100100000
000000000000000000000000000010100101000
000000000000000000000000000010100110000
000000000000000000000000000010100111000
000000000000000000000000000010101000000
000000000000000000000000000010101001000
000000000000000000000000000010101010000
000000000000000000000000000010101011000
000000000000000000000000000010101100000
000000000000000000000000000010101101000
000000000000000000000000000010101110000
000000000000000000000000000010101111000
000000000000000000000000000010110000000
000000000000000000000000000010110001000
000000000000000000000000000010110010000
000000000000000000000000000010110011000
000000000000000000000000000010110100000
000000000000000000000000000010110101000
000000000000000000000000000010110110000
000000000000000000000000000010110111000
000000000000000000000000000010111000000
000000000000000000000000000010111001000
000000000000000000000000000010111010000
000000000000000000000000000010111011000
000000000000000000000000000010111100000
000000000000000000000000000010111101000
000000000000000000000000000010111110000
000000000000000000000000000010111111000
000000000000000000000000000011000000000
000000000000000000000000000011000001000
000000000000000000000000000011000010000
000000000000000000000000000011000011000
000000000000000000000000000011000100000
000000000000000000000000000011000101000
000000000000000000000000000011000110000
000000000000000000000000000011000111000
000000000000000000000000000011001000000
000000000000000000000000000011001001000
000000000000000000000000000011001010000
000000000000000000000000000011001011000
000000000000000000000000000011001100000
000000000000000000000000000011001101000
000000000000000000000000000011001110000
000000000000000000000000000011001111000
000000000000000000000000000011010000000
000000000000000000000000000011010001000
000000000000000000000000000011010010000
000000000000000000000000000011010011000
000000000000000000000000000011010100000
000000000000000000000000000011010101000
000000000000000000000000000011010110000
000000000000000000000000000011010111000
000000000000000000000000000011011000000
000000000000000000000000000011011001000
000000000000000000000000000011011010000
000000000000000000000000000011011011000
000000000000000000000000000011011100000
000000000000000000000000000011011101000
000000000000000000000000000011011110000
000000000000000000000000000011011111000
000000000000000000000000000011100000000
000000000000000000000000000011100001000
000000000000000000000000000011100010000
000000000000000000000000000011100011000
000000000000000000000000000011100100000
000000000000000000000000000011100101000
000000000000000000000000000011100110000
000000000000000000000000000011100111000
000000000000000000000000000011101000000
000000000000000000000000000011101001000
000000000000000000000000000011101010000
000000000000000000000000000011101011000
000000000000000000000000000011101100000
000000000000000000000000000011101101000
000000000000000000000000000011101110000
000000000000000000000000000011101111000
000000000000000000000000000011110000000
000000000000000000000000000011110001000
000000000000000000000000000011110010000
000000000000000000000000000011110011000
000000000000000000000000000011110100000
000000000000000000000000000011110101000
000000000000000000000000000011110110000
000000000000000000000000000011110111000
000000000000000000000000000011111000000
000000000000000000000000000011111001000
000000000000000000000000000011111010000
000000000000000000000000000011111011000
000000000000000000000000000011111100000
000000000000000000000000000011111101000
000000000000000000000000000011111110000
000000000000000000000000000011111111000
