000000000000000000000000000000000000000
000000000000000000000000000000001111011
000000000000000000000000000000011110110
000000000000000000000000000000101110001
000000000000000000000000000000111101100
000000000000000000000000000001001100111
000000000000000000000000000001011100010
000000000000000000000000000001101011101
000000000000000000000000000001111011000
000000000000000000000000000010001010011
000000000000000000000000000010011001110
000000000000000000000000000010101001001
000000000000000000000000000010111000100
000000000000000000000000000011000111111
000000000000000000000000000011010111010
000000000000000000000000000011100110101
000000000000000000000000000011110110000
000000000000000000000000000100000101011
000000000000000000000000000100010100110
000000000000000000000000000100100100001
000000000000000000000000000100110011100
000000000000000000000000000101000010111
000000000000000000000000000101010010010
000000000000000000000000000101100001101
000000000000000000000000000101110001000
000000000000000000000000000110000000011
000000000000000000000000000110001111110
000000000000000000000000000110011111001
000000000000000000000000000110101110100
000000000000000000000000000110111101111
000000000000000000000000000111001101010
000000000000000000000000000111011100101
000000000000000000000000000111101100000
000000000000000000000000000111111011011
000000000000000000000000001000001010110
000000000000000000000000001000011010001
000000000000000000000000001000101001100
000000000000000000000000001000111000111
000000000000000000000000001001001000010
000000000000000000000000001001010111101
000000000000000000000000001001100111000
000000000000000000000000001001110110011
000000000000000000000000001010000101110
000000000000000000000000001010010101001
000000000000000000000000001010100100100
000000000000000000000000001010110011111
000000000000000000000000001011000011010
000000000000000000000000001011010010101
000000000000000000000000001011100010000
000000000000000000000000001011110001011
000000000000000000000000001100000000110
000000000000000000000000001100010000001
000000000000000000000000001100011111100
000000000000000000000000001100101110111
000000000000000000000000001100111110010
000000000000000000000000001101001101101
000000000000000000000000001101011101000
000000000000000000000000001101101100011
000000000000000000000000001101111011110
000000000000000000000000001110001011001
000000000000000000000000001110011010100
000000000000000000000000001110101001111
000000000000000000000000001110111001010
000000000000000000000000001111001000101
000000000000000000000000001111011000000
000000000000000000000000001111100111011
000000000000000000000000001111110110110
000000000000000000000000010000000110001
000000000000000000000000010000010101100
000000000000000000000000010000100100111
000000000000000000000000010000110100010
000000000000000000000000010001000011101
000000000000000000000000010001010011000
000000000000000000000000010001100010011
000000000000000000000000010001110001110
000000000000000000000000010010000001001
000000000000000000000000010010010000100
000000000000000000000000010010011111111
000000000000000000000000010010101111010
000000000000000000000000010010111110101
000000000000000000000000010011001110000
000000000000000000000000010011011101011
000000000000000000000000010011101100110
000000000000000000000000010011111100001
000000000000000000000000010100001011100
000000000000000000000000010100011010111
000000000000000000000000010100101010010
000000000000000000000000010100111001101
000000000000000000000000010101001001000
000000000000000000000000010101011000011
000000000000000000000000010101100111110
000000000000000000000000010101110111001
000000000000000000000000010110000110100
000000000000000000000000010110010101111
000000000000000000000000010110100101010
000000000000000000000000010110110100101
000000000000000000000000010111000100000
000000000000000000000000010111010011011
000000000000000000000000010111100010110
000000000000000000000000010111110010001
000000000000000000000000011000000001100
000000000000000000000000011000010000111
000000000000000000000000011000100000010
000000000000000000000000011000101111101
000000000000000000000000011000111111000
000000000000000000000000011001001110011
000000000000000000000000011001011101110
000000000000000000000000011001101101001
000000000000000000000000011001111100100
000000000000000000000000011010001011111
000000000000000000000000011010011011010
000000000000000000000000011010101010101
000000000000000000000000011010111010000
000000000000000000000000011011001001011
000000000000000000000000011011011000110
000000000000000000000000011011101000001
000000000000000000000000011011110111100
000000000000000000000000011100000110111
000000000000000000000000011100010110010
000000000000000000000000011100100101101
000000000000000000000000011100110101000
000000000000000000000000011101000100011
000000000000000000000000011101010011110
000000000000000000000000011101100011001
000000000000000000000000011101110010100
000000000000000000000000011110000001111
000000000000000000000000011110010001010
000000000000000000000000011110100000101
000000000000000000000000011110110000000
000000000000000000000000011110111111011
000000000000000000000000011111001110110
000000000000000000000000011111011110001
000000000000000000000000011111101101100
000000000000000000000000011111111100111
000000000000000000000000100000001100010
000000000000000000000000100000011011101
000000000000000000000000100000101011000
000000000000000000000000100000111010011
000000000000000000000000100001001001110
000000000000000000000000100001011001001
000000000000000000000000100001101000100
000000000000000000000000100001110111111
000000000000000000000000100010000111010
000000000000000000000000100010010110101
000000000000000000000000100010100110000
000000000000000000000000100010110101011
000000000000000000000000100011000100110
000000000000000000000000100011010100001
000000000000000000000000100011100011100
000000000000000000000000100011110010111
000000000000000000000000100100000010010
000000000000000000000000100100010001101
000000000000000000000000100100100001000
000000000000000000000000100100110000011
000000000000000000000000100100111111110
000000000000000000000000100101001111001
000000000000000000000000100101011110100
000000000000000000000000100101101101111
000000000000000000000000100101111101010
000000000000000000000000100110001100101
000000000000000000000000100110011100000
000000000000000000000000100110101011011
000000000000000000000000100110111010110
000000000000000000000000100111001010001
000000000000000000000000100111011001100
000000000000000000000000100111101000111
000000000000000000000000100111111000010
000000000000000000000000101000000111101
000000000000000000000000101000010111000
000000000000000000000000101000100110011
000000000000000000000000101000110101110
000000000000000000000000101001000101001
000000000000000000000000101001010100100
000000000000000000000000101001100011111
000000000000000000000000101001110011010
000000000000000000000000101010000010101
000000000000000000000000101010010010000
000000000000000000000000101010100001011
000000000000000000000000101010110000110
000000000000000000000000101011000000001
000000000000000000000000101011001111100
000000000000000000000000101011011110111
000000000000000000000000101011101110010
000000000000000000000000101011111101101
000000000000000000000000101100001101000
000000000000000000000000101100011100011
000000000000000000000000101100101011110
000000000000000000000000101100111011001
000000000000000000000000101101001010100
000000000000000000000000101101011001111
000000000000000000000000101101101001010
000000000000000000000000101101111000101
000000000000000000000000101110001000000
000000000000000000000000101110010111011
000000000000000000000000101110100110110
000000000000000000000000101110110110001
000000000000000000000000101111000101100
000000000000000000000000101111010100111
000000000000000000000000101111100100010
000000000000000000000000101111110011101
000000000000000000000000110000000011000
000000000000000000000000110000010010011
000000000000000000000000110000100001110
000000000000000000000000110000110001001
000000000000000000000000110001000000100
000000000000000000000000110001001111111
000000000000000000000000110001011111010
000000000000000000000000110001101110101
000000000000000000000000110001111110000
000000000000000000000000110010001101011
000000000000000000000000110010011100110
000000000000000000000000110010101100001
000000000000000000000000110010111011100
000000000000000000000000110011001010111
000000000000000000000000110011011010010
000000000000000000000000110011101001101
000000000000000000000000110011111001000
000000000000000000000000110100001000011
000000000000000000000000110100010111110
000000000000000000000000110100100111001
000000000000000000000000110100110110100
000000000000000000000000110101000101111
000000000000000000000000110101010101010
000000000000000000000000110101100100101
000000000000000000000000110101110100000
000000000000000000000000110110000011011
000000000000000000000000110110010010110
000000000000000000000000110110100010001
000000000000000000000000110110110001100
000000000000000000000000110111000000111
000000000000000000000000110111010000010
000000000000000000000000110111011111101
000000000000000000000000110111101111000
000000000000000000000000110111111110011
000000000000000000000000111000001101110
000000000000000000000000111000011101001
000000000000000000000000111000101100100
000000000000000000000000111000111011111
000000000000000000000000111001001011010
000000000000000000000000111001011010101
000000000000000000000000111001101010000
000000000000000000000000111001111001011
000000000000000000000000111010001000110
000000000000000000000000111010011000001
000000000000000000000000111010100111100
000000000000000000000000111010110110111
000000000000000000000000111011000110010
000000000000000000000000111011010101101
000000000000000000000000111011100101000
000000000000000000000000111011110100011
000000000000000000000000111100000011110
000000000000000000000000111100010011001
000000000000000000000000111100100010100
000000000000000000000000111100110001111
000000000000000000000000111101000001010
000000000000000000000000111101010000101
