000000000000000000000000000000000000000
111111111111111111111111111111110101100
111111111111111111111111111111101011000
111111111111111111111111111111100000100
111111111111111111111111111111010110000
111111111111111111111111111111001011100
111111111111111111111111111111000001000
111111111111111111111111111110110110100
111111111111111111111111111110101100000
111111111111111111111111111110100001100
111111111111111111111111111110010111000
111111111111111111111111111110001100100
111111111111111111111111111110000010000
111111111111111111111111111101110111100
111111111111111111111111111101101101000
111111111111111111111111111101100010100
111111111111111111111111111101011000000
111111111111111111111111111101001101100
111111111111111111111111111101000011000
111111111111111111111111111100111000100
111111111111111111111111111100101110000
111111111111111111111111111100100011100
111111111111111111111111111100011001000
111111111111111111111111111100001110100
111111111111111111111111111100000100000
111111111111111111111111111011111001100
111111111111111111111111111011101111000
111111111111111111111111111011100100100
111111111111111111111111111011011010000
111111111111111111111111111011001111100
111111111111111111111111111011000101000
111111111111111111111111111010111010100
111111111111111111111111111010110000000
111111111111111111111111111010100101100
111111111111111111111111111010011011000
111111111111111111111111111010010000100
111111111111111111111111111010000110000
111111111111111111111111111001111011100
111111111111111111111111111001110001000
111111111111111111111111111001100110100
111111111111111111111111111001011100000
111111111111111111111111111001010001100
111111111111111111111111111001000111000
111111111111111111111111111000111100100
111111111111111111111111111000110010000
111111111111111111111111111000100111100
111111111111111111111111111000011101000
111111111111111111111111111000010010100
111111111111111111111111111000001000000
111111111111111111111111110111111101100
111111111111111111111111110111110011000
111111111111111111111111110111101000100
111111111111111111111111110111011110000
111111111111111111111111110111010011100
111111111111111111111111110111001001000
111111111111111111111111110110111110100
111111111111111111111111110110110100000
111111111111111111111111110110101001100
111111111111111111111111110110011111000
111111111111111111111111110110010100100
111111111111111111111111110110001010000
111111111111111111111111110101111111100
111111111111111111111111110101110101000
111111111111111111111111110101101010100
111111111111111111111111110101100000000
111111111111111111111111110101010101100
111111111111111111111111110101001011000
111111111111111111111111110101000000100
111111111111111111111111110100110110000
111111111111111111111111110100101011100
111111111111111111111111110100100001000
111111111111111111111111110100010110100
111111111111111111111111110100001100000
111111111111111111111111110100000001100
111111111111111111111111110011110111000
111111111111111111111111110011101100100
111111111111111111111111110011100010000
111111111111111111111111110011010111100
111111111111111111111111110011001101000
111111111111111111111111110011000010100
111111111111111111111111110010111000000
111111111111111111111111110010101101100
111111111111111111111111110010100011000
111111111111111111111111110010011000100
111111111111111111111111110010001110000
111111111111111111111111110010000011100
111111111111111111111111110001111001000
111111111111111111111111110001101110100
111111111111111111111111110001100100000
111111111111111111111111110001011001100
111111111111111111111111110001001111000
111111111111111111111111110001000100100
111111111111111111111111110000111010000
111111111111111111111111110000101111100
111111111111111111111111110000100101000
111111111111111111111111110000011010100
111111111111111111111111110000010000000
111111111111111111111111110000000101100
111111111111111111111111101111111011000
111111111111111111111111101111110000100
111111111111111111111111101111100110000
111111111111111111111111101111011011100
111111111111111111111111101111010001000
111111111111111111111111101111000110100
111111111111111111111111101110111100000
111111111111111111111111101110110001100
111111111111111111111111101110100111000
111111111111111111111111101110011100100
111111111111111111111111101110010010000
111111111111111111111111101110000111100
111111111111111111111111101101111101000
111111111111111111111111101101110010100
111111111111111111111111101101101000000
111111111111111111111111101101011101100
111111111111111111111111101101010011000
111111111111111111111111101101001000100
111111111111111111111111101100111110000
111111111111111111111111101100110011100
111111111111111111111111101100101001000
111111111111111111111111101100011110100
111111111111111111111111101100010100000
111111111111111111111111101100001001100
111111111111111111111111101011111111000
111111111111111111111111101011110100100
111111111111111111111111101011101010000
111111111111111111111111101011011111100
111111111111111111111111101011010101000
111111111111111111111111101011001010100
111111111111111111111111101011000000000
111111111111111111111111101010110101100
111111111111111111111111101010101011000
111111111111111111111111101010100000100
111111111111111111111111101010010110000
111111111111111111111111101010001011100
111111111111111111111111101010000001000
111111111111111111111111101001110110100
111111111111111111111111101001101100000
111111111111111111111111101001100001100
111111111111111111111111101001010111000
111111111111111111111111101001001100100
111111111111111111111111101001000010000
111111111111111111111111101000110111100
111111111111111111111111101000101101000
111111111111111111111111101000100010100
111111111111111111111111101000011000000
111111111111111111111111101000001101100
111111111111111111111111101000000011000
111111111111111111111111100111111000100
111111111111111111111111100111101110000
111111111111111111111111100111100011100
111111111111111111111111100111011001000
111111111111111111111111100111001110100
111111111111111111111111100111000100000
111111111111111111111111100110111001100
111111111111111111111111100110101111000
111111111111111111111111100110100100100
111111111111111111111111100110011010000
111111111111111111111111100110001111100
111111111111111111111111100110000101000
111111111111111111111111100101111010100
111111111111111111111111100101110000000
111111111111111111111111100101100101100
111111111111111111111111100101011011000
111111111111111111111111100101010000100
111111111111111111111111100101000110000
111111111111111111111111100100111011100
111111111111111111111111100100110001000
111111111111111111111111100100100110100
111111111111111111111111100100011100000
111111111111111111111111100100010001100
111111111111111111111111100100000111000
111111111111111111111111100011111100100
111111111111111111111111100011110010000
111111111111111111111111100011100111100
111111111111111111111111100011011101000
111111111111111111111111100011010010100
111111111111111111111111100011001000000
111111111111111111111111100010111101100
111111111111111111111111100010110011000
111111111111111111111111100010101000100
111111111111111111111111100010011110000
111111111111111111111111100010010011100
111111111111111111111111100010001001000
111111111111111111111111100001111110100
111111111111111111111111100001110100000
111111111111111111111111100001101001100
111111111111111111111111100001011111000
111111111111111111111111100001010100100
111111111111111111111111100001001010000
111111111111111111111111100000111111100
111111111111111111111111100000110101000
111111111111111111111111100000101010100
111111111111111111111111100000100000000
111111111111111111111111100000010101100
111111111111111111111111100000001011000
111111111111111111111111100000000000100
111111111111111111111111011111110110000
111111111111111111111111011111101011100
111111111111111111111111011111100001000
111111111111111111111111011111010110100
111111111111111111111111011111001100000
111111111111111111111111011111000001100
111111111111111111111111011110110111000
111111111111111111111111011110101100100
111111111111111111111111011110100010000
111111111111111111111111011110010111100
111111111111111111111111011110001101000
111111111111111111111111011110000010100
111111111111111111111111011101111000000
111111111111111111111111011101101101100
111111111111111111111111011101100011000
111111111111111111111111011101011000100
111111111111111111111111011101001110000
111111111111111111111111011101000011100
111111111111111111111111011100111001000
111111111111111111111111011100101110100
111111111111111111111111011100100100000
111111111111111111111111011100011001100
111111111111111111111111011100001111000
111111111111111111111111011100000100100
111111111111111111111111011011111010000
111111111111111111111111011011101111100
111111111111111111111111011011100101000
111111111111111111111111011011011010100
111111111111111111111111011011010000000
111111111111111111111111011011000101100
111111111111111111111111011010111011000
111111111111111111111111011010110000100
111111111111111111111111011010100110000
111111111111111111111111011010011011100
111111111111111111111111011010010001000
111111111111111111111111011010000110100
111111111111111111111111011001111100000
111111111111111111111111011001110001100
111111111111111111111111011001100111000
111111111111111111111111011001011100100
111111111111111111111111011001010010000
111111111111111111111111011001000111100
111111111111111111111111011000111101000
111111111111111111111111011000110010100
111111111111111111111111011000101000000
111111111111111111111111011000011101100
111111111111111111111111011000010011000
111111111111111111111111011000001000100
111111111111111111111111010111111110000
111111111111111111111111010111110011100
111111111111111111111111010111101001000
111111111111111111111111010111011110100
111111111111111111111111010111010100000
111111111111111111111111010111001001100
111111111111111111111111010110111111000
111111111111111111111111010110110100100
111111111111111111111111010110101010000
111111111111111111111111010110011111100
111111111111111111111111010110010101000
111111111111111111111111010110001010100
