000000000000000000000000000000000000000
111111111111111111111111111111100101111
111111111111111111111111111111001011110
111111111111111111111111111110110001101
111111111111111111111111111110010111100
111111111111111111111111111101111101011
111111111111111111111111111101100011010
111111111111111111111111111101001001001
111111111111111111111111111100101111000
111111111111111111111111111100010100111
111111111111111111111111111011111010110
111111111111111111111111111011100000101
111111111111111111111111111011000110100
111111111111111111111111111010101100011
111111111111111111111111111010010010010
111111111111111111111111111001111000001
111111111111111111111111111001011110000
111111111111111111111111111001000011111
111111111111111111111111111000101001110
111111111111111111111111111000001111101
111111111111111111111111110111110101100
111111111111111111111111110111011011011
111111111111111111111111110111000001010
111111111111111111111111110110100111001
111111111111111111111111110110001101000
111111111111111111111111110101110010111
111111111111111111111111110101011000110
111111111111111111111111110100111110101
111111111111111111111111110100100100100
111111111111111111111111110100001010011
111111111111111111111111110011110000010
111111111111111111111111110011010110001
111111111111111111111111110010111100000
111111111111111111111111110010100001111
111111111111111111111111110010000111110
111111111111111111111111110001101101101
111111111111111111111111110001010011100
111111111111111111111111110000111001011
111111111111111111111111110000011111010
111111111111111111111111110000000101001
111111111111111111111111101111101011000
111111111111111111111111101111010000111
111111111111111111111111101110110110110
111111111111111111111111101110011100101
111111111111111111111111101110000010100
111111111111111111111111101101101000011
111111111111111111111111101101001110010
111111111111111111111111101100110100001
111111111111111111111111101100011010000
111111111111111111111111101011111111111
111111111111111111111111101011100101110
111111111111111111111111101011001011101
111111111111111111111111101010110001100
111111111111111111111111101010010111011
111111111111111111111111101001111101010
111111111111111111111111101001100011001
111111111111111111111111101001001001000
111111111111111111111111101000101110111
111111111111111111111111101000010100110
111111111111111111111111100111111010101
111111111111111111111111100111100000100
111111111111111111111111100111000110011
111111111111111111111111100110101100010
111111111111111111111111100110010010001
111111111111111111111111100101111000000
111111111111111111111111100101011101111
111111111111111111111111100101000011110
111111111111111111111111100100101001101
111111111111111111111111100100001111100
111111111111111111111111100011110101011
111111111111111111111111100011011011010
111111111111111111111111100011000001001
111111111111111111111111100010100111000
111111111111111111111111100010001100111
111111111111111111111111100001110010110
111111111111111111111111100001011000101
111111111111111111111111100000111110100
111111111111111111111111100000100100011
111111111111111111111111100000001010010
111111111111111111111111011111110000001
111111111111111111111111011111010110000
111111111111111111111111011110111011111
111111111111111111111111011110100001110
111111111111111111111111011110000111101
111111111111111111111111011101101101100
111111111111111111111111011101010011011
111111111111111111111111011100111001010
111111111111111111111111011100011111001
111111111111111111111111011100000101000
111111111111111111111111011011101010111
111111111111111111111111011011010000110
111111111111111111111111011010110110101
111111111111111111111111011010011100100
111111111111111111111111011010000010011
111111111111111111111111011001101000010
111111111111111111111111011001001110001
111111111111111111111111011000110100000
111111111111111111111111011000011001111
111111111111111111111111010111111111110
111111111111111111111111010111100101101
111111111111111111111111010111001011100
111111111111111111111111010110110001011
111111111111111111111111010110010111010
111111111111111111111111010101111101001
111111111111111111111111010101100011000
111111111111111111111111010101001000111
111111111111111111111111010100101110110
111111111111111111111111010100010100101
111111111111111111111111010011111010100
111111111111111111111111010011100000011
111111111111111111111111010011000110010
111111111111111111111111010010101100001
111111111111111111111111010010010010000
111111111111111111111111010001110111111
111111111111111111111111010001011101110
111111111111111111111111010001000011101
111111111111111111111111010000101001100
111111111111111111111111010000001111011
111111111111111111111111001111110101010
111111111111111111111111001111011011001
111111111111111111111111001111000001000
111111111111111111111111001110100110111
111111111111111111111111001110001100110
111111111111111111111111001101110010101
111111111111111111111111001101011000100
111111111111111111111111001100111110011
111111111111111111111111001100100100010
111111111111111111111111001100001010001
111111111111111111111111001011110000000
111111111111111111111111001011010101111
111111111111111111111111001010111011110
111111111111111111111111001010100001101
111111111111111111111111001010000111100
111111111111111111111111001001101101011
111111111111111111111111001001010011010
111111111111111111111111001000111001001
111111111111111111111111001000011111000
111111111111111111111111001000000100111
111111111111111111111111000111101010110
111111111111111111111111000111010000101
111111111111111111111111000110110110100
111111111111111111111111000110011100011
111111111111111111111111000110000010010
111111111111111111111111000101101000001
111111111111111111111111000101001110000
111111111111111111111111000100110011111
111111111111111111111111000100011001110
111111111111111111111111000011111111101
111111111111111111111111000011100101100
111111111111111111111111000011001011011
111111111111111111111111000010110001010
111111111111111111111111000010010111001
111111111111111111111111000001111101000
111111111111111111111111000001100010111
111111111111111111111111000001001000110
111111111111111111111111000000101110101
111111111111111111111111000000010100100
111111111111111111111110111111111010011
111111111111111111111110111111100000010
111111111111111111111110111111000110001
111111111111111111111110111110101100000
111111111111111111111110111110010001111
111111111111111111111110111101110111110
111111111111111111111110111101011101101
111111111111111111111110111101000011100
111111111111111111111110111100101001011
111111111111111111111110111100001111010
111111111111111111111110111011110101001
111111111111111111111110111011011011000
111111111111111111111110111011000000111
111111111111111111111110111010100110110
111111111111111111111110111010001100101
111111111111111111111110111001110010100
111111111111111111111110111001011000011
111111111111111111111110111000111110010
111111111111111111111110111000100100001
111111111111111111111110111000001010000
111111111111111111111110110111101111111
111111111111111111111110110111010101110
111111111111111111111110110110111011101
111111111111111111111110110110100001100
111111111111111111111110110110000111011
111111111111111111111110110101101101010
111111111111111111111110110101010011001
111111111111111111111110110100111001000
111111111111111111111110110100011110111
111111111111111111111110110100000100110
111111111111111111111110110011101010101
111111111111111111111110110011010000100
111111111111111111111110110010110110011
111111111111111111111110110010011100010
111111111111111111111110110010000010001
111111111111111111111110110001101000000
111111111111111111111110110001001101111
111111111111111111111110110000110011110
111111111111111111111110110000011001101
111111111111111111111110101111111111100
111111111111111111111110101111100101011
111111111111111111111110101111001011010
111111111111111111111110101110110001001
111111111111111111111110101110010111000
111111111111111111111110101101111100111
111111111111111111111110101101100010110
111111111111111111111110101101001000101
111111111111111111111110101100101110100
111111111111111111111110101100010100011
111111111111111111111110101011111010010
111111111111111111111110101011100000001
111111111111111111111110101011000110000
111111111111111111111110101010101011111
111111111111111111111110101010010001110
111111111111111111111110101001110111101
111111111111111111111110101001011101100
111111111111111111111110101001000011011
111111111111111111111110101000101001010
111111111111111111111110101000001111001
111111111111111111111110100111110101000
111111111111111111111110100111011010111
111111111111111111111110100111000000110
111111111111111111111110100110100110101
111111111111111111111110100110001100100
111111111111111111111110100101110010011
111111111111111111111110100101011000010
111111111111111111111110100100111110001
111111111111111111111110100100100100000
111111111111111111111110100100001001111
111111111111111111111110100011101111110
111111111111111111111110100011010101101
111111111111111111111110100010111011100
111111111111111111111110100010100001011
111111111111111111111110100010000111010
111111111111111111111110100001101101001
111111111111111111111110100001010011000
111111111111111111111110100000111000111
111111111111111111111110100000011110110
111111111111111111111110100000000100101
111111111111111111111110011111101010100
111111111111111111111110011111010000011
111111111111111111111110011110110110010
111111111111111111111110011110011100001
111111111111111111111110011110000010000
111111111111111111111110011101100111111
111111111111111111111110011101001101110
111111111111111111111110011100110011101
111111111111111111111110011100011001100
111111111111111111111110011011111111011
111111111111111111111110011011100101010
111111111111111111111110011011001011001
111111111111111111111110011010110001000
111111111111111111111110011010010110111
111111111111111111111110011001111100110
111111111111111111111110011001100010101
111111111111111111111110011001001000100
111111111111111111111110011000101110011
111111111111111111111110011000010100010
111111111111111111111110010111111010001
