000000000000000000000000000000000000000
000000000000000000000000000000011100110
000000000000000000000000000000111001100
000000000000000000000000000001010110010
000000000000000000000000000001110011000
000000000000000000000000000010001111110
000000000000000000000000000010101100100
000000000000000000000000000011001001010
000000000000000000000000000011100110000
000000000000000000000000000100000010110
000000000000000000000000000100011111100
000000000000000000000000000100111100010
000000000000000000000000000101011001000
000000000000000000000000000101110101110
000000000000000000000000000110010010100
000000000000000000000000000110101111010
000000000000000000000000000111001100000
000000000000000000000000000111101000110
000000000000000000000000001000000101100
000000000000000000000000001000100010010
000000000000000000000000001000111111000
000000000000000000000000001001011011110
000000000000000000000000001001111000100
000000000000000000000000001010010101010
000000000000000000000000001010110010000
000000000000000000000000001011001110110
000000000000000000000000001011101011100
000000000000000000000000001100001000010
000000000000000000000000001100100101000
000000000000000000000000001101000001110
000000000000000000000000001101011110100
000000000000000000000000001101111011010
000000000000000000000000001110011000000
000000000000000000000000001110110100110
000000000000000000000000001111010001100
000000000000000000000000001111101110010
000000000000000000000000010000001011000
000000000000000000000000010000100111110
000000000000000000000000010001000100100
000000000000000000000000010001100001010
000000000000000000000000010001111110000
000000000000000000000000010010011010110
000000000000000000000000010010110111100
000000000000000000000000010011010100010
000000000000000000000000010011110001000
000000000000000000000000010100001101110
000000000000000000000000010100101010100
000000000000000000000000010101000111010
000000000000000000000000010101100100000
000000000000000000000000010110000000110
000000000000000000000000010110011101100
000000000000000000000000010110111010010
000000000000000000000000010111010111000
000000000000000000000000010111110011110
000000000000000000000000011000010000100
000000000000000000000000011000101101010
000000000000000000000000011001001010000
000000000000000000000000011001100110110
000000000000000000000000011010000011100
000000000000000000000000011010100000010
000000000000000000000000011010111101000
000000000000000000000000011011011001110
000000000000000000000000011011110110100
000000000000000000000000011100010011010
000000000000000000000000011100110000000
000000000000000000000000011101001100110
000000000000000000000000011101101001100
000000000000000000000000011110000110010
000000000000000000000000011110100011000
000000000000000000000000011110111111110
000000000000000000000000011111011100100
000000000000000000000000011111111001010
000000000000000000000000100000010110000
000000000000000000000000100000110010110
000000000000000000000000100001001111100
000000000000000000000000100001101100010
000000000000000000000000100010001001000
000000000000000000000000100010100101110
000000000000000000000000100011000010100
000000000000000000000000100011011111010
000000000000000000000000100011111100000
000000000000000000000000100100011000110
000000000000000000000000100100110101100
000000000000000000000000100101010010010
000000000000000000000000100101101111000
000000000000000000000000100110001011110
000000000000000000000000100110101000100
000000000000000000000000100111000101010
000000000000000000000000100111100010000
000000000000000000000000100111111110110
000000000000000000000000101000011011100
000000000000000000000000101000111000010
000000000000000000000000101001010101000
000000000000000000000000101001110001110
000000000000000000000000101010001110100
000000000000000000000000101010101011010
000000000000000000000000101011001000000
000000000000000000000000101011100100110
000000000000000000000000101100000001100
000000000000000000000000101100011110010
000000000000000000000000101100111011000
000000000000000000000000101101010111110
000000000000000000000000101101110100100
000000000000000000000000101110010001010
000000000000000000000000101110101110000
000000000000000000000000101111001010110
000000000000000000000000101111100111100
000000000000000000000000110000000100010
000000000000000000000000110000100001000
000000000000000000000000110000111101110
000000000000000000000000110001011010100
000000000000000000000000110001110111010
000000000000000000000000110010010100000
000000000000000000000000110010110000110
000000000000000000000000110011001101100
000000000000000000000000110011101010010
000000000000000000000000110100000111000
000000000000000000000000110100100011110
000000000000000000000000110101000000100
000000000000000000000000110101011101010
000000000000000000000000110101111010000
000000000000000000000000110110010110110
000000000000000000000000110110110011100
000000000000000000000000110111010000010
000000000000000000000000110111101101000
000000000000000000000000111000001001110
000000000000000000000000111000100110100
000000000000000000000000111001000011010
000000000000000000000000111001100000000
000000000000000000000000111001111100110
000000000000000000000000111010011001100
000000000000000000000000111010110110010
000000000000000000000000111011010011000
000000000000000000000000111011101111110
000000000000000000000000111100001100100
000000000000000000000000111100101001010
000000000000000000000000111101000110000
000000000000000000000000111101100010110
000000000000000000000000111101111111100
000000000000000000000000111110011100010
000000000000000000000000111110111001000
000000000000000000000000111111010101110
000000000000000000000000111111110010100
000000000000000000000001000000001111010
000000000000000000000001000000101100000
000000000000000000000001000001001000110
000000000000000000000001000001100101100
000000000000000000000001000010000010010
000000000000000000000001000010011111000
000000000000000000000001000010111011110
000000000000000000000001000011011000100
000000000000000000000001000011110101010
000000000000000000000001000100010010000
000000000000000000000001000100101110110
000000000000000000000001000101001011100
000000000000000000000001000101101000010
000000000000000000000001000110000101000
000000000000000000000001000110100001110
000000000000000000000001000110111110100
000000000000000000000001000111011011010
000000000000000000000001000111111000000
000000000000000000000001001000010100110
000000000000000000000001001000110001100
000000000000000000000001001001001110010
000000000000000000000001001001101011000
000000000000000000000001001010000111110
000000000000000000000001001010100100100
000000000000000000000001001011000001010
000000000000000000000001001011011110000
000000000000000000000001001011111010110
000000000000000000000001001100010111100
000000000000000000000001001100110100010
000000000000000000000001001101010001000
000000000000000000000001001101101101110
000000000000000000000001001110001010100
000000000000000000000001001110100111010
000000000000000000000001001111000100000
000000000000000000000001001111100000110
000000000000000000000001001111111101100
000000000000000000000001010000011010010
000000000000000000000001010000110111000
000000000000000000000001010001010011110
000000000000000000000001010001110000100
000000000000000000000001010010001101010
000000000000000000000001010010101010000
000000000000000000000001010011000110110
000000000000000000000001010011100011100
000000000000000000000001010100000000010
000000000000000000000001010100011101000
000000000000000000000001010100111001110
000000000000000000000001010101010110100
000000000000000000000001010101110011010
000000000000000000000001010110010000000
000000000000000000000001010110101100110
000000000000000000000001010111001001100
000000000000000000000001010111100110010
000000000000000000000001011000000011000
000000000000000000000001011000011111110
000000000000000000000001011000111100100
000000000000000000000001011001011001010
000000000000000000000001011001110110000
000000000000000000000001011010010010110
000000000000000000000001011010101111100
000000000000000000000001011011001100010
000000000000000000000001011011101001000
000000000000000000000001011100000101110
000000000000000000000001011100100010100
000000000000000000000001011100111111010
000000000000000000000001011101011100000
000000000000000000000001011101111000110
000000000000000000000001011110010101100
000000000000000000000001011110110010010
000000000000000000000001011111001111000
000000000000000000000001011111101011110
000000000000000000000001100000001000100
000000000000000000000001100000100101010
000000000000000000000001100001000010000
000000000000000000000001100001011110110
000000000000000000000001100001111011100
000000000000000000000001100010011000010
000000000000000000000001100010110101000
000000000000000000000001100011010001110
000000000000000000000001100011101110100
000000000000000000000001100100001011010
000000000000000000000001100100101000000
000000000000000000000001100101000100110
000000000000000000000001100101100001100
000000000000000000000001100101111110010
000000000000000000000001100110011011000
000000000000000000000001100110110111110
000000000000000000000001100111010100100
000000000000000000000001100111110001010
000000000000000000000001101000001110000
000000000000000000000001101000101010110
000000000000000000000001101001000111100
000000000000000000000001101001100100010
000000000000000000000001101010000001000
000000000000000000000001101010011101110
000000000000000000000001101010111010100
000000000000000000000001101011010111010
000000000000000000000001101011110100000
000000000000000000000001101100010000110
000000000000000000000001101100101101100
000000000000000000000001101101001010010
000000000000000000000001101101100111000
000000000000000000000001101110000011110
000000000000000000000001101110100000100
000000000000000000000001101110111101010
000000000000000000000001101111011010000
000000000000000000000001101111110110110
000000000000000000000001110000010011100
000000000000000000000001110000110000010
000000000000000000000001110001001101000
000000000000000000000001110001101001110
000000000000000000000001110010000110100
000000000000000000000001110010100011010
