000000000000000000000000000000000000000
000000000000000000000000000000011010010
000000000000000000000000000000110100100
000000000000000000000000000001001110110
000000000000000000000000000001101001000
000000000000000000000000000010000011010
000000000000000000000000000010011101100
000000000000000000000000000010110111110
000000000000000000000000000011010010000
000000000000000000000000000011101100010
000000000000000000000000000100000110100
000000000000000000000000000100100000110
000000000000000000000000000100111011000
000000000000000000000000000101010101010
000000000000000000000000000101101111100
000000000000000000000000000110001001110
000000000000000000000000000110100100000
000000000000000000000000000110111110010
000000000000000000000000000111011000100
000000000000000000000000000111110010110
000000000000000000000000001000001101000
000000000000000000000000001000100111010
000000000000000000000000001001000001100
000000000000000000000000001001011011110
000000000000000000000000001001110110000
000000000000000000000000001010010000010
000000000000000000000000001010101010100
000000000000000000000000001011000100110
000000000000000000000000001011011111000
000000000000000000000000001011111001010
000000000000000000000000001100010011100
000000000000000000000000001100101101110
000000000000000000000000001101001000000
000000000000000000000000001101100010010
000000000000000000000000001101111100100
000000000000000000000000001110010110110
000000000000000000000000001110110001000
000000000000000000000000001111001011010
000000000000000000000000001111100101100
000000000000000000000000001111111111110
000000000000000000000000010000011010000
000000000000000000000000010000110100010
000000000000000000000000010001001110100
000000000000000000000000010001101000110
000000000000000000000000010010000011000
000000000000000000000000010010011101010
000000000000000000000000010010110111100
000000000000000000000000010011010001110
000000000000000000000000010011101100000
000000000000000000000000010100000110010
000000000000000000000000010100100000100
000000000000000000000000010100111010110
000000000000000000000000010101010101000
000000000000000000000000010101101111010
000000000000000000000000010110001001100
000000000000000000000000010110100011110
000000000000000000000000010110111110000
000000000000000000000000010111011000010
000000000000000000000000010111110010100
000000000000000000000000011000001100110
000000000000000000000000011000100111000
000000000000000000000000011001000001010
000000000000000000000000011001011011100
000000000000000000000000011001110101110
000000000000000000000000011010010000000
000000000000000000000000011010101010010
000000000000000000000000011011000100100
000000000000000000000000011011011110110
000000000000000000000000011011111001000
000000000000000000000000011100010011010
000000000000000000000000011100101101100
000000000000000000000000011101000111110
000000000000000000000000011101100010000
000000000000000000000000011101111100010
000000000000000000000000011110010110100
000000000000000000000000011110110000110
000000000000000000000000011111001011000
000000000000000000000000011111100101010
000000000000000000000000011111111111100
000000000000000000000000100000011001110
000000000000000000000000100000110100000
000000000000000000000000100001001110010
000000000000000000000000100001101000100
000000000000000000000000100010000010110
000000000000000000000000100010011101000
000000000000000000000000100010110111010
000000000000000000000000100011010001100
000000000000000000000000100011101011110
000000000000000000000000100100000110000
000000000000000000000000100100100000010
000000000000000000000000100100111010100
000000000000000000000000100101010100110
000000000000000000000000100101101111000
000000000000000000000000100110001001010
000000000000000000000000100110100011100
000000000000000000000000100110111101110
000000000000000000000000100111011000000
000000000000000000000000100111110010010
000000000000000000000000101000001100100
000000000000000000000000101000100110110
000000000000000000000000101001000001000
000000000000000000000000101001011011010
000000000000000000000000101001110101100
000000000000000000000000101010001111110
000000000000000000000000101010101010000
000000000000000000000000101011000100010
000000000000000000000000101011011110100
000000000000000000000000101011111000110
000000000000000000000000101100010011000
000000000000000000000000101100101101010
000000000000000000000000101101000111100
000000000000000000000000101101100001110
000000000000000000000000101101111100000
000000000000000000000000101110010110010
000000000000000000000000101110110000100
000000000000000000000000101111001010110
000000000000000000000000101111100101000
000000000000000000000000101111111111010
000000000000000000000000110000011001100
000000000000000000000000110000110011110
000000000000000000000000110001001110000
000000000000000000000000110001101000010
000000000000000000000000110010000010100
000000000000000000000000110010011100110
000000000000000000000000110010110111000
000000000000000000000000110011010001010
000000000000000000000000110011101011100
000000000000000000000000110100000101110
000000000000000000000000110100100000000
000000000000000000000000110100111010010
000000000000000000000000110101010100100
000000000000000000000000110101101110110
000000000000000000000000110110001001000
000000000000000000000000110110100011010
000000000000000000000000110110111101100
000000000000000000000000110111010111110
000000000000000000000000110111110010000
000000000000000000000000111000001100010
000000000000000000000000111000100110100
000000000000000000000000111001000000110
000000000000000000000000111001011011000
000000000000000000000000111001110101010
000000000000000000000000111010001111100
000000000000000000000000111010101001110
000000000000000000000000111011000100000
000000000000000000000000111011011110010
000000000000000000000000111011111000100
000000000000000000000000111100010010110
000000000000000000000000111100101101000
000000000000000000000000111101000111010
000000000000000000000000111101100001100
000000000000000000000000111101111011110
000000000000000000000000111110010110000
000000000000000000000000111110110000010
000000000000000000000000111111001010100
000000000000000000000000111111100100110
000000000000000000000000111111111111000
000000000000000000000001000000011001010
000000000000000000000001000000110011100
000000000000000000000001000001001101110
000000000000000000000001000001101000000
000000000000000000000001000010000010010
000000000000000000000001000010011100100
000000000000000000000001000010110110110
000000000000000000000001000011010001000
000000000000000000000001000011101011010
000000000000000000000001000100000101100
000000000000000000000001000100011111110
000000000000000000000001000100111010000
000000000000000000000001000101010100010
000000000000000000000001000101101110100
000000000000000000000001000110001000110
000000000000000000000001000110100011000
000000000000000000000001000110111101010
000000000000000000000001000111010111100
000000000000000000000001000111110001110
000000000000000000000001001000001100000
000000000000000000000001001000100110010
000000000000000000000001001001000000100
000000000000000000000001001001011010110
000000000000000000000001001001110101000
000000000000000000000001001010001111010
000000000000000000000001001010101001100
000000000000000000000001001011000011110
000000000000000000000001001011011110000
000000000000000000000001001011111000010
000000000000000000000001001100010010100
000000000000000000000001001100101100110
000000000000000000000001001101000111000
000000000000000000000001001101100001010
000000000000000000000001001101111011100
000000000000000000000001001110010101110
000000000000000000000001001110110000000
000000000000000000000001001111001010010
000000000000000000000001001111100100100
000000000000000000000001001111111110110
000000000000000000000001010000011001000
000000000000000000000001010000110011010
000000000000000000000001010001001101100
000000000000000000000001010001100111110
000000000000000000000001010010000010000
000000000000000000000001010010011100010
000000000000000000000001010010110110100
000000000000000000000001010011010000110
000000000000000000000001010011101011000
000000000000000000000001010100000101010
000000000000000000000001010100011111100
000000000000000000000001010100111001110
000000000000000000000001010101010100000
000000000000000000000001010101101110010
000000000000000000000001010110001000100
000000000000000000000001010110100010110
000000000000000000000001010110111101000
000000000000000000000001010111010111010
000000000000000000000001010111110001100
000000000000000000000001011000001011110
000000000000000000000001011000100110000
000000000000000000000001011001000000010
000000000000000000000001011001011010100
000000000000000000000001011001110100110
000000000000000000000001011010001111000
000000000000000000000001011010101001010
000000000000000000000001011011000011100
000000000000000000000001011011011101110
000000000000000000000001011011111000000
000000000000000000000001011100010010010
000000000000000000000001011100101100100
000000000000000000000001011101000110110
000000000000000000000001011101100001000
000000000000000000000001011101111011010
000000000000000000000001011110010101100
000000000000000000000001011110101111110
000000000000000000000001011111001010000
000000000000000000000001011111100100010
000000000000000000000001011111111110100
000000000000000000000001100000011000110
000000000000000000000001100000110011000
000000000000000000000001100001001101010
000000000000000000000001100001100111100
000000000000000000000001100010000001110
000000000000000000000001100010011100000
000000000000000000000001100010110110010
000000000000000000000001100011010000100
000000000000000000000001100011101010110
000000000000000000000001100100000101000
000000000000000000000001100100011111010
000000000000000000000001100100111001100
000000000000000000000001100101010011110
000000000000000000000001100101101110000
000000000000000000000001100110001000010
000000000000000000000001100110100010100
000000000000000000000001100110111100110
000000000000000000000001100111010111000
000000000000000000000001100111110001010
000000000000000000000001101000001011100
000000000000000000000001101000100101110
