000000000000000000000000000000000000000
111111111111111111111111111111111001000
111111111111111111111111111111110010000
111111111111111111111111111111101011000
111111111111111111111111111111100100000
111111111111111111111111111111011101000
111111111111111111111111111111010110000
111111111111111111111111111111001111000
111111111111111111111111111111001000000
111111111111111111111111111111000001000
111111111111111111111111111110111010000
111111111111111111111111111110110011000
111111111111111111111111111110101100000
111111111111111111111111111110100101000
111111111111111111111111111110011110000
111111111111111111111111111110010111000
111111111111111111111111111110010000000
111111111111111111111111111110001001000
111111111111111111111111111110000010000
111111111111111111111111111101111011000
111111111111111111111111111101110100000
111111111111111111111111111101101101000
111111111111111111111111111101100110000
111111111111111111111111111101011111000
111111111111111111111111111101011000000
111111111111111111111111111101010001000
111111111111111111111111111101001010000
111111111111111111111111111101000011000
111111111111111111111111111100111100000
111111111111111111111111111100110101000
111111111111111111111111111100101110000
111111111111111111111111111100100111000
111111111111111111111111111100100000000
111111111111111111111111111100011001000
111111111111111111111111111100010010000
111111111111111111111111111100001011000
111111111111111111111111111100000100000
111111111111111111111111111011111101000
111111111111111111111111111011110110000
111111111111111111111111111011101111000
111111111111111111111111111011101000000
111111111111111111111111111011100001000
111111111111111111111111111011011010000
111111111111111111111111111011010011000
111111111111111111111111111011001100000
111111111111111111111111111011000101000
111111111111111111111111111010111110000
111111111111111111111111111010110111000
111111111111111111111111111010110000000
111111111111111111111111111010101001000
111111111111111111111111111010100010000
111111111111111111111111111010011011000
111111111111111111111111111010010100000
111111111111111111111111111010001101000
111111111111111111111111111010000110000
111111111111111111111111111001111111000
111111111111111111111111111001111000000
111111111111111111111111111001110001000
111111111111111111111111111001101010000
111111111111111111111111111001100011000
111111111111111111111111111001011100000
111111111111111111111111111001010101000
111111111111111111111111111001001110000
111111111111111111111111111001000111000
111111111111111111111111111001000000000
111111111111111111111111111000111001000
111111111111111111111111111000110010000
111111111111111111111111111000101011000
111111111111111111111111111000100100000
111111111111111111111111111000011101000
111111111111111111111111111000010110000
111111111111111111111111111000001111000
111111111111111111111111111000001000000
111111111111111111111111111000000001000
111111111111111111111111110111111010000
111111111111111111111111110111110011000
111111111111111111111111110111101100000
111111111111111111111111110111100101000
111111111111111111111111110111011110000
111111111111111111111111110111010111000
111111111111111111111111110111010000000
111111111111111111111111110111001001000
111111111111111111111111110111000010000
111111111111111111111111110110111011000
111111111111111111111111110110110100000
111111111111111111111111110110101101000
111111111111111111111111110110100110000
111111111111111111111111110110011111000
111111111111111111111111110110011000000
111111111111111111111111110110010001000
111111111111111111111111110110001010000
111111111111111111111111110110000011000
111111111111111111111111110101111100000
111111111111111111111111110101110101000
111111111111111111111111110101101110000
111111111111111111111111110101100111000
111111111111111111111111110101100000000
111111111111111111111111110101011001000
111111111111111111111111110101010010000
111111111111111111111111110101001011000
111111111111111111111111110101000100000
111111111111111111111111110100111101000
111111111111111111111111110100110110000
111111111111111111111111110100101111000
111111111111111111111111110100101000000
111111111111111111111111110100100001000
111111111111111111111111110100011010000
111111111111111111111111110100010011000
111111111111111111111111110100001100000
111111111111111111111111110100000101000
111111111111111111111111110011111110000
111111111111111111111111110011110111000
111111111111111111111111110011110000000
111111111111111111111111110011101001000
111111111111111111111111110011100010000
111111111111111111111111110011011011000
111111111111111111111111110011010100000
111111111111111111111111110011001101000
111111111111111111111111110011000110000
111111111111111111111111110010111111000
111111111111111111111111110010111000000
111111111111111111111111110010110001000
111111111111111111111111110010101010000
111111111111111111111111110010100011000
111111111111111111111111110010011100000
111111111111111111111111110010010101000
111111111111111111111111110010001110000
111111111111111111111111110010000111000
111111111111111111111111110010000000000
111111111111111111111111110001111001000
111111111111111111111111110001110010000
111111111111111111111111110001101011000
111111111111111111111111110001100100000
111111111111111111111111110001011101000
111111111111111111111111110001010110000
111111111111111111111111110001001111000
111111111111111111111111110001001000000
111111111111111111111111110001000001000
111111111111111111111111110000111010000
111111111111111111111111110000110011000
111111111111111111111111110000101100000
111111111111111111111111110000100101000
111111111111111111111111110000011110000
111111111111111111111111110000010111000
111111111111111111111111110000010000000
111111111111111111111111110000001001000
111111111111111111111111110000000010000
111111111111111111111111101111111011000
111111111111111111111111101111110100000
111111111111111111111111101111101101000
111111111111111111111111101111100110000
111111111111111111111111101111011111000
111111111111111111111111101111011000000
111111111111111111111111101111010001000
111111111111111111111111101111001010000
111111111111111111111111101111000011000
111111111111111111111111101110111100000
111111111111111111111111101110110101000
111111111111111111111111101110101110000
111111111111111111111111101110100111000
111111111111111111111111101110100000000
111111111111111111111111101110011001000
111111111111111111111111101110010010000
111111111111111111111111101110001011000
111111111111111111111111101110000100000
111111111111111111111111101101111101000
111111111111111111111111101101110110000
111111111111111111111111101101101111000
111111111111111111111111101101101000000
111111111111111111111111101101100001000
111111111111111111111111101101011010000
111111111111111111111111101101010011000
111111111111111111111111101101001100000
111111111111111111111111101101000101000
111111111111111111111111101100111110000
111111111111111111111111101100110111000
111111111111111111111111101100110000000
111111111111111111111111101100101001000
111111111111111111111111101100100010000
111111111111111111111111101100011011000
111111111111111111111111101100010100000
111111111111111111111111101100001101000
111111111111111111111111101100000110000
111111111111111111111111101011111111000
111111111111111111111111101011111000000
111111111111111111111111101011110001000
111111111111111111111111101011101010000
111111111111111111111111101011100011000
111111111111111111111111101011011100000
111111111111111111111111101011010101000
111111111111111111111111101011001110000
111111111111111111111111101011000111000
111111111111111111111111101011000000000
111111111111111111111111101010111001000
111111111111111111111111101010110010000
111111111111111111111111101010101011000
111111111111111111111111101010100100000
111111111111111111111111101010011101000
111111111111111111111111101010010110000
111111111111111111111111101010001111000
111111111111111111111111101010001000000
111111111111111111111111101010000001000
111111111111111111111111101001111010000
111111111111111111111111101001110011000
111111111111111111111111101001101100000
111111111111111111111111101001100101000
111111111111111111111111101001011110000
111111111111111111111111101001010111000
111111111111111111111111101001010000000
111111111111111111111111101001001001000
111111111111111111111111101001000010000
111111111111111111111111101000111011000
111111111111111111111111101000110100000
111111111111111111111111101000101101000
111111111111111111111111101000100110000
111111111111111111111111101000011111000
111111111111111111111111101000011000000
111111111111111111111111101000010001000
111111111111111111111111101000001010000
111111111111111111111111101000000011000
111111111111111111111111100111111100000
111111111111111111111111100111110101000
111111111111111111111111100111101110000
111111111111111111111111100111100111000
111111111111111111111111100111100000000
111111111111111111111111100111011001000
111111111111111111111111100111010010000
111111111111111111111111100111001011000
111111111111111111111111100111000100000
111111111111111111111111100110111101000
111111111111111111111111100110110110000
111111111111111111111111100110101111000
111111111111111111111111100110101000000
111111111111111111111111100110100001000
111111111111111111111111100110011010000
111111111111111111111111100110010011000
111111111111111111111111100110001100000
111111111111111111111111100110000101000
111111111111111111111111100101111110000
111111111111111111111111100101110111000
111111111111111111111111100101110000000
111111111111111111111111100101101001000
111111111111111111111111100101100010000
111111111111111111111111100101011011000
111111111111111111111111100101010100000
111111111111111111111111100101001101000
111111111111111111111111100101000110000
111111111111111111111111100100111111000
111111111111111111111111100100111000000
111111111111111111111111100100110001000
111111111111111111111111100100101010000
111111111111111111111111100100100011000
111111111111111111111111100100011100000
111111111111111111111111100100010101000
111111111111111111111111100100001110000
111111111111111111111111100100000111000
