000000000000000000000000000000000000000
000000000000000000000000000000010110000
000000000000000000000000000000101100000
000000000000000000000000000001000010000
000000000000000000000000000001011000000
000000000000000000000000000001101110000
000000000000000000000000000010000100000
000000000000000000000000000010011010000
000000000000000000000000000010110000000
000000000000000000000000000011000110000
000000000000000000000000000011011100000
000000000000000000000000000011110010000
000000000000000000000000000100001000000
000000000000000000000000000100011110000
000000000000000000000000000100110100000
000000000000000000000000000101001010000
000000000000000000000000000101100000000
000000000000000000000000000101110110000
000000000000000000000000000110001100000
000000000000000000000000000110100010000
000000000000000000000000000110111000000
000000000000000000000000000111001110000
000000000000000000000000000111100100000
000000000000000000000000000111111010000
000000000000000000000000001000010000000
000000000000000000000000001000100110000
000000000000000000000000001000111100000
000000000000000000000000001001010010000
000000000000000000000000001001101000000
000000000000000000000000001001111110000
000000000000000000000000001010010100000
000000000000000000000000001010101010000
000000000000000000000000001011000000000
000000000000000000000000001011010110000
000000000000000000000000001011101100000
000000000000000000000000001100000010000
000000000000000000000000001100011000000
000000000000000000000000001100101110000
000000000000000000000000001101000100000
000000000000000000000000001101011010000
000000000000000000000000001101110000000
000000000000000000000000001110000110000
000000000000000000000000001110011100000
000000000000000000000000001110110010000
000000000000000000000000001111001000000
000000000000000000000000001111011110000
000000000000000000000000001111110100000
000000000000000000000000010000001010000
000000000000000000000000010000100000000
000000000000000000000000010000110110000
000000000000000000000000010001001100000
000000000000000000000000010001100010000
000000000000000000000000010001111000000
000000000000000000000000010010001110000
000000000000000000000000010010100100000
000000000000000000000000010010111010000
000000000000000000000000010011010000000
000000000000000000000000010011100110000
000000000000000000000000010011111100000
000000000000000000000000010100010010000
000000000000000000000000010100101000000
000000000000000000000000010100111110000
000000000000000000000000010101010100000
000000000000000000000000010101101010000
000000000000000000000000010110000000000
000000000000000000000000010110010110000
000000000000000000000000010110101100000
000000000000000000000000010111000010000
000000000000000000000000010111011000000
000000000000000000000000010111101110000
000000000000000000000000011000000100000
000000000000000000000000011000011010000
000000000000000000000000011000110000000
000000000000000000000000011001000110000
000000000000000000000000011001011100000
000000000000000000000000011001110010000
000000000000000000000000011010001000000
000000000000000000000000011010011110000
000000000000000000000000011010110100000
000000000000000000000000011011001010000
000000000000000000000000011011100000000
000000000000000000000000011011110110000
000000000000000000000000011100001100000
000000000000000000000000011100100010000
000000000000000000000000011100111000000
000000000000000000000000011101001110000
000000000000000000000000011101100100000
000000000000000000000000011101111010000
000000000000000000000000011110010000000
000000000000000000000000011110100110000
000000000000000000000000011110111100000
000000000000000000000000011111010010000
000000000000000000000000011111101000000
000000000000000000000000011111111110000
000000000000000000000000100000010100000
000000000000000000000000100000101010000
000000000000000000000000100001000000000
000000000000000000000000100001010110000
000000000000000000000000100001101100000
000000000000000000000000100010000010000
000000000000000000000000100010011000000
000000000000000000000000100010101110000
000000000000000000000000100011000100000
000000000000000000000000100011011010000
000000000000000000000000100011110000000
000000000000000000000000100100000110000
000000000000000000000000100100011100000
000000000000000000000000100100110010000
000000000000000000000000100101001000000
000000000000000000000000100101011110000
000000000000000000000000100101110100000
000000000000000000000000100110001010000
000000000000000000000000100110100000000
000000000000000000000000100110110110000
000000000000000000000000100111001100000
000000000000000000000000100111100010000
000000000000000000000000100111111000000
000000000000000000000000101000001110000
000000000000000000000000101000100100000
000000000000000000000000101000111010000
000000000000000000000000101001010000000
000000000000000000000000101001100110000
000000000000000000000000101001111100000
000000000000000000000000101010010010000
000000000000000000000000101010101000000
000000000000000000000000101010111110000
000000000000000000000000101011010100000
000000000000000000000000101011101010000
000000000000000000000000101100000000000
000000000000000000000000101100010110000
000000000000000000000000101100101100000
000000000000000000000000101101000010000
000000000000000000000000101101011000000
000000000000000000000000101101101110000
000000000000000000000000101110000100000
000000000000000000000000101110011010000
000000000000000000000000101110110000000
000000000000000000000000101111000110000
000000000000000000000000101111011100000
000000000000000000000000101111110010000
000000000000000000000000110000001000000
000000000000000000000000110000011110000
000000000000000000000000110000110100000
000000000000000000000000110001001010000
000000000000000000000000110001100000000
000000000000000000000000110001110110000
000000000000000000000000110010001100000
000000000000000000000000110010100010000
000000000000000000000000110010111000000
000000000000000000000000110011001110000
000000000000000000000000110011100100000
000000000000000000000000110011111010000
000000000000000000000000110100010000000
000000000000000000000000110100100110000
000000000000000000000000110100111100000
000000000000000000000000110101010010000
000000000000000000000000110101101000000
000000000000000000000000110101111110000
000000000000000000000000110110010100000
000000000000000000000000110110101010000
000000000000000000000000110111000000000
000000000000000000000000110111010110000
000000000000000000000000110111101100000
000000000000000000000000111000000010000
000000000000000000000000111000011000000
000000000000000000000000111000101110000
000000000000000000000000111001000100000
000000000000000000000000111001011010000
000000000000000000000000111001110000000
000000000000000000000000111010000110000
000000000000000000000000111010011100000
000000000000000000000000111010110010000
000000000000000000000000111011001000000
000000000000000000000000111011011110000
000000000000000000000000111011110100000
000000000000000000000000111100001010000
000000000000000000000000111100100000000
000000000000000000000000111100110110000
000000000000000000000000111101001100000
000000000000000000000000111101100010000
000000000000000000000000111101111000000
000000000000000000000000111110001110000
000000000000000000000000111110100100000
000000000000000000000000111110111010000
000000000000000000000000111111010000000
000000000000000000000000111111100110000
000000000000000000000000111111111100000
000000000000000000000001000000010010000
000000000000000000000001000000101000000
000000000000000000000001000000111110000
000000000000000000000001000001010100000
000000000000000000000001000001101010000
000000000000000000000001000010000000000
000000000000000000000001000010010110000
000000000000000000000001000010101100000
000000000000000000000001000011000010000
000000000000000000000001000011011000000
000000000000000000000001000011101110000
000000000000000000000001000100000100000
000000000000000000000001000100011010000
000000000000000000000001000100110000000
000000000000000000000001000101000110000
000000000000000000000001000101011100000
000000000000000000000001000101110010000
000000000000000000000001000110001000000
000000000000000000000001000110011110000
000000000000000000000001000110110100000
000000000000000000000001000111001010000
000000000000000000000001000111100000000
000000000000000000000001000111110110000
000000000000000000000001001000001100000
000000000000000000000001001000100010000
000000000000000000000001001000111000000
000000000000000000000001001001001110000
000000000000000000000001001001100100000
000000000000000000000001001001111010000
000000000000000000000001001010010000000
000000000000000000000001001010100110000
000000000000000000000001001010111100000
000000000000000000000001001011010010000
000000000000000000000001001011101000000
000000000000000000000001001011111110000
000000000000000000000001001100010100000
000000000000000000000001001100101010000
000000000000000000000001001101000000000
000000000000000000000001001101010110000
000000000000000000000001001101101100000
000000000000000000000001001110000010000
000000000000000000000001001110011000000
000000000000000000000001001110101110000
000000000000000000000001001111000100000
000000000000000000000001001111011010000
000000000000000000000001001111110000000
000000000000000000000001010000000110000
000000000000000000000001010000011100000
000000000000000000000001010000110010000
000000000000000000000001010001001000000
000000000000000000000001010001011110000
000000000000000000000001010001110100000
000000000000000000000001010010001010000
000000000000000000000001010010100000000
000000000000000000000001010010110110000
000000000000000000000001010011001100000
000000000000000000000001010011100010000
000000000000000000000001010011111000000
000000000000000000000001010100001110000
000000000000000000000001010100100100000
000000000000000000000001010100111010000
000000000000000000000001010101010000000
000000000000000000000001010101100110000
000000000000000000000001010101111100000
000000000000000000000001010110010010000
000000000000000000000001010110101000000
000000000000000000000001010110111110000
000000000000000000000001010111010100000
000000000000000000000001010111101010000
