000000000000000000000000000000000000000
000000000000000000000000000000011010000
000000000000000000000000000000110100000
000000000000000000000000000001001110000
000000000000000000000000000001101000000
000000000000000000000000000010000010000
000000000000000000000000000010011100000
000000000000000000000000000010110110000
000000000000000000000000000011010000000
000000000000000000000000000011101010000
000000000000000000000000000100000100000
000000000000000000000000000100011110000
000000000000000000000000000100111000000
000000000000000000000000000101010010000
000000000000000000000000000101101100000
000000000000000000000000000110000110000
000000000000000000000000000110100000000
000000000000000000000000000110111010000
000000000000000000000000000111010100000
000000000000000000000000000111101110000
000000000000000000000000001000001000000
000000000000000000000000001000100010000
000000000000000000000000001000111100000
000000000000000000000000001001010110000
000000000000000000000000001001110000000
000000000000000000000000001010001010000
000000000000000000000000001010100100000
000000000000000000000000001010111110000
000000000000000000000000001011011000000
000000000000000000000000001011110010000
000000000000000000000000001100001100000
000000000000000000000000001100100110000
000000000000000000000000001101000000000
000000000000000000000000001101011010000
000000000000000000000000001101110100000
000000000000000000000000001110001110000
000000000000000000000000001110101000000
000000000000000000000000001111000010000
000000000000000000000000001111011100000
000000000000000000000000001111110110000
000000000000000000000000010000010000000
000000000000000000000000010000101010000
000000000000000000000000010001000100000
000000000000000000000000010001011110000
000000000000000000000000010001111000000
000000000000000000000000010010010010000
000000000000000000000000010010101100000
000000000000000000000000010011000110000
000000000000000000000000010011100000000
000000000000000000000000010011111010000
000000000000000000000000010100010100000
000000000000000000000000010100101110000
000000000000000000000000010101001000000
000000000000000000000000010101100010000
000000000000000000000000010101111100000
000000000000000000000000010110010110000
000000000000000000000000010110110000000
000000000000000000000000010111001010000
000000000000000000000000010111100100000
000000000000000000000000010111111110000
000000000000000000000000011000011000000
000000000000000000000000011000110010000
000000000000000000000000011001001100000
000000000000000000000000011001100110000
000000000000000000000000011010000000000
000000000000000000000000011010011010000
000000000000000000000000011010110100000
000000000000000000000000011011001110000
000000000000000000000000011011101000000
000000000000000000000000011100000010000
000000000000000000000000011100011100000
000000000000000000000000011100110110000
000000000000000000000000011101010000000
000000000000000000000000011101101010000
000000000000000000000000011110000100000
000000000000000000000000011110011110000
000000000000000000000000011110111000000
000000000000000000000000011111010010000
000000000000000000000000011111101100000
000000000000000000000000100000000110000
000000000000000000000000100000100000000
000000000000000000000000100000111010000
000000000000000000000000100001010100000
000000000000000000000000100001101110000
000000000000000000000000100010001000000
000000000000000000000000100010100010000
000000000000000000000000100010111100000
000000000000000000000000100011010110000
000000000000000000000000100011110000000
000000000000000000000000100100001010000
000000000000000000000000100100100100000
000000000000000000000000100100111110000
000000000000000000000000100101011000000
000000000000000000000000100101110010000
000000000000000000000000100110001100000
000000000000000000000000100110100110000
000000000000000000000000100111000000000
000000000000000000000000100111011010000
000000000000000000000000100111110100000
000000000000000000000000101000001110000
000000000000000000000000101000101000000
000000000000000000000000101001000010000
000000000000000000000000101001011100000
000000000000000000000000101001110110000
000000000000000000000000101010010000000
000000000000000000000000101010101010000
000000000000000000000000101011000100000
000000000000000000000000101011011110000
000000000000000000000000101011111000000
000000000000000000000000101100010010000
000000000000000000000000101100101100000
000000000000000000000000101101000110000
000000000000000000000000101101100000000
000000000000000000000000101101111010000
000000000000000000000000101110010100000
000000000000000000000000101110101110000
000000000000000000000000101111001000000
000000000000000000000000101111100010000
000000000000000000000000101111111100000
000000000000000000000000110000010110000
000000000000000000000000110000110000000
000000000000000000000000110001001010000
000000000000000000000000110001100100000
000000000000000000000000110001111110000
000000000000000000000000110010011000000
000000000000000000000000110010110010000
000000000000000000000000110011001100000
000000000000000000000000110011100110000
000000000000000000000000110100000000000
000000000000000000000000110100011010000
000000000000000000000000110100110100000
000000000000000000000000110101001110000
000000000000000000000000110101101000000
000000000000000000000000110110000010000
000000000000000000000000110110011100000
000000000000000000000000110110110110000
000000000000000000000000110111010000000
000000000000000000000000110111101010000
000000000000000000000000111000000100000
000000000000000000000000111000011110000
000000000000000000000000111000111000000
000000000000000000000000111001010010000
000000000000000000000000111001101100000
000000000000000000000000111010000110000
000000000000000000000000111010100000000
000000000000000000000000111010111010000
000000000000000000000000111011010100000
000000000000000000000000111011101110000
000000000000000000000000111100001000000
000000000000000000000000111100100010000
000000000000000000000000111100111100000
000000000000000000000000111101010110000
000000000000000000000000111101110000000
000000000000000000000000111110001010000
000000000000000000000000111110100100000
000000000000000000000000111110111110000
000000000000000000000000111111011000000
000000000000000000000000111111110010000
000000000000000000000001000000001100000
000000000000000000000001000000100110000
000000000000000000000001000001000000000
000000000000000000000001000001011010000
000000000000000000000001000001110100000
000000000000000000000001000010001110000
000000000000000000000001000010101000000
000000000000000000000001000011000010000
000000000000000000000001000011011100000
000000000000000000000001000011110110000
000000000000000000000001000100010000000
000000000000000000000001000100101010000
000000000000000000000001000101000100000
000000000000000000000001000101011110000
000000000000000000000001000101111000000
000000000000000000000001000110010010000
000000000000000000000001000110101100000
000000000000000000000001000111000110000
000000000000000000000001000111100000000
000000000000000000000001000111111010000
000000000000000000000001001000010100000
000000000000000000000001001000101110000
000000000000000000000001001001001000000
000000000000000000000001001001100010000
000000000000000000000001001001111100000
000000000000000000000001001010010110000
000000000000000000000001001010110000000
000000000000000000000001001011001010000
000000000000000000000001001011100100000
000000000000000000000001001011111110000
000000000000000000000001001100011000000
000000000000000000000001001100110010000
000000000000000000000001001101001100000
000000000000000000000001001101100110000
000000000000000000000001001110000000000
000000000000000000000001001110011010000
000000000000000000000001001110110100000
000000000000000000000001001111001110000
000000000000000000000001001111101000000
000000000000000000000001010000000010000
000000000000000000000001010000011100000
000000000000000000000001010000110110000
000000000000000000000001010001010000000
000000000000000000000001010001101010000
000000000000000000000001010010000100000
000000000000000000000001010010011110000
000000000000000000000001010010111000000
000000000000000000000001010011010010000
000000000000000000000001010011101100000
000000000000000000000001010100000110000
000000000000000000000001010100100000000
000000000000000000000001010100111010000
000000000000000000000001010101010100000
000000000000000000000001010101101110000
000000000000000000000001010110001000000
000000000000000000000001010110100010000
000000000000000000000001010110111100000
000000000000000000000001010111010110000
000000000000000000000001010111110000000
000000000000000000000001011000001010000
000000000000000000000001011000100100000
000000000000000000000001011000111110000
000000000000000000000001011001011000000
000000000000000000000001011001110010000
000000000000000000000001011010001100000
000000000000000000000001011010100110000
000000000000000000000001011011000000000
000000000000000000000001011011011010000
000000000000000000000001011011110100000
000000000000000000000001011100001110000
000000000000000000000001011100101000000
000000000000000000000001011101000010000
000000000000000000000001011101011100000
000000000000000000000001011101110110000
000000000000000000000001011110010000000
000000000000000000000001011110101010000
000000000000000000000001011111000100000
000000000000000000000001011111011110000
000000000000000000000001011111111000000
000000000000000000000001100000010010000
000000000000000000000001100000101100000
000000000000000000000001100001000110000
000000000000000000000001100001100000000
000000000000000000000001100001111010000
000000000000000000000001100010010100000
000000000000000000000001100010101110000
000000000000000000000001100011001000000
000000000000000000000001100011100010000
000000000000000000000001100011111100000
000000000000000000000001100100010110000
000000000000000000000001100100110000000
000000000000000000000001100101001010000
000000000000000000000001100101100100000
000000000000000000000001100101111110000
000000000000000000000001100110011000000
000000000000000000000001100110110010000
000000000000000000000001100111001100000
000000000000000000000001100111100110000
