000000000000000000000000000000000000000
000000000000000000000000000000010001100
000000000000000000000000000000100011000
000000000000000000000000000000110100100
000000000000000000000000000001000110000
000000000000000000000000000001010111100
000000000000000000000000000001101001000
000000000000000000000000000001111010100
000000000000000000000000000010001100000
000000000000000000000000000010011101100
000000000000000000000000000010101111000
000000000000000000000000000011000000100
000000000000000000000000000011010010000
000000000000000000000000000011100011100
000000000000000000000000000011110101000
000000000000000000000000000100000110100
000000000000000000000000000100011000000
000000000000000000000000000100101001100
000000000000000000000000000100111011000
000000000000000000000000000101001100100
000000000000000000000000000101011110000
000000000000000000000000000101101111100
000000000000000000000000000110000001000
000000000000000000000000000110010010100
000000000000000000000000000110100100000
000000000000000000000000000110110101100
000000000000000000000000000111000111000
000000000000000000000000000111011000100
000000000000000000000000000111101010000
000000000000000000000000000111111011100
000000000000000000000000001000001101000
000000000000000000000000001000011110100
000000000000000000000000001000110000000
000000000000000000000000001001000001100
000000000000000000000000001001010011000
000000000000000000000000001001100100100
000000000000000000000000001001110110000
000000000000000000000000001010000111100
000000000000000000000000001010011001000
000000000000000000000000001010101010100
000000000000000000000000001010111100000
000000000000000000000000001011001101100
000000000000000000000000001011011111000
000000000000000000000000001011110000100
000000000000000000000000001100000010000
000000000000000000000000001100010011100
000000000000000000000000001100100101000
000000000000000000000000001100110110100
000000000000000000000000001101001000000
000000000000000000000000001101011001100
000000000000000000000000001101101011000
000000000000000000000000001101111100100
000000000000000000000000001110001110000
000000000000000000000000001110011111100
000000000000000000000000001110110001000
000000000000000000000000001111000010100
000000000000000000000000001111010100000
000000000000000000000000001111100101100
000000000000000000000000001111110111000
000000000000000000000000010000001000100
000000000000000000000000010000011010000
000000000000000000000000010000101011100
000000000000000000000000010000111101000
000000000000000000000000010001001110100
000000000000000000000000010001100000000
000000000000000000000000010001110001100
000000000000000000000000010010000011000
000000000000000000000000010010010100100
000000000000000000000000010010100110000
000000000000000000000000010010110111100
000000000000000000000000010011001001000
000000000000000000000000010011011010100
000000000000000000000000010011101100000
000000000000000000000000010011111101100
000000000000000000000000010100001111000
000000000000000000000000010100100000100
000000000000000000000000010100110010000
000000000000000000000000010101000011100
000000000000000000000000010101010101000
000000000000000000000000010101100110100
000000000000000000000000010101111000000
000000000000000000000000010110001001100
000000000000000000000000010110011011000
000000000000000000000000010110101100100
000000000000000000000000010110111110000
000000000000000000000000010111001111100
000000000000000000000000010111100001000
000000000000000000000000010111110010100
000000000000000000000000011000000100000
000000000000000000000000011000010101100
000000000000000000000000011000100111000
000000000000000000000000011000111000100
000000000000000000000000011001001010000
000000000000000000000000011001011011100
000000000000000000000000011001101101000
000000000000000000000000011001111110100
000000000000000000000000011010010000000
000000000000000000000000011010100001100
000000000000000000000000011010110011000
000000000000000000000000011011000100100
000000000000000000000000011011010110000
000000000000000000000000011011100111100
000000000000000000000000011011111001000
000000000000000000000000011100001010100
000000000000000000000000011100011100000
000000000000000000000000011100101101100
000000000000000000000000011100111111000
000000000000000000000000011101010000100
000000000000000000000000011101100010000
000000000000000000000000011101110011100
000000000000000000000000011110000101000
000000000000000000000000011110010110100
000000000000000000000000011110101000000
000000000000000000000000011110111001100
000000000000000000000000011111001011000
000000000000000000000000011111011100100
000000000000000000000000011111101110000
000000000000000000000000011111111111100
000000000000000000000000100000010001000
000000000000000000000000100000100010100
000000000000000000000000100000110100000
000000000000000000000000100001000101100
000000000000000000000000100001010111000
000000000000000000000000100001101000100
000000000000000000000000100001111010000
000000000000000000000000100010001011100
000000000000000000000000100010011101000
000000000000000000000000100010101110100
000000000000000000000000100011000000000
000000000000000000000000100011010001100
000000000000000000000000100011100011000
000000000000000000000000100011110100100
000000000000000000000000100100000110000
000000000000000000000000100100010111100
000000000000000000000000100100101001000
000000000000000000000000100100111010100
000000000000000000000000100101001100000
000000000000000000000000100101011101100
000000000000000000000000100101101111000
000000000000000000000000100110000000100
000000000000000000000000100110010010000
000000000000000000000000100110100011100
000000000000000000000000100110110101000
000000000000000000000000100111000110100
000000000000000000000000100111011000000
000000000000000000000000100111101001100
000000000000000000000000100111111011000
000000000000000000000000101000001100100
000000000000000000000000101000011110000
000000000000000000000000101000101111100
000000000000000000000000101001000001000
000000000000000000000000101001010010100
000000000000000000000000101001100100000
000000000000000000000000101001110101100
000000000000000000000000101010000111000
000000000000000000000000101010011000100
000000000000000000000000101010101010000
000000000000000000000000101010111011100
000000000000000000000000101011001101000
000000000000000000000000101011011110100
000000000000000000000000101011110000000
000000000000000000000000101100000001100
000000000000000000000000101100010011000
000000000000000000000000101100100100100
000000000000000000000000101100110110000
000000000000000000000000101101000111100
000000000000000000000000101101011001000
000000000000000000000000101101101010100
000000000000000000000000101101111100000
000000000000000000000000101110001101100
000000000000000000000000101110011111000
000000000000000000000000101110110000100
000000000000000000000000101111000010000
000000000000000000000000101111010011100
000000000000000000000000101111100101000
000000000000000000000000101111110110100
000000000000000000000000110000001000000
000000000000000000000000110000011001100
000000000000000000000000110000101011000
000000000000000000000000110000111100100
000000000000000000000000110001001110000
000000000000000000000000110001011111100
000000000000000000000000110001110001000
000000000000000000000000110010000010100
000000000000000000000000110010010100000
000000000000000000000000110010100101100
000000000000000000000000110010110111000
000000000000000000000000110011001000100
000000000000000000000000110011011010000
000000000000000000000000110011101011100
000000000000000000000000110011111101000
000000000000000000000000110100001110100
000000000000000000000000110100100000000
000000000000000000000000110100110001100
000000000000000000000000110101000011000
000000000000000000000000110101010100100
000000000000000000000000110101100110000
000000000000000000000000110101110111100
000000000000000000000000110110001001000
000000000000000000000000110110011010100
000000000000000000000000110110101100000
000000000000000000000000110110111101100
000000000000000000000000110111001111000
000000000000000000000000110111100000100
000000000000000000000000110111110010000
000000000000000000000000111000000011100
000000000000000000000000111000010101000
000000000000000000000000111000100110100
000000000000000000000000111000111000000
000000000000000000000000111001001001100
000000000000000000000000111001011011000
000000000000000000000000111001101100100
000000000000000000000000111001111110000
000000000000000000000000111010001111100
000000000000000000000000111010100001000
000000000000000000000000111010110010100
000000000000000000000000111011000100000
000000000000000000000000111011010101100
000000000000000000000000111011100111000
000000000000000000000000111011111000100
000000000000000000000000111100001010000
000000000000000000000000111100011011100
000000000000000000000000111100101101000
000000000000000000000000111100111110100
000000000000000000000000111101010000000
000000000000000000000000111101100001100
000000000000000000000000111101110011000
000000000000000000000000111110000100100
000000000000000000000000111110010110000
000000000000000000000000111110100111100
000000000000000000000000111110111001000
000000000000000000000000111111001010100
000000000000000000000000111111011100000
000000000000000000000000111111101101100
000000000000000000000000111111111111000
000000000000000000000001000000010000100
000000000000000000000001000000100010000
000000000000000000000001000000110011100
000000000000000000000001000001000101000
000000000000000000000001000001010110100
000000000000000000000001000001101000000
000000000000000000000001000001111001100
000000000000000000000001000010001011000
000000000000000000000001000010011100100
000000000000000000000001000010101110000
000000000000000000000001000010111111100
000000000000000000000001000011010001000
000000000000000000000001000011100010100
000000000000000000000001000011110100000
000000000000000000000001000100000101100
000000000000000000000001000100010111000
000000000000000000000001000100101000100
000000000000000000000001000100111010000
000000000000000000000001000101001011100
000000000000000000000001000101011101000
000000000000000000000001000101101110100
