000000000000000000000000000000000000000
111111111111111111111111111111100111100
111111111111111111111111111111001111000
111111111111111111111111111110110110100
111111111111111111111111111110011110000
111111111111111111111111111110000101100
111111111111111111111111111101101101000
111111111111111111111111111101010100100
111111111111111111111111111100111100000
111111111111111111111111111100100011100
111111111111111111111111111100001011000
111111111111111111111111111011110010100
111111111111111111111111111011011010000
111111111111111111111111111011000001100
111111111111111111111111111010101001000
111111111111111111111111111010010000100
111111111111111111111111111001111000000
111111111111111111111111111001011111100
111111111111111111111111111001000111000
111111111111111111111111111000101110100
111111111111111111111111111000010110000
111111111111111111111111110111111101100
111111111111111111111111110111100101000
111111111111111111111111110111001100100
111111111111111111111111110110110100000
111111111111111111111111110110011011100
111111111111111111111111110110000011000
111111111111111111111111110101101010100
111111111111111111111111110101010010000
111111111111111111111111110100111001100
111111111111111111111111110100100001000
111111111111111111111111110100001000100
111111111111111111111111110011110000000
111111111111111111111111110011010111100
111111111111111111111111110010111111000
111111111111111111111111110010100110100
111111111111111111111111110010001110000
111111111111111111111111110001110101100
111111111111111111111111110001011101000
111111111111111111111111110001000100100
111111111111111111111111110000101100000
111111111111111111111111110000010011100
111111111111111111111111101111111011000
111111111111111111111111101111100010100
111111111111111111111111101111001010000
111111111111111111111111101110110001100
111111111111111111111111101110011001000
111111111111111111111111101110000000100
111111111111111111111111101101101000000
111111111111111111111111101101001111100
111111111111111111111111101100110111000
111111111111111111111111101100011110100
111111111111111111111111101100000110000
111111111111111111111111101011101101100
111111111111111111111111101011010101000
111111111111111111111111101010111100100
111111111111111111111111101010100100000
111111111111111111111111101010001011100
111111111111111111111111101001110011000
111111111111111111111111101001011010100
111111111111111111111111101001000010000
111111111111111111111111101000101001100
111111111111111111111111101000010001000
111111111111111111111111100111111000100
111111111111111111111111100111100000000
111111111111111111111111100111000111100
111111111111111111111111100110101111000
111111111111111111111111100110010110100
111111111111111111111111100101111110000
111111111111111111111111100101100101100
111111111111111111111111100101001101000
111111111111111111111111100100110100100
111111111111111111111111100100011100000
111111111111111111111111100100000011100
111111111111111111111111100011101011000
111111111111111111111111100011010010100
111111111111111111111111100010111010000
111111111111111111111111100010100001100
111111111111111111111111100010001001000
111111111111111111111111100001110000100
111111111111111111111111100001011000000
111111111111111111111111100000111111100
111111111111111111111111100000100111000
111111111111111111111111100000001110100
111111111111111111111111011111110110000
111111111111111111111111011111011101100
111111111111111111111111011111000101000
111111111111111111111111011110101100100
111111111111111111111111011110010100000
111111111111111111111111011101111011100
111111111111111111111111011101100011000
111111111111111111111111011101001010100
111111111111111111111111011100110010000
111111111111111111111111011100011001100
111111111111111111111111011100000001000
111111111111111111111111011011101000100
111111111111111111111111011011010000000
111111111111111111111111011010110111100
111111111111111111111111011010011111000
111111111111111111111111011010000110100
111111111111111111111111011001101110000
111111111111111111111111011001010101100
111111111111111111111111011000111101000
111111111111111111111111011000100100100
111111111111111111111111011000001100000
111111111111111111111111010111110011100
111111111111111111111111010111011011000
111111111111111111111111010111000010100
111111111111111111111111010110101010000
111111111111111111111111010110010001100
111111111111111111111111010101111001000
111111111111111111111111010101100000100
111111111111111111111111010101001000000
111111111111111111111111010100101111100
111111111111111111111111010100010111000
111111111111111111111111010011111110100
111111111111111111111111010011100110000
111111111111111111111111010011001101100
111111111111111111111111010010110101000
111111111111111111111111010010011100100
111111111111111111111111010010000100000
111111111111111111111111010001101011100
111111111111111111111111010001010011000
111111111111111111111111010000111010100
111111111111111111111111010000100010000
111111111111111111111111010000001001100
111111111111111111111111001111110001000
111111111111111111111111001111011000100
111111111111111111111111001111000000000
111111111111111111111111001110100111100
111111111111111111111111001110001111000
111111111111111111111111001101110110100
111111111111111111111111001101011110000
111111111111111111111111001101000101100
111111111111111111111111001100101101000
111111111111111111111111001100010100100
111111111111111111111111001011111100000
111111111111111111111111001011100011100
111111111111111111111111001011001011000
111111111111111111111111001010110010100
111111111111111111111111001010011010000
111111111111111111111111001010000001100
111111111111111111111111001001101001000
111111111111111111111111001001010000100
111111111111111111111111001000111000000
111111111111111111111111001000011111100
111111111111111111111111001000000111000
111111111111111111111111000111101110100
111111111111111111111111000111010110000
111111111111111111111111000110111101100
111111111111111111111111000110100101000
111111111111111111111111000110001100100
111111111111111111111111000101110100000
111111111111111111111111000101011011100
111111111111111111111111000101000011000
111111111111111111111111000100101010100
111111111111111111111111000100010010000
111111111111111111111111000011111001100
111111111111111111111111000011100001000
111111111111111111111111000011001000100
111111111111111111111111000010110000000
111111111111111111111111000010010111100
111111111111111111111111000001111111000
111111111111111111111111000001100110100
111111111111111111111111000001001110000
111111111111111111111111000000110101100
111111111111111111111111000000011101000
111111111111111111111111000000000100100
111111111111111111111110111111101100000
111111111111111111111110111111010011100
111111111111111111111110111110111011000
111111111111111111111110111110100010100
111111111111111111111110111110001010000
111111111111111111111110111101110001100
111111111111111111111110111101011001000
111111111111111111111110111101000000100
111111111111111111111110111100101000000
111111111111111111111110111100001111100
111111111111111111111110111011110111000
111111111111111111111110111011011110100
111111111111111111111110111011000110000
111111111111111111111110111010101101100
111111111111111111111110111010010101000
111111111111111111111110111001111100100
111111111111111111111110111001100100000
111111111111111111111110111001001011100
111111111111111111111110111000110011000
111111111111111111111110111000011010100
111111111111111111111110111000000010000
111111111111111111111110110111101001100
111111111111111111111110110111010001000
111111111111111111111110110110111000100
111111111111111111111110110110100000000
111111111111111111111110110110000111100
111111111111111111111110110101101111000
111111111111111111111110110101010110100
111111111111111111111110110100111110000
111111111111111111111110110100100101100
111111111111111111111110110100001101000
111111111111111111111110110011110100100
111111111111111111111110110011011100000
111111111111111111111110110011000011100
111111111111111111111110110010101011000
111111111111111111111110110010010010100
111111111111111111111110110001111010000
111111111111111111111110110001100001100
111111111111111111111110110001001001000
111111111111111111111110110000110000100
111111111111111111111110110000011000000
111111111111111111111110101111111111100
111111111111111111111110101111100111000
111111111111111111111110101111001110100
111111111111111111111110101110110110000
111111111111111111111110101110011101100
111111111111111111111110101110000101000
111111111111111111111110101101101100100
111111111111111111111110101101010100000
111111111111111111111110101100111011100
111111111111111111111110101100100011000
111111111111111111111110101100001010100
111111111111111111111110101011110010000
111111111111111111111110101011011001100
111111111111111111111110101011000001000
111111111111111111111110101010101000100
111111111111111111111110101010010000000
111111111111111111111110101001110111100
111111111111111111111110101001011111000
111111111111111111111110101001000110100
111111111111111111111110101000101110000
111111111111111111111110101000010101100
111111111111111111111110100111111101000
111111111111111111111110100111100100100
111111111111111111111110100111001100000
111111111111111111111110100110110011100
111111111111111111111110100110011011000
111111111111111111111110100110000010100
111111111111111111111110100101101010000
111111111111111111111110100101010001100
111111111111111111111110100100111001000
111111111111111111111110100100100000100
111111111111111111111110100100001000000
111111111111111111111110100011101111100
111111111111111111111110100011010111000
111111111111111111111110100010111110100
111111111111111111111110100010100110000
111111111111111111111110100010001101100
111111111111111111111110100001110101000
111111111111111111111110100001011100100
111111111111111111111110100001000100000
111111111111111111111110100000101011100
111111111111111111111110100000010011000
111111111111111111111110011111111010100
111111111111111111111110011111100010000
111111111111111111111110011111001001100
111111111111111111111110011110110001000
111111111111111111111110011110011000100
