000000000000000000000000000000000000000
000000000000000000000000000000001110010
000000000000000000000000000000011100100
000000000000000000000000000000101010110
000000000000000000000000000000111001000
000000000000000000000000000001000111010
000000000000000000000000000001010101100
000000000000000000000000000001100011110
000000000000000000000000000001110010000
000000000000000000000000000010000000010
000000000000000000000000000010001110100
000000000000000000000000000010011100110
000000000000000000000000000010101011000
000000000000000000000000000010111001010
000000000000000000000000000011000111100
000000000000000000000000000011010101110
000000000000000000000000000011100100000
000000000000000000000000000011110010010
000000000000000000000000000100000000100
000000000000000000000000000100001110110
000000000000000000000000000100011101000
000000000000000000000000000100101011010
000000000000000000000000000100111001100
000000000000000000000000000101000111110
000000000000000000000000000101010110000
000000000000000000000000000101100100010
000000000000000000000000000101110010100
000000000000000000000000000110000000110
000000000000000000000000000110001111000
000000000000000000000000000110011101010
000000000000000000000000000110101011100
000000000000000000000000000110111001110
000000000000000000000000000111001000000
000000000000000000000000000111010110010
000000000000000000000000000111100100100
000000000000000000000000000111110010110
000000000000000000000000001000000001000
000000000000000000000000001000001111010
000000000000000000000000001000011101100
000000000000000000000000001000101011110
000000000000000000000000001000111010000
000000000000000000000000001001001000010
000000000000000000000000001001010110100
000000000000000000000000001001100100110
000000000000000000000000001001110011000
000000000000000000000000001010000001010
000000000000000000000000001010001111100
000000000000000000000000001010011101110
000000000000000000000000001010101100000
000000000000000000000000001010111010010
000000000000000000000000001011001000100
000000000000000000000000001011010110110
000000000000000000000000001011100101000
000000000000000000000000001011110011010
000000000000000000000000001100000001100
000000000000000000000000001100001111110
000000000000000000000000001100011110000
000000000000000000000000001100101100010
000000000000000000000000001100111010100
000000000000000000000000001101001000110
000000000000000000000000001101010111000
000000000000000000000000001101100101010
000000000000000000000000001101110011100
000000000000000000000000001110000001110
000000000000000000000000001110010000000
000000000000000000000000001110011110010
000000000000000000000000001110101100100
000000000000000000000000001110111010110
000000000000000000000000001111001001000
000000000000000000000000001111010111010
000000000000000000000000001111100101100
000000000000000000000000001111110011110
000000000000000000000000010000000010000
000000000000000000000000010000010000010
000000000000000000000000010000011110100
000000000000000000000000010000101100110
000000000000000000000000010000111011000
000000000000000000000000010001001001010
000000000000000000000000010001010111100
000000000000000000000000010001100101110
000000000000000000000000010001110100000
000000000000000000000000010010000010010
000000000000000000000000010010010000100
000000000000000000000000010010011110110
000000000000000000000000010010101101000
000000000000000000000000010010111011010
000000000000000000000000010011001001100
000000000000000000000000010011010111110
000000000000000000000000010011100110000
000000000000000000000000010011110100010
000000000000000000000000010100000010100
000000000000000000000000010100010000110
000000000000000000000000010100011111000
000000000000000000000000010100101101010
000000000000000000000000010100111011100
000000000000000000000000010101001001110
000000000000000000000000010101011000000
000000000000000000000000010101100110010
000000000000000000000000010101110100100
000000000000000000000000010110000010110
000000000000000000000000010110010001000
000000000000000000000000010110011111010
000000000000000000000000010110101101100
000000000000000000000000010110111011110
000000000000000000000000010111001010000
000000000000000000000000010111011000010
000000000000000000000000010111100110100
000000000000000000000000010111110100110
000000000000000000000000011000000011000
000000000000000000000000011000010001010
000000000000000000000000011000011111100
000000000000000000000000011000101101110
000000000000000000000000011000111100000
000000000000000000000000011001001010010
000000000000000000000000011001011000100
000000000000000000000000011001100110110
000000000000000000000000011001110101000
000000000000000000000000011010000011010
000000000000000000000000011010010001100
000000000000000000000000011010011111110
000000000000000000000000011010101110000
000000000000000000000000011010111100010
000000000000000000000000011011001010100
000000000000000000000000011011011000110
000000000000000000000000011011100111000
000000000000000000000000011011110101010
000000000000000000000000011100000011100
000000000000000000000000011100010001110
000000000000000000000000011100100000000
000000000000000000000000011100101110010
000000000000000000000000011100111100100
000000000000000000000000011101001010110
000000000000000000000000011101011001000
000000000000000000000000011101100111010
000000000000000000000000011101110101100
000000000000000000000000011110000011110
000000000000000000000000011110010010000
000000000000000000000000011110100000010
000000000000000000000000011110101110100
000000000000000000000000011110111100110
000000000000000000000000011111001011000
000000000000000000000000011111011001010
000000000000000000000000011111100111100
000000000000000000000000011111110101110
000000000000000000000000100000000100000
000000000000000000000000100000010010010
000000000000000000000000100000100000100
000000000000000000000000100000101110110
000000000000000000000000100000111101000
000000000000000000000000100001001011010
000000000000000000000000100001011001100
000000000000000000000000100001100111110
000000000000000000000000100001110110000
000000000000000000000000100010000100010
000000000000000000000000100010010010100
000000000000000000000000100010100000110
000000000000000000000000100010101111000
000000000000000000000000100010111101010
000000000000000000000000100011001011100
000000000000000000000000100011011001110
000000000000000000000000100011101000000
000000000000000000000000100011110110010
000000000000000000000000100100000100100
000000000000000000000000100100010010110
000000000000000000000000100100100001000
000000000000000000000000100100101111010
000000000000000000000000100100111101100
000000000000000000000000100101001011110
000000000000000000000000100101011010000
000000000000000000000000100101101000010
000000000000000000000000100101110110100
000000000000000000000000100110000100110
000000000000000000000000100110010011000
000000000000000000000000100110100001010
000000000000000000000000100110101111100
000000000000000000000000100110111101110
000000000000000000000000100111001100000
000000000000000000000000100111011010010
000000000000000000000000100111101000100
000000000000000000000000100111110110110
000000000000000000000000101000000101000
000000000000000000000000101000010011010
000000000000000000000000101000100001100
000000000000000000000000101000101111110
000000000000000000000000101000111110000
000000000000000000000000101001001100010
000000000000000000000000101001011010100
000000000000000000000000101001101000110
000000000000000000000000101001110111000
000000000000000000000000101010000101010
000000000000000000000000101010010011100
000000000000000000000000101010100001110
000000000000000000000000101010110000000
000000000000000000000000101010111110010
000000000000000000000000101011001100100
000000000000000000000000101011011010110
000000000000000000000000101011101001000
000000000000000000000000101011110111010
000000000000000000000000101100000101100
000000000000000000000000101100010011110
000000000000000000000000101100100010000
000000000000000000000000101100110000010
000000000000000000000000101100111110100
000000000000000000000000101101001100110
000000000000000000000000101101011011000
000000000000000000000000101101101001010
000000000000000000000000101101110111100
000000000000000000000000101110000101110
000000000000000000000000101110010100000
000000000000000000000000101110100010010
000000000000000000000000101110110000100
000000000000000000000000101110111110110
000000000000000000000000101111001101000
000000000000000000000000101111011011010
000000000000000000000000101111101001100
000000000000000000000000101111110111110
000000000000000000000000110000000110000
000000000000000000000000110000010100010
000000000000000000000000110000100010100
000000000000000000000000110000110000110
000000000000000000000000110000111111000
000000000000000000000000110001001101010
000000000000000000000000110001011011100
000000000000000000000000110001101001110
000000000000000000000000110001111000000
000000000000000000000000110010000110010
000000000000000000000000110010010100100
000000000000000000000000110010100010110
000000000000000000000000110010110001000
000000000000000000000000110010111111010
000000000000000000000000110011001101100
000000000000000000000000110011011011110
000000000000000000000000110011101010000
000000000000000000000000110011111000010
000000000000000000000000110100000110100
000000000000000000000000110100010100110
000000000000000000000000110100100011000
000000000000000000000000110100110001010
000000000000000000000000110100111111100
000000000000000000000000110101001101110
000000000000000000000000110101011100000
000000000000000000000000110101101010010
000000000000000000000000110101111000100
000000000000000000000000110110000110110
000000000000000000000000110110010101000
000000000000000000000000110110100011010
000000000000000000000000110110110001100
000000000000000000000000110110111111110
000000000000000000000000110111001110000
000000000000000000000000110111011100010
000000000000000000000000110111101010100
000000000000000000000000110111111000110
000000000000000000000000111000000111000
000000000000000000000000111000010101010
000000000000000000000000111000100011100
000000000000000000000000111000110001110
