000000000000000000000000000000000000000
000000000000000000000000000000000010011
000000000000000000000000000000000100110
000000000000000000000000000000000111001
000000000000000000000000000000001001100
000000000000000000000000000000001011111
000000000000000000000000000000001110010
000000000000000000000000000000010000101
000000000000000000000000000000010011000
000000000000000000000000000000010101011
000000000000000000000000000000010111110
000000000000000000000000000000011010001
000000000000000000000000000000011100100
000000000000000000000000000000011110111
000000000000000000000000000000100001010
000000000000000000000000000000100011101
000000000000000000000000000000100110000
000000000000000000000000000000101000011
000000000000000000000000000000101010110
000000000000000000000000000000101101001
000000000000000000000000000000101111100
000000000000000000000000000000110001111
000000000000000000000000000000110100010
000000000000000000000000000000110110101
000000000000000000000000000000111001000
000000000000000000000000000000111011011
000000000000000000000000000000111101110
000000000000000000000000000001000000001
000000000000000000000000000001000010100
000000000000000000000000000001000100111
000000000000000000000000000001000111010
000000000000000000000000000001001001101
000000000000000000000000000001001100000
000000000000000000000000000001001110011
000000000000000000000000000001010000110
000000000000000000000000000001010011001
000000000000000000000000000001010101100
000000000000000000000000000001010111111
000000000000000000000000000001011010010
000000000000000000000000000001011100101
000000000000000000000000000001011111000
000000000000000000000000000001100001011
000000000000000000000000000001100011110
000000000000000000000000000001100110001
000000000000000000000000000001101000100
000000000000000000000000000001101010111
000000000000000000000000000001101101010
000000000000000000000000000001101111101
000000000000000000000000000001110010000
000000000000000000000000000001110100011
000000000000000000000000000001110110110
000000000000000000000000000001111001001
000000000000000000000000000001111011100
000000000000000000000000000001111101111
000000000000000000000000000010000000010
000000000000000000000000000010000010101
000000000000000000000000000010000101000
000000000000000000000000000010000111011
000000000000000000000000000010001001110
000000000000000000000000000010001100001
000000000000000000000000000010001110100
000000000000000000000000000010010000111
000000000000000000000000000010010011010
000000000000000000000000000010010101101
000000000000000000000000000010011000000
000000000000000000000000000010011010011
000000000000000000000000000010011100110
000000000000000000000000000010011111001
000000000000000000000000000010100001100
000000000000000000000000000010100011111
000000000000000000000000000010100110010
000000000000000000000000000010101000101
000000000000000000000000000010101011000
000000000000000000000000000010101101011
000000000000000000000000000010101111110
000000000000000000000000000010110010001
000000000000000000000000000010110100100
000000000000000000000000000010110110111
000000000000000000000000000010111001010
000000000000000000000000000010111011101
000000000000000000000000000010111110000
000000000000000000000000000011000000011
000000000000000000000000000011000010110
000000000000000000000000000011000101001
000000000000000000000000000011000111100
000000000000000000000000000011001001111
000000000000000000000000000011001100010
000000000000000000000000000011001110101
000000000000000000000000000011010001000
000000000000000000000000000011010011011
000000000000000000000000000011010101110
000000000000000000000000000011011000001
000000000000000000000000000011011010100
000000000000000000000000000011011100111
000000000000000000000000000011011111010
000000000000000000000000000011100001101
000000000000000000000000000011100100000
000000000000000000000000000011100110011
000000000000000000000000000011101000110
000000000000000000000000000011101011001
000000000000000000000000000011101101100
000000000000000000000000000011101111111
000000000000000000000000000011110010010
000000000000000000000000000011110100101
000000000000000000000000000011110111000
000000000000000000000000000011111001011
000000000000000000000000000011111011110
000000000000000000000000000011111110001
000000000000000000000000000100000000100
000000000000000000000000000100000010111
000000000000000000000000000100000101010
000000000000000000000000000100000111101
000000000000000000000000000100001010000
000000000000000000000000000100001100011
000000000000000000000000000100001110110
000000000000000000000000000100010001001
000000000000000000000000000100010011100
000000000000000000000000000100010101111
000000000000000000000000000100011000010
000000000000000000000000000100011010101
000000000000000000000000000100011101000
000000000000000000000000000100011111011
000000000000000000000000000100100001110
000000000000000000000000000100100100001
000000000000000000000000000100100110100
000000000000000000000000000100101000111
000000000000000000000000000100101011010
000000000000000000000000000100101101101
000000000000000000000000000100110000000
000000000000000000000000000100110010011
000000000000000000000000000100110100110
000000000000000000000000000100110111001
000000000000000000000000000100111001100
000000000000000000000000000100111011111
000000000000000000000000000100111110010
000000000000000000000000000101000000101
000000000000000000000000000101000011000
000000000000000000000000000101000101011
000000000000000000000000000101000111110
000000000000000000000000000101001010001
000000000000000000000000000101001100100
000000000000000000000000000101001110111
000000000000000000000000000101010001010
000000000000000000000000000101010011101
000000000000000000000000000101010110000
000000000000000000000000000101011000011
000000000000000000000000000101011010110
000000000000000000000000000101011101001
000000000000000000000000000101011111100
000000000000000000000000000101100001111
000000000000000000000000000101100100010
000000000000000000000000000101100110101
000000000000000000000000000101101001000
000000000000000000000000000101101011011
000000000000000000000000000101101101110
000000000000000000000000000101110000001
000000000000000000000000000101110010100
000000000000000000000000000101110100111
000000000000000000000000000101110111010
000000000000000000000000000101111001101
000000000000000000000000000101111100000
000000000000000000000000000101111110011
000000000000000000000000000110000000110
000000000000000000000000000110000011001
000000000000000000000000000110000101100
000000000000000000000000000110000111111
000000000000000000000000000110001010010
000000000000000000000000000110001100101
000000000000000000000000000110001111000
000000000000000000000000000110010001011
000000000000000000000000000110010011110
000000000000000000000000000110010110001
000000000000000000000000000110011000100
000000000000000000000000000110011010111
000000000000000000000000000110011101010
000000000000000000000000000110011111101
000000000000000000000000000110100010000
000000000000000000000000000110100100011
000000000000000000000000000110100110110
000000000000000000000000000110101001001
000000000000000000000000000110101011100
000000000000000000000000000110101101111
000000000000000000000000000110110000010
000000000000000000000000000110110010101
000000000000000000000000000110110101000
000000000000000000000000000110110111011
000000000000000000000000000110111001110
000000000000000000000000000110111100001
000000000000000000000000000110111110100
000000000000000000000000000111000000111
000000000000000000000000000111000011010
000000000000000000000000000111000101101
000000000000000000000000000111001000000
000000000000000000000000000111001010011
000000000000000000000000000111001100110
000000000000000000000000000111001111001
000000000000000000000000000111010001100
000000000000000000000000000111010011111
000000000000000000000000000111010110010
000000000000000000000000000111011000101
000000000000000000000000000111011011000
000000000000000000000000000111011101011
000000000000000000000000000111011111110
000000000000000000000000000111100010001
000000000000000000000000000111100100100
000000000000000000000000000111100110111
000000000000000000000000000111101001010
000000000000000000000000000111101011101
000000000000000000000000000111101110000
000000000000000000000000000111110000011
000000000000000000000000000111110010110
000000000000000000000000000111110101001
000000000000000000000000000111110111100
000000000000000000000000000111111001111
000000000000000000000000000111111100010
000000000000000000000000000111111110101
000000000000000000000000001000000001000
000000000000000000000000001000000011011
000000000000000000000000001000000101110
000000000000000000000000001000001000001
000000000000000000000000001000001010100
000000000000000000000000001000001100111
000000000000000000000000001000001111010
000000000000000000000000001000010001101
000000000000000000000000001000010100000
000000000000000000000000001000010110011
000000000000000000000000001000011000110
000000000000000000000000001000011011001
000000000000000000000000001000011101100
000000000000000000000000001000011111111
000000000000000000000000001000100010010
000000000000000000000000001000100100101
000000000000000000000000001000100111000
000000000000000000000000001000101001011
000000000000000000000000001000101011110
000000000000000000000000001000101110001
000000000000000000000000001000110000100
000000000000000000000000001000110010111
000000000000000000000000001000110101010
000000000000000000000000001000110111101
000000000000000000000000001000111010000
000000000000000000000000001000111100011
000000000000000000000000001000111110110
000000000000000000000000001001000001001
000000000000000000000000001001000011100
000000000000000000000000001001000101111
000000000000000000000000001001001000010
000000000000000000000000001001001010101
000000000000000000000000001001001101000
000000000000000000000000001001001111011
000000000000000000000000001001010001110
000000000000000000000000001001010100001
000000000000000000000000001001010110100
000000000000000000000000001001011000111
000000000000000000000000001001011011010
000000000000000000000000001001011101101
