000000000000000000000000000000000000000
111111111111111111111111111111100100110
111111111111111111111111111111001001100
111111111111111111111111111110101110010
111111111111111111111111111110010011000
111111111111111111111111111101110111110
111111111111111111111111111101011100100
111111111111111111111111111101000001010
111111111111111111111111111100100110000
111111111111111111111111111100001010110
111111111111111111111111111011101111100
111111111111111111111111111011010100010
111111111111111111111111111010111001000
111111111111111111111111111010011101110
111111111111111111111111111010000010100
111111111111111111111111111001100111010
111111111111111111111111111001001100000
111111111111111111111111111000110000110
111111111111111111111111111000010101100
111111111111111111111111110111111010010
111111111111111111111111110111011111000
111111111111111111111111110111000011110
111111111111111111111111110110101000100
111111111111111111111111110110001101010
111111111111111111111111110101110010000
111111111111111111111111110101010110110
111111111111111111111111110100111011100
111111111111111111111111110100100000010
111111111111111111111111110100000101000
111111111111111111111111110011101001110
111111111111111111111111110011001110100
111111111111111111111111110010110011010
111111111111111111111111110010011000000
111111111111111111111111110001111100110
111111111111111111111111110001100001100
111111111111111111111111110001000110010
111111111111111111111111110000101011000
111111111111111111111111110000001111110
111111111111111111111111101111110100100
111111111111111111111111101111011001010
111111111111111111111111101110111110000
111111111111111111111111101110100010110
111111111111111111111111101110000111100
111111111111111111111111101101101100010
111111111111111111111111101101010001000
111111111111111111111111101100110101110
111111111111111111111111101100011010100
111111111111111111111111101011111111010
111111111111111111111111101011100100000
111111111111111111111111101011001000110
111111111111111111111111101010101101100
111111111111111111111111101010010010010
111111111111111111111111101001110111000
111111111111111111111111101001011011110
111111111111111111111111101001000000100
111111111111111111111111101000100101010
111111111111111111111111101000001010000
111111111111111111111111100111101110110
111111111111111111111111100111010011100
111111111111111111111111100110111000010
111111111111111111111111100110011101000
111111111111111111111111100110000001110
111111111111111111111111100101100110100
111111111111111111111111100101001011010
111111111111111111111111100100110000000
111111111111111111111111100100010100110
111111111111111111111111100011111001100
111111111111111111111111100011011110010
111111111111111111111111100011000011000
111111111111111111111111100010100111110
111111111111111111111111100010001100100
111111111111111111111111100001110001010
111111111111111111111111100001010110000
111111111111111111111111100000111010110
111111111111111111111111100000011111100
111111111111111111111111100000000100010
111111111111111111111111011111101001000
111111111111111111111111011111001101110
111111111111111111111111011110110010100
111111111111111111111111011110010111010
111111111111111111111111011101111100000
111111111111111111111111011101100000110
111111111111111111111111011101000101100
111111111111111111111111011100101010010
111111111111111111111111011100001111000
111111111111111111111111011011110011110
111111111111111111111111011011011000100
111111111111111111111111011010111101010
111111111111111111111111011010100010000
111111111111111111111111011010000110110
111111111111111111111111011001101011100
111111111111111111111111011001010000010
111111111111111111111111011000110101000
111111111111111111111111011000011001110
111111111111111111111111010111111110100
111111111111111111111111010111100011010
111111111111111111111111010111001000000
111111111111111111111111010110101100110
111111111111111111111111010110010001100
111111111111111111111111010101110110010
111111111111111111111111010101011011000
111111111111111111111111010100111111110
111111111111111111111111010100100100100
111111111111111111111111010100001001010
111111111111111111111111010011101110000
111111111111111111111111010011010010110
111111111111111111111111010010110111100
111111111111111111111111010010011100010
111111111111111111111111010010000001000
111111111111111111111111010001100101110
111111111111111111111111010001001010100
111111111111111111111111010000101111010
111111111111111111111111010000010100000
111111111111111111111111001111111000110
111111111111111111111111001111011101100
111111111111111111111111001111000010010
111111111111111111111111001110100111000
111111111111111111111111001110001011110
111111111111111111111111001101110000100
111111111111111111111111001101010101010
111111111111111111111111001100111010000
111111111111111111111111001100011110110
111111111111111111111111001100000011100
111111111111111111111111001011101000010
111111111111111111111111001011001101000
111111111111111111111111001010110001110
111111111111111111111111001010010110100
111111111111111111111111001001111011010
111111111111111111111111001001100000000
111111111111111111111111001001000100110
111111111111111111111111001000101001100
111111111111111111111111001000001110010
111111111111111111111111000111110011000
111111111111111111111111000111010111110
111111111111111111111111000110111100100
111111111111111111111111000110100001010
111111111111111111111111000110000110000
111111111111111111111111000101101010110
111111111111111111111111000101001111100
111111111111111111111111000100110100010
111111111111111111111111000100011001000
111111111111111111111111000011111101110
111111111111111111111111000011100010100
111111111111111111111111000011000111010
111111111111111111111111000010101100000
111111111111111111111111000010010000110
111111111111111111111111000001110101100
111111111111111111111111000001011010010
111111111111111111111111000000111111000
111111111111111111111111000000100011110
111111111111111111111111000000001000100
111111111111111111111110111111101101010
111111111111111111111110111111010010000
111111111111111111111110111110110110110
111111111111111111111110111110011011100
111111111111111111111110111110000000010
111111111111111111111110111101100101000
111111111111111111111110111101001001110
111111111111111111111110111100101110100
111111111111111111111110111100010011010
111111111111111111111110111011111000000
111111111111111111111110111011011100110
111111111111111111111110111011000001100
111111111111111111111110111010100110010
111111111111111111111110111010001011000
111111111111111111111110111001101111110
111111111111111111111110111001010100100
111111111111111111111110111000111001010
111111111111111111111110111000011110000
111111111111111111111110111000000010110
111111111111111111111110110111100111100
111111111111111111111110110111001100010
111111111111111111111110110110110001000
111111111111111111111110110110010101110
111111111111111111111110110101111010100
111111111111111111111110110101011111010
111111111111111111111110110101000100000
111111111111111111111110110100101000110
111111111111111111111110110100001101100
111111111111111111111110110011110010010
111111111111111111111110110011010111000
111111111111111111111110110010111011110
111111111111111111111110110010100000100
111111111111111111111110110010000101010
111111111111111111111110110001101010000
111111111111111111111110110001001110110
111111111111111111111110110000110011100
111111111111111111111110110000011000010
111111111111111111111110101111111101000
111111111111111111111110101111100001110
111111111111111111111110101111000110100
111111111111111111111110101110101011010
111111111111111111111110101110010000000
111111111111111111111110101101110100110
111111111111111111111110101101011001100
111111111111111111111110101100111110010
111111111111111111111110101100100011000
111111111111111111111110101100000111110
111111111111111111111110101011101100100
111111111111111111111110101011010001010
111111111111111111111110101010110110000
111111111111111111111110101010011010110
111111111111111111111110101001111111100
111111111111111111111110101001100100010
111111111111111111111110101001001001000
111111111111111111111110101000101101110
111111111111111111111110101000010010100
111111111111111111111110100111110111010
111111111111111111111110100111011100000
111111111111111111111110100111000000110
111111111111111111111110100110100101100
111111111111111111111110100110001010010
111111111111111111111110100101101111000
111111111111111111111110100101010011110
111111111111111111111110100100111000100
111111111111111111111110100100011101010
111111111111111111111110100100000010000
111111111111111111111110100011100110110
111111111111111111111110100011001011100
111111111111111111111110100010110000010
111111111111111111111110100010010101000
111111111111111111111110100001111001110
111111111111111111111110100001011110100
111111111111111111111110100001000011010
111111111111111111111110100000101000000
111111111111111111111110100000001100110
111111111111111111111110011111110001100
111111111111111111111110011111010110010
111111111111111111111110011110111011000
111111111111111111111110011110011111110
111111111111111111111110011110000100100
111111111111111111111110011101101001010
111111111111111111111110011101001110000
111111111111111111111110011100110010110
111111111111111111111110011100010111100
111111111111111111111110011011111100010
111111111111111111111110011011100001000
111111111111111111111110011011000101110
111111111111111111111110011010101010100
111111111111111111111110011010001111010
111111111111111111111110011001110100000
111111111111111111111110011001011000110
111111111111111111111110011000111101100
111111111111111111111110011000100010010
111111111111111111111110011000000111000
111111111111111111111110010111101011110
111111111111111111111110010111010000100
111111111111111111111110010110110101010
111111111111111111111110010110011010000
111111111111111111111110010101111110110
111111111111111111111110010101100011100
111111111111111111111110010101001000010
111111111111111111111110010100101101000
111111111111111111111110010100010001110
111111111111111111111110010011110110100
111111111111111111111110010011011011010
