000000000000000000000000000000000000000
000000000000000000000000000000001100101
000000000000000000000000000000011001010
000000000000000000000000000000100101111
000000000000000000000000000000110010100
000000000000000000000000000000111111001
000000000000000000000000000001001011110
000000000000000000000000000001011000011
000000000000000000000000000001100101000
000000000000000000000000000001110001101
000000000000000000000000000001111110010
000000000000000000000000000010001010111
000000000000000000000000000010010111100
000000000000000000000000000010100100001
000000000000000000000000000010110000110
000000000000000000000000000010111101011
000000000000000000000000000011001010000
000000000000000000000000000011010110101
000000000000000000000000000011100011010
000000000000000000000000000011101111111
000000000000000000000000000011111100100
000000000000000000000000000100001001001
000000000000000000000000000100010101110
000000000000000000000000000100100010011
000000000000000000000000000100101111000
000000000000000000000000000100111011101
000000000000000000000000000101001000010
000000000000000000000000000101010100111
000000000000000000000000000101100001100
000000000000000000000000000101101110001
000000000000000000000000000101111010110
000000000000000000000000000110000111011
000000000000000000000000000110010100000
000000000000000000000000000110100000101
000000000000000000000000000110101101010
000000000000000000000000000110111001111
000000000000000000000000000111000110100
000000000000000000000000000111010011001
000000000000000000000000000111011111110
000000000000000000000000000111101100011
000000000000000000000000000111111001000
000000000000000000000000001000000101101
000000000000000000000000001000010010010
000000000000000000000000001000011110111
000000000000000000000000001000101011100
000000000000000000000000001000111000001
000000000000000000000000001001000100110
000000000000000000000000001001010001011
000000000000000000000000001001011110000
000000000000000000000000001001101010101
000000000000000000000000001001110111010
000000000000000000000000001010000011111
000000000000000000000000001010010000100
000000000000000000000000001010011101001
000000000000000000000000001010101001110
000000000000000000000000001010110110011
000000000000000000000000001011000011000
000000000000000000000000001011001111101
000000000000000000000000001011011100010
000000000000000000000000001011101000111
000000000000000000000000001011110101100
000000000000000000000000001100000010001
000000000000000000000000001100001110110
000000000000000000000000001100011011011
000000000000000000000000001100101000000
000000000000000000000000001100110100101
000000000000000000000000001101000001010
000000000000000000000000001101001101111
000000000000000000000000001101011010100
000000000000000000000000001101100111001
000000000000000000000000001101110011110
000000000000000000000000001110000000011
000000000000000000000000001110001101000
000000000000000000000000001110011001101
000000000000000000000000001110100110010
000000000000000000000000001110110010111
000000000000000000000000001110111111100
000000000000000000000000001111001100001
000000000000000000000000001111011000110
000000000000000000000000001111100101011
000000000000000000000000001111110010000
000000000000000000000000001111111110101
000000000000000000000000010000001011010
000000000000000000000000010000010111111
000000000000000000000000010000100100100
000000000000000000000000010000110001001
000000000000000000000000010000111101110
000000000000000000000000010001001010011
000000000000000000000000010001010111000
000000000000000000000000010001100011101
000000000000000000000000010001110000010
000000000000000000000000010001111100111
000000000000000000000000010010001001100
000000000000000000000000010010010110001
000000000000000000000000010010100010110
000000000000000000000000010010101111011
000000000000000000000000010010111100000
000000000000000000000000010011001000101
000000000000000000000000010011010101010
000000000000000000000000010011100001111
000000000000000000000000010011101110100
000000000000000000000000010011111011001
000000000000000000000000010100000111110
000000000000000000000000010100010100011
000000000000000000000000010100100001000
000000000000000000000000010100101101101
000000000000000000000000010100111010010
000000000000000000000000010101000110111
000000000000000000000000010101010011100
000000000000000000000000010101100000001
000000000000000000000000010101101100110
000000000000000000000000010101111001011
000000000000000000000000010110000110000
000000000000000000000000010110010010101
000000000000000000000000010110011111010
000000000000000000000000010110101011111
000000000000000000000000010110111000100
000000000000000000000000010111000101001
000000000000000000000000010111010001110
000000000000000000000000010111011110011
000000000000000000000000010111101011000
000000000000000000000000010111110111101
000000000000000000000000011000000100010
000000000000000000000000011000010000111
000000000000000000000000011000011101100
000000000000000000000000011000101010001
000000000000000000000000011000110110110
000000000000000000000000011001000011011
000000000000000000000000011001010000000
000000000000000000000000011001011100101
000000000000000000000000011001101001010
000000000000000000000000011001110101111
000000000000000000000000011010000010100
000000000000000000000000011010001111001
000000000000000000000000011010011011110
000000000000000000000000011010101000011
000000000000000000000000011010110101000
000000000000000000000000011011000001101
000000000000000000000000011011001110010
000000000000000000000000011011011010111
000000000000000000000000011011100111100
000000000000000000000000011011110100001
000000000000000000000000011100000000110
000000000000000000000000011100001101011
000000000000000000000000011100011010000
000000000000000000000000011100100110101
000000000000000000000000011100110011010
000000000000000000000000011100111111111
000000000000000000000000011101001100100
000000000000000000000000011101011001001
000000000000000000000000011101100101110
000000000000000000000000011101110010011
000000000000000000000000011101111111000
000000000000000000000000011110001011101
000000000000000000000000011110011000010
000000000000000000000000011110100100111
000000000000000000000000011110110001100
000000000000000000000000011110111110001
000000000000000000000000011111001010110
000000000000000000000000011111010111011
000000000000000000000000011111100100000
000000000000000000000000011111110000101
000000000000000000000000011111111101010
000000000000000000000000100000001001111
000000000000000000000000100000010110100
000000000000000000000000100000100011001
000000000000000000000000100000101111110
000000000000000000000000100000111100011
000000000000000000000000100001001001000
000000000000000000000000100001010101101
000000000000000000000000100001100010010
000000000000000000000000100001101110111
000000000000000000000000100001111011100
000000000000000000000000100010001000001
000000000000000000000000100010010100110
000000000000000000000000100010100001011
000000000000000000000000100010101110000
000000000000000000000000100010111010101
000000000000000000000000100011000111010
000000000000000000000000100011010011111
000000000000000000000000100011100000100
000000000000000000000000100011101101001
000000000000000000000000100011111001110
000000000000000000000000100100000110011
000000000000000000000000100100010011000
000000000000000000000000100100011111101
000000000000000000000000100100101100010
000000000000000000000000100100111000111
000000000000000000000000100101000101100
000000000000000000000000100101010010001
000000000000000000000000100101011110110
000000000000000000000000100101101011011
000000000000000000000000100101111000000
000000000000000000000000100110000100101
000000000000000000000000100110010001010
000000000000000000000000100110011101111
000000000000000000000000100110101010100
000000000000000000000000100110110111001
000000000000000000000000100111000011110
000000000000000000000000100111010000011
000000000000000000000000100111011101000
000000000000000000000000100111101001101
000000000000000000000000100111110110010
000000000000000000000000101000000010111
000000000000000000000000101000001111100
000000000000000000000000101000011100001
000000000000000000000000101000101000110
000000000000000000000000101000110101011
000000000000000000000000101001000010000
000000000000000000000000101001001110101
000000000000000000000000101001011011010
000000000000000000000000101001100111111
000000000000000000000000101001110100100
000000000000000000000000101010000001001
000000000000000000000000101010001101110
000000000000000000000000101010011010011
000000000000000000000000101010100111000
000000000000000000000000101010110011101
000000000000000000000000101011000000010
000000000000000000000000101011001100111
000000000000000000000000101011011001100
000000000000000000000000101011100110001
000000000000000000000000101011110010110
000000000000000000000000101011111111011
000000000000000000000000101100001100000
000000000000000000000000101100011000101
000000000000000000000000101100100101010
000000000000000000000000101100110001111
000000000000000000000000101100111110100
000000000000000000000000101101001011001
000000000000000000000000101101010111110
000000000000000000000000101101100100011
000000000000000000000000101101110001000
000000000000000000000000101101111101101
000000000000000000000000101110001010010
000000000000000000000000101110010110111
000000000000000000000000101110100011100
000000000000000000000000101110110000001
000000000000000000000000101110111100110
000000000000000000000000101111001001011
000000000000000000000000101111010110000
000000000000000000000000101111100010101
000000000000000000000000101111101111010
000000000000000000000000101111111011111
000000000000000000000000110000001000100
000000000000000000000000110000010101001
000000000000000000000000110000100001110
000000000000000000000000110000101110011
000000000000000000000000110000111011000
000000000000000000000000110001000111101
000000000000000000000000110001010100010
000000000000000000000000110001100000111
000000000000000000000000110001101101100
000000000000000000000000110001111010001
000000000000000000000000110010000110110
000000000000000000000000110010010011011
