000000000000000000000000000000000000000
000000000000000000000000000000000100110
000000000000000000000000000000001001100
000000000000000000000000000000001110010
000000000000000000000000000000010011000
000000000000000000000000000000010111110
000000000000000000000000000000011100100
000000000000000000000000000000100001010
000000000000000000000000000000100110000
000000000000000000000000000000101010110
000000000000000000000000000000101111100
000000000000000000000000000000110100010
000000000000000000000000000000111001000
000000000000000000000000000000111101110
000000000000000000000000000001000010100
000000000000000000000000000001000111010
000000000000000000000000000001001100000
000000000000000000000000000001010000110
000000000000000000000000000001010101100
000000000000000000000000000001011010010
000000000000000000000000000001011111000
000000000000000000000000000001100011110
000000000000000000000000000001101000100
000000000000000000000000000001101101010
000000000000000000000000000001110010000
000000000000000000000000000001110110110
000000000000000000000000000001111011100
000000000000000000000000000010000000010
000000000000000000000000000010000101000
000000000000000000000000000010001001110
000000000000000000000000000010001110100
000000000000000000000000000010010011010
000000000000000000000000000010011000000
000000000000000000000000000010011100110
000000000000000000000000000010100001100
000000000000000000000000000010100110010
000000000000000000000000000010101011000
000000000000000000000000000010101111110
000000000000000000000000000010110100100
000000000000000000000000000010111001010
000000000000000000000000000010111110000
000000000000000000000000000011000010110
000000000000000000000000000011000111100
000000000000000000000000000011001100010
000000000000000000000000000011010001000
000000000000000000000000000011010101110
000000000000000000000000000011011010100
000000000000000000000000000011011111010
000000000000000000000000000011100100000
000000000000000000000000000011101000110
000000000000000000000000000011101101100
000000000000000000000000000011110010010
000000000000000000000000000011110111000
000000000000000000000000000011111011110
000000000000000000000000000100000000100
000000000000000000000000000100000101010
000000000000000000000000000100001010000
000000000000000000000000000100001110110
000000000000000000000000000100010011100
000000000000000000000000000100011000010
000000000000000000000000000100011101000
000000000000000000000000000100100001110
000000000000000000000000000100100110100
000000000000000000000000000100101011010
000000000000000000000000000100110000000
000000000000000000000000000100110100110
000000000000000000000000000100111001100
000000000000000000000000000100111110010
000000000000000000000000000101000011000
000000000000000000000000000101000111110
000000000000000000000000000101001100100
000000000000000000000000000101010001010
000000000000000000000000000101010110000
000000000000000000000000000101011010110
000000000000000000000000000101011111100
000000000000000000000000000101100100010
000000000000000000000000000101101001000
000000000000000000000000000101101101110
000000000000000000000000000101110010100
000000000000000000000000000101110111010
000000000000000000000000000101111100000
000000000000000000000000000110000000110
000000000000000000000000000110000101100
000000000000000000000000000110001010010
000000000000000000000000000110001111000
000000000000000000000000000110010011110
000000000000000000000000000110011000100
000000000000000000000000000110011101010
000000000000000000000000000110100010000
000000000000000000000000000110100110110
000000000000000000000000000110101011100
000000000000000000000000000110110000010
000000000000000000000000000110110101000
000000000000000000000000000110111001110
000000000000000000000000000110111110100
000000000000000000000000000111000011010
000000000000000000000000000111001000000
000000000000000000000000000111001100110
000000000000000000000000000111010001100
000000000000000000000000000111010110010
000000000000000000000000000111011011000
000000000000000000000000000111011111110
000000000000000000000000000111100100100
000000000000000000000000000111101001010
000000000000000000000000000111101110000
000000000000000000000000000111110010110
000000000000000000000000000111110111100
000000000000000000000000000111111100010
000000000000000000000000001000000001000
000000000000000000000000001000000101110
000000000000000000000000001000001010100
000000000000000000000000001000001111010
000000000000000000000000001000010100000
000000000000000000000000001000011000110
000000000000000000000000001000011101100
000000000000000000000000001000100010010
000000000000000000000000001000100111000
000000000000000000000000001000101011110
000000000000000000000000001000110000100
000000000000000000000000001000110101010
000000000000000000000000001000111010000
000000000000000000000000001000111110110
000000000000000000000000001001000011100
000000000000000000000000001001001000010
000000000000000000000000001001001101000
000000000000000000000000001001010001110
000000000000000000000000001001010110100
000000000000000000000000001001011011010
000000000000000000000000001001100000000
000000000000000000000000001001100100110
000000000000000000000000001001101001100
000000000000000000000000001001101110010
000000000000000000000000001001110011000
000000000000000000000000001001110111110
000000000000000000000000001001111100100
000000000000000000000000001010000001010
000000000000000000000000001010000110000
000000000000000000000000001010001010110
000000000000000000000000001010001111100
000000000000000000000000001010010100010
000000000000000000000000001010011001000
000000000000000000000000001010011101110
000000000000000000000000001010100010100
000000000000000000000000001010100111010
000000000000000000000000001010101100000
000000000000000000000000001010110000110
000000000000000000000000001010110101100
000000000000000000000000001010111010010
000000000000000000000000001010111111000
000000000000000000000000001011000011110
000000000000000000000000001011001000100
000000000000000000000000001011001101010
000000000000000000000000001011010010000
000000000000000000000000001011010110110
000000000000000000000000001011011011100
000000000000000000000000001011100000010
000000000000000000000000001011100101000
000000000000000000000000001011101001110
000000000000000000000000001011101110100
000000000000000000000000001011110011010
000000000000000000000000001011111000000
000000000000000000000000001011111100110
000000000000000000000000001100000001100
000000000000000000000000001100000110010
000000000000000000000000001100001011000
000000000000000000000000001100001111110
000000000000000000000000001100010100100
000000000000000000000000001100011001010
000000000000000000000000001100011110000
000000000000000000000000001100100010110
000000000000000000000000001100100111100
000000000000000000000000001100101100010
000000000000000000000000001100110001000
000000000000000000000000001100110101110
000000000000000000000000001100111010100
000000000000000000000000001100111111010
000000000000000000000000001101000100000
000000000000000000000000001101001000110
000000000000000000000000001101001101100
000000000000000000000000001101010010010
000000000000000000000000001101010111000
000000000000000000000000001101011011110
000000000000000000000000001101100000100
000000000000000000000000001101100101010
000000000000000000000000001101101010000
000000000000000000000000001101101110110
000000000000000000000000001101110011100
000000000000000000000000001101111000010
000000000000000000000000001101111101000
000000000000000000000000001110000001110
000000000000000000000000001110000110100
000000000000000000000000001110001011010
000000000000000000000000001110010000000
000000000000000000000000001110010100110
000000000000000000000000001110011001100
000000000000000000000000001110011110010
000000000000000000000000001110100011000
000000000000000000000000001110100111110
000000000000000000000000001110101100100
000000000000000000000000001110110001010
000000000000000000000000001110110110000
000000000000000000000000001110111010110
000000000000000000000000001110111111100
000000000000000000000000001111000100010
000000000000000000000000001111001001000
000000000000000000000000001111001101110
000000000000000000000000001111010010100
000000000000000000000000001111010111010
000000000000000000000000001111011100000
000000000000000000000000001111100000110
000000000000000000000000001111100101100
000000000000000000000000001111101010010
000000000000000000000000001111101111000
000000000000000000000000001111110011110
000000000000000000000000001111111000100
000000000000000000000000001111111101010
000000000000000000000000010000000010000
000000000000000000000000010000000110110
000000000000000000000000010000001011100
000000000000000000000000010000010000010
000000000000000000000000010000010101000
000000000000000000000000010000011001110
000000000000000000000000010000011110100
000000000000000000000000010000100011010
000000000000000000000000010000101000000
000000000000000000000000010000101100110
000000000000000000000000010000110001100
000000000000000000000000010000110110010
000000000000000000000000010000111011000
000000000000000000000000010000111111110
000000000000000000000000010001000100100
000000000000000000000000010001001001010
000000000000000000000000010001001110000
000000000000000000000000010001010010110
000000000000000000000000010001010111100
000000000000000000000000010001011100010
000000000000000000000000010001100001000
000000000000000000000000010001100101110
000000000000000000000000010001101010100
000000000000000000000000010001101111010
000000000000000000000000010001110100000
000000000000000000000000010001111000110
000000000000000000000000010001111101100
000000000000000000000000010010000010010
000000000000000000000000010010000111000
000000000000000000000000010010001011110
000000000000000000000000010010010000100
000000000000000000000000010010010101010
000000000000000000000000010010011010000
000000000000000000000000010010011110110
000000000000000000000000010010100011100
000000000000000000000000010010101000010
000000000000000000000000010010101101000
000000000000000000000000010010110001110
000000000000000000000000010010110110100
000000000000000000000000010010111011010
