000000000000000000000000000000000000000
111111111111111111111111111111100101010
111111111111111111111111111111001010100
111111111111111111111111111110101111110
111111111111111111111111111110010101000
111111111111111111111111111101111010010
111111111111111111111111111101011111100
111111111111111111111111111101000100110
111111111111111111111111111100101010000
111111111111111111111111111100001111010
111111111111111111111111111011110100100
111111111111111111111111111011011001110
111111111111111111111111111010111111000
111111111111111111111111111010100100010
111111111111111111111111111010001001100
111111111111111111111111111001101110110
111111111111111111111111111001010100000
111111111111111111111111111000111001010
111111111111111111111111111000011110100
111111111111111111111111111000000011110
111111111111111111111111110111101001000
111111111111111111111111110111001110010
111111111111111111111111110110110011100
111111111111111111111111110110011000110
111111111111111111111111110101111110000
111111111111111111111111110101100011010
111111111111111111111111110101001000100
111111111111111111111111110100101101110
111111111111111111111111110100010011000
111111111111111111111111110011111000010
111111111111111111111111110011011101100
111111111111111111111111110011000010110
111111111111111111111111110010101000000
111111111111111111111111110010001101010
111111111111111111111111110001110010100
111111111111111111111111110001010111110
111111111111111111111111110000111101000
111111111111111111111111110000100010010
111111111111111111111111110000000111100
111111111111111111111111101111101100110
111111111111111111111111101111010010000
111111111111111111111111101110110111010
111111111111111111111111101110011100100
111111111111111111111111101110000001110
111111111111111111111111101101100111000
111111111111111111111111101101001100010
111111111111111111111111101100110001100
111111111111111111111111101100010110110
111111111111111111111111101011111100000
111111111111111111111111101011100001010
111111111111111111111111101011000110100
111111111111111111111111101010101011110
111111111111111111111111101010010001000
111111111111111111111111101001110110010
111111111111111111111111101001011011100
111111111111111111111111101001000000110
111111111111111111111111101000100110000
111111111111111111111111101000001011010
111111111111111111111111100111110000100
111111111111111111111111100111010101110
111111111111111111111111100110111011000
111111111111111111111111100110100000010
111111111111111111111111100110000101100
111111111111111111111111100101101010110
111111111111111111111111100101010000000
111111111111111111111111100100110101010
111111111111111111111111100100011010100
111111111111111111111111100011111111110
111111111111111111111111100011100101000
111111111111111111111111100011001010010
111111111111111111111111100010101111100
111111111111111111111111100010010100110
111111111111111111111111100001111010000
111111111111111111111111100001011111010
111111111111111111111111100001000100100
111111111111111111111111100000101001110
111111111111111111111111100000001111000
111111111111111111111111011111110100010
111111111111111111111111011111011001100
111111111111111111111111011110111110110
111111111111111111111111011110100100000
111111111111111111111111011110001001010
111111111111111111111111011101101110100
111111111111111111111111011101010011110
111111111111111111111111011100111001000
111111111111111111111111011100011110010
111111111111111111111111011100000011100
111111111111111111111111011011101000110
111111111111111111111111011011001110000
111111111111111111111111011010110011010
111111111111111111111111011010011000100
111111111111111111111111011001111101110
111111111111111111111111011001100011000
111111111111111111111111011001001000010
111111111111111111111111011000101101100
111111111111111111111111011000010010110
111111111111111111111111010111111000000
111111111111111111111111010111011101010
111111111111111111111111010111000010100
111111111111111111111111010110100111110
111111111111111111111111010110001101000
111111111111111111111111010101110010010
111111111111111111111111010101010111100
111111111111111111111111010100111100110
111111111111111111111111010100100010000
111111111111111111111111010100000111010
111111111111111111111111010011101100100
111111111111111111111111010011010001110
111111111111111111111111010010110111000
111111111111111111111111010010011100010
111111111111111111111111010010000001100
111111111111111111111111010001100110110
111111111111111111111111010001001100000
111111111111111111111111010000110001010
111111111111111111111111010000010110100
111111111111111111111111001111111011110
111111111111111111111111001111100001000
111111111111111111111111001111000110010
111111111111111111111111001110101011100
111111111111111111111111001110010000110
111111111111111111111111001101110110000
111111111111111111111111001101011011010
111111111111111111111111001101000000100
111111111111111111111111001100100101110
111111111111111111111111001100001011000
111111111111111111111111001011110000010
111111111111111111111111001011010101100
111111111111111111111111001010111010110
111111111111111111111111001010100000000
111111111111111111111111001010000101010
111111111111111111111111001001101010100
111111111111111111111111001001001111110
111111111111111111111111001000110101000
111111111111111111111111001000011010010
111111111111111111111111000111111111100
111111111111111111111111000111100100110
111111111111111111111111000111001010000
111111111111111111111111000110101111010
111111111111111111111111000110010100100
111111111111111111111111000101111001110
111111111111111111111111000101011111000
111111111111111111111111000101000100010
111111111111111111111111000100101001100
111111111111111111111111000100001110110
111111111111111111111111000011110100000
111111111111111111111111000011011001010
111111111111111111111111000010111110100
111111111111111111111111000010100011110
111111111111111111111111000010001001000
111111111111111111111111000001101110010
111111111111111111111111000001010011100
111111111111111111111111000000111000110
111111111111111111111111000000011110000
111111111111111111111111000000000011010
111111111111111111111110111111101000100
111111111111111111111110111111001101110
111111111111111111111110111110110011000
111111111111111111111110111110011000010
111111111111111111111110111101111101100
111111111111111111111110111101100010110
111111111111111111111110111101001000000
111111111111111111111110111100101101010
111111111111111111111110111100010010100
111111111111111111111110111011110111110
111111111111111111111110111011011101000
111111111111111111111110111011000010010
111111111111111111111110111010100111100
111111111111111111111110111010001100110
111111111111111111111110111001110010000
111111111111111111111110111001010111010
111111111111111111111110111000111100100
111111111111111111111110111000100001110
111111111111111111111110111000000111000
111111111111111111111110110111101100010
111111111111111111111110110111010001100
111111111111111111111110110110110110110
111111111111111111111110110110011100000
111111111111111111111110110110000001010
111111111111111111111110110101100110100
111111111111111111111110110101001011110
111111111111111111111110110100110001000
111111111111111111111110110100010110010
111111111111111111111110110011111011100
111111111111111111111110110011100000110
111111111111111111111110110011000110000
111111111111111111111110110010101011010
111111111111111111111110110010010000100
111111111111111111111110110001110101110
111111111111111111111110110001011011000
111111111111111111111110110001000000010
111111111111111111111110110000100101100
111111111111111111111110110000001010110
111111111111111111111110101111110000000
111111111111111111111110101111010101010
111111111111111111111110101110111010100
111111111111111111111110101110011111110
111111111111111111111110101110000101000
111111111111111111111110101101101010010
111111111111111111111110101101001111100
111111111111111111111110101100110100110
111111111111111111111110101100011010000
111111111111111111111110101011111111010
111111111111111111111110101011100100100
111111111111111111111110101011001001110
111111111111111111111110101010101111000
111111111111111111111110101010010100010
111111111111111111111110101001111001100
111111111111111111111110101001011110110
111111111111111111111110101001000100000
111111111111111111111110101000101001010
111111111111111111111110101000001110100
111111111111111111111110100111110011110
111111111111111111111110100111011001000
111111111111111111111110100110111110010
111111111111111111111110100110100011100
111111111111111111111110100110001000110
111111111111111111111110100101101110000
111111111111111111111110100101010011010
111111111111111111111110100100111000100
111111111111111111111110100100011101110
111111111111111111111110100100000011000
111111111111111111111110100011101000010
111111111111111111111110100011001101100
111111111111111111111110100010110010110
111111111111111111111110100010011000000
111111111111111111111110100001111101010
111111111111111111111110100001100010100
111111111111111111111110100001000111110
111111111111111111111110100000101101000
111111111111111111111110100000010010010
111111111111111111111110011111110111100
111111111111111111111110011111011100110
111111111111111111111110011111000010000
111111111111111111111110011110100111010
111111111111111111111110011110001100100
111111111111111111111110011101110001110
111111111111111111111110011101010111000
111111111111111111111110011100111100010
111111111111111111111110011100100001100
111111111111111111111110011100000110110
111111111111111111111110011011101100000
111111111111111111111110011011010001010
111111111111111111111110011010110110100
111111111111111111111110011010011011110
111111111111111111111110011010000001000
111111111111111111111110011001100110010
111111111111111111111110011001001011100
111111111111111111111110011000110000110
111111111111111111111110011000010110000
111111111111111111111110010111111011010
111111111111111111111110010111100000100
111111111111111111111110010111000101110
111111111111111111111110010110101011000
111111111111111111111110010110010000010
111111111111111111111110010101110101100
111111111111111111111110010101011010110
