000000000000000000000000000000000000000
000000000000000000000000000000001100100
000000000000000000000000000000011001000
000000000000000000000000000000100101100
000000000000000000000000000000110010000
000000000000000000000000000000111110100
000000000000000000000000000001001011000
000000000000000000000000000001010111100
000000000000000000000000000001100100000
000000000000000000000000000001110000100
000000000000000000000000000001111101000
000000000000000000000000000010001001100
000000000000000000000000000010010110000
000000000000000000000000000010100010100
000000000000000000000000000010101111000
000000000000000000000000000010111011100
000000000000000000000000000011001000000
000000000000000000000000000011010100100
000000000000000000000000000011100001000
000000000000000000000000000011101101100
000000000000000000000000000011111010000
000000000000000000000000000100000110100
000000000000000000000000000100010011000
000000000000000000000000000100011111100
000000000000000000000000000100101100000
000000000000000000000000000100111000100
000000000000000000000000000101000101000
000000000000000000000000000101010001100
000000000000000000000000000101011110000
000000000000000000000000000101101010100
000000000000000000000000000101110111000
000000000000000000000000000110000011100
000000000000000000000000000110010000000
000000000000000000000000000110011100100
000000000000000000000000000110101001000
000000000000000000000000000110110101100
000000000000000000000000000111000010000
000000000000000000000000000111001110100
000000000000000000000000000111011011000
000000000000000000000000000111100111100
000000000000000000000000000111110100000
000000000000000000000000001000000000100
000000000000000000000000001000001101000
000000000000000000000000001000011001100
000000000000000000000000001000100110000
000000000000000000000000001000110010100
000000000000000000000000001000111111000
000000000000000000000000001001001011100
000000000000000000000000001001011000000
000000000000000000000000001001100100100
000000000000000000000000001001110001000
000000000000000000000000001001111101100
000000000000000000000000001010001010000
000000000000000000000000001010010110100
000000000000000000000000001010100011000
000000000000000000000000001010101111100
000000000000000000000000001010111100000
000000000000000000000000001011001000100
000000000000000000000000001011010101000
000000000000000000000000001011100001100
000000000000000000000000001011101110000
000000000000000000000000001011111010100
000000000000000000000000001100000111000
000000000000000000000000001100010011100
000000000000000000000000001100100000000
000000000000000000000000001100101100100
000000000000000000000000001100111001000
000000000000000000000000001101000101100
000000000000000000000000001101010010000
000000000000000000000000001101011110100
000000000000000000000000001101101011000
000000000000000000000000001101110111100
000000000000000000000000001110000100000
000000000000000000000000001110010000100
000000000000000000000000001110011101000
000000000000000000000000001110101001100
000000000000000000000000001110110110000
000000000000000000000000001111000010100
000000000000000000000000001111001111000
000000000000000000000000001111011011100
000000000000000000000000001111101000000
000000000000000000000000001111110100100
000000000000000000000000010000000001000
000000000000000000000000010000001101100
000000000000000000000000010000011010000
000000000000000000000000010000100110100
000000000000000000000000010000110011000
000000000000000000000000010000111111100
000000000000000000000000010001001100000
000000000000000000000000010001011000100
000000000000000000000000010001100101000
000000000000000000000000010001110001100
000000000000000000000000010001111110000
000000000000000000000000010010001010100
000000000000000000000000010010010111000
000000000000000000000000010010100011100
000000000000000000000000010010110000000
000000000000000000000000010010111100100
000000000000000000000000010011001001000
000000000000000000000000010011010101100
000000000000000000000000010011100010000
000000000000000000000000010011101110100
000000000000000000000000010011111011000
000000000000000000000000010100000111100
000000000000000000000000010100010100000
000000000000000000000000010100100000100
000000000000000000000000010100101101000
000000000000000000000000010100111001100
000000000000000000000000010101000110000
000000000000000000000000010101010010100
000000000000000000000000010101011111000
000000000000000000000000010101101011100
000000000000000000000000010101111000000
000000000000000000000000010110000100100
000000000000000000000000010110010001000
000000000000000000000000010110011101100
000000000000000000000000010110101010000
000000000000000000000000010110110110100
000000000000000000000000010111000011000
000000000000000000000000010111001111100
000000000000000000000000010111011100000
000000000000000000000000010111101000100
000000000000000000000000010111110101000
000000000000000000000000011000000001100
000000000000000000000000011000001110000
000000000000000000000000011000011010100
000000000000000000000000011000100111000
000000000000000000000000011000110011100
000000000000000000000000011001000000000
000000000000000000000000011001001100100
000000000000000000000000011001011001000
000000000000000000000000011001100101100
000000000000000000000000011001110010000
000000000000000000000000011001111110100
000000000000000000000000011010001011000
000000000000000000000000011010010111100
000000000000000000000000011010100100000
000000000000000000000000011010110000100
000000000000000000000000011010111101000
000000000000000000000000011011001001100
000000000000000000000000011011010110000
000000000000000000000000011011100010100
000000000000000000000000011011101111000
000000000000000000000000011011111011100
000000000000000000000000011100001000000
000000000000000000000000011100010100100
000000000000000000000000011100100001000
000000000000000000000000011100101101100
000000000000000000000000011100111010000
000000000000000000000000011101000110100
000000000000000000000000011101010011000
000000000000000000000000011101011111100
000000000000000000000000011101101100000
000000000000000000000000011101111000100
000000000000000000000000011110000101000
000000000000000000000000011110010001100
000000000000000000000000011110011110000
000000000000000000000000011110101010100
000000000000000000000000011110110111000
000000000000000000000000011111000011100
000000000000000000000000011111010000000
000000000000000000000000011111011100100
000000000000000000000000011111101001000
000000000000000000000000011111110101100
000000000000000000000000100000000010000
000000000000000000000000100000001110100
000000000000000000000000100000011011000
000000000000000000000000100000100111100
000000000000000000000000100000110100000
000000000000000000000000100001000000100
000000000000000000000000100001001101000
000000000000000000000000100001011001100
000000000000000000000000100001100110000
000000000000000000000000100001110010100
000000000000000000000000100001111111000
000000000000000000000000100010001011100
000000000000000000000000100010011000000
000000000000000000000000100010100100100
000000000000000000000000100010110001000
000000000000000000000000100010111101100
000000000000000000000000100011001010000
000000000000000000000000100011010110100
000000000000000000000000100011100011000
000000000000000000000000100011101111100
000000000000000000000000100011111100000
000000000000000000000000100100001000100
000000000000000000000000100100010101000
000000000000000000000000100100100001100
000000000000000000000000100100101110000
000000000000000000000000100100111010100
000000000000000000000000100101000111000
000000000000000000000000100101010011100
000000000000000000000000100101100000000
000000000000000000000000100101101100100
000000000000000000000000100101111001000
000000000000000000000000100110000101100
000000000000000000000000100110010010000
000000000000000000000000100110011110100
000000000000000000000000100110101011000
000000000000000000000000100110110111100
000000000000000000000000100111000100000
000000000000000000000000100111010000100
000000000000000000000000100111011101000
000000000000000000000000100111101001100
000000000000000000000000100111110110000
000000000000000000000000101000000010100
000000000000000000000000101000001111000
000000000000000000000000101000011011100
000000000000000000000000101000101000000
000000000000000000000000101000110100100
000000000000000000000000101001000001000
000000000000000000000000101001001101100
000000000000000000000000101001011010000
000000000000000000000000101001100110100
000000000000000000000000101001110011000
000000000000000000000000101001111111100
000000000000000000000000101010001100000
000000000000000000000000101010011000100
000000000000000000000000101010100101000
000000000000000000000000101010110001100
000000000000000000000000101010111110000
000000000000000000000000101011001010100
000000000000000000000000101011010111000
000000000000000000000000101011100011100
000000000000000000000000101011110000000
000000000000000000000000101011111100100
000000000000000000000000101100001001000
000000000000000000000000101100010101100
000000000000000000000000101100100010000
000000000000000000000000101100101110100
000000000000000000000000101100111011000
000000000000000000000000101101000111100
000000000000000000000000101101010100000
000000000000000000000000101101100000100
000000000000000000000000101101101101000
000000000000000000000000101101111001100
000000000000000000000000101110000110000
000000000000000000000000101110010010100
000000000000000000000000101110011111000
000000000000000000000000101110101011100
000000000000000000000000101110111000000
000000000000000000000000101111000100100
000000000000000000000000101111010001000
000000000000000000000000101111011101100
000000000000000000000000101111101010000
000000000000000000000000101111110110100
000000000000000000000000110000000011000
000000000000000000000000110000001111100
000000000000000000000000110000011100000
000000000000000000000000110000101000100
000000000000000000000000110000110101000
000000000000000000000000110001000001100
000000000000000000000000110001001110000
000000000000000000000000110001011010100
000000000000000000000000110001100111000
000000000000000000000000110001110011100
