000000000000000000000000000000000000000
111111111111111111111111111111111110101
111111111111111111111111111111111101010
111111111111111111111111111111111011111
111111111111111111111111111111111010100
111111111111111111111111111111111001001
111111111111111111111111111111110111110
111111111111111111111111111111110110011
111111111111111111111111111111110101000
111111111111111111111111111111110011101
111111111111111111111111111111110010010
111111111111111111111111111111110000111
111111111111111111111111111111101111100
111111111111111111111111111111101110001
111111111111111111111111111111101100110
111111111111111111111111111111101011011
111111111111111111111111111111101010000
111111111111111111111111111111101000101
111111111111111111111111111111100111010
111111111111111111111111111111100101111
111111111111111111111111111111100100100
111111111111111111111111111111100011001
111111111111111111111111111111100001110
111111111111111111111111111111100000011
111111111111111111111111111111011111000
111111111111111111111111111111011101101
111111111111111111111111111111011100010
111111111111111111111111111111011010111
111111111111111111111111111111011001100
111111111111111111111111111111011000001
111111111111111111111111111111010110110
111111111111111111111111111111010101011
111111111111111111111111111111010100000
111111111111111111111111111111010010101
111111111111111111111111111111010001010
111111111111111111111111111111001111111
111111111111111111111111111111001110100
111111111111111111111111111111001101001
111111111111111111111111111111001011110
111111111111111111111111111111001010011
111111111111111111111111111111001001000
111111111111111111111111111111000111101
111111111111111111111111111111000110010
111111111111111111111111111111000100111
111111111111111111111111111111000011100
111111111111111111111111111111000010001
111111111111111111111111111111000000110
111111111111111111111111111110111111011
111111111111111111111111111110111110000
111111111111111111111111111110111100101
111111111111111111111111111110111011010
111111111111111111111111111110111001111
111111111111111111111111111110111000100
111111111111111111111111111110110111001
111111111111111111111111111110110101110
111111111111111111111111111110110100011
111111111111111111111111111110110011000
111111111111111111111111111110110001101
111111111111111111111111111110110000010
111111111111111111111111111110101110111
111111111111111111111111111110101101100
111111111111111111111111111110101100001
111111111111111111111111111110101010110
111111111111111111111111111110101001011
111111111111111111111111111110101000000
111111111111111111111111111110100110101
111111111111111111111111111110100101010
111111111111111111111111111110100011111
111111111111111111111111111110100010100
111111111111111111111111111110100001001
111111111111111111111111111110011111110
111111111111111111111111111110011110011
111111111111111111111111111110011101000
111111111111111111111111111110011011101
111111111111111111111111111110011010010
111111111111111111111111111110011000111
111111111111111111111111111110010111100
111111111111111111111111111110010110001
111111111111111111111111111110010100110
111111111111111111111111111110010011011
111111111111111111111111111110010010000
111111111111111111111111111110010000101
111111111111111111111111111110001111010
111111111111111111111111111110001101111
111111111111111111111111111110001100100
111111111111111111111111111110001011001
111111111111111111111111111110001001110
111111111111111111111111111110001000011
111111111111111111111111111110000111000
111111111111111111111111111110000101101
111111111111111111111111111110000100010
111111111111111111111111111110000010111
111111111111111111111111111110000001100
111111111111111111111111111110000000001
111111111111111111111111111101111110110
111111111111111111111111111101111101011
111111111111111111111111111101111100000
111111111111111111111111111101111010101
111111111111111111111111111101111001010
111111111111111111111111111101110111111
111111111111111111111111111101110110100
111111111111111111111111111101110101001
111111111111111111111111111101110011110
111111111111111111111111111101110010011
111111111111111111111111111101110001000
111111111111111111111111111101101111101
111111111111111111111111111101101110010
111111111111111111111111111101101100111
111111111111111111111111111101101011100
111111111111111111111111111101101010001
111111111111111111111111111101101000110
111111111111111111111111111101100111011
111111111111111111111111111101100110000
111111111111111111111111111101100100101
111111111111111111111111111101100011010
111111111111111111111111111101100001111
111111111111111111111111111101100000100
111111111111111111111111111101011111001
111111111111111111111111111101011101110
111111111111111111111111111101011100011
111111111111111111111111111101011011000
111111111111111111111111111101011001101
111111111111111111111111111101011000010
111111111111111111111111111101010110111
111111111111111111111111111101010101100
111111111111111111111111111101010100001
111111111111111111111111111101010010110
111111111111111111111111111101010001011
111111111111111111111111111101010000000
111111111111111111111111111101001110101
111111111111111111111111111101001101010
111111111111111111111111111101001011111
111111111111111111111111111101001010100
111111111111111111111111111101001001001
111111111111111111111111111101000111110
111111111111111111111111111101000110011
111111111111111111111111111101000101000
111111111111111111111111111101000011101
111111111111111111111111111101000010010
111111111111111111111111111101000000111
111111111111111111111111111100111111100
111111111111111111111111111100111110001
111111111111111111111111111100111100110
111111111111111111111111111100111011011
111111111111111111111111111100111010000
111111111111111111111111111100111000101
111111111111111111111111111100110111010
111111111111111111111111111100110101111
111111111111111111111111111100110100100
111111111111111111111111111100110011001
111111111111111111111111111100110001110
111111111111111111111111111100110000011
111111111111111111111111111100101111000
111111111111111111111111111100101101101
111111111111111111111111111100101100010
111111111111111111111111111100101010111
111111111111111111111111111100101001100
111111111111111111111111111100101000001
111111111111111111111111111100100110110
111111111111111111111111111100100101011
111111111111111111111111111100100100000
111111111111111111111111111100100010101
111111111111111111111111111100100001010
111111111111111111111111111100011111111
111111111111111111111111111100011110100
111111111111111111111111111100011101001
111111111111111111111111111100011011110
111111111111111111111111111100011010011
111111111111111111111111111100011001000
111111111111111111111111111100010111101
111111111111111111111111111100010110010
111111111111111111111111111100010100111
111111111111111111111111111100010011100
111111111111111111111111111100010010001
111111111111111111111111111100010000110
111111111111111111111111111100001111011
111111111111111111111111111100001110000
111111111111111111111111111100001100101
111111111111111111111111111100001011010
111111111111111111111111111100001001111
111111111111111111111111111100001000100
111111111111111111111111111100000111001
111111111111111111111111111100000101110
111111111111111111111111111100000100011
111111111111111111111111111100000011000
111111111111111111111111111100000001101
111111111111111111111111111100000000010
111111111111111111111111111011111110111
111111111111111111111111111011111101100
111111111111111111111111111011111100001
111111111111111111111111111011111010110
111111111111111111111111111011111001011
111111111111111111111111111011111000000
111111111111111111111111111011110110101
111111111111111111111111111011110101010
111111111111111111111111111011110011111
111111111111111111111111111011110010100
111111111111111111111111111011110001001
111111111111111111111111111011101111110
111111111111111111111111111011101110011
111111111111111111111111111011101101000
111111111111111111111111111011101011101
111111111111111111111111111011101010010
111111111111111111111111111011101000111
111111111111111111111111111011100111100
111111111111111111111111111011100110001
111111111111111111111111111011100100110
111111111111111111111111111011100011011
111111111111111111111111111011100010000
111111111111111111111111111011100000101
111111111111111111111111111011011111010
111111111111111111111111111011011101111
111111111111111111111111111011011100100
111111111111111111111111111011011011001
111111111111111111111111111011011001110
111111111111111111111111111011011000011
111111111111111111111111111011010111000
111111111111111111111111111011010101101
111111111111111111111111111011010100010
111111111111111111111111111011010010111
111111111111111111111111111011010001100
111111111111111111111111111011010000001
111111111111111111111111111011001110110
111111111111111111111111111011001101011
111111111111111111111111111011001100000
111111111111111111111111111011001010101
111111111111111111111111111011001001010
111111111111111111111111111011000111111
111111111111111111111111111011000110100
111111111111111111111111111011000101001
111111111111111111111111111011000011110
111111111111111111111111111011000010011
111111111111111111111111111011000001000
111111111111111111111111111010111111101
111111111111111111111111111010111110010
111111111111111111111111111010111100111
111111111111111111111111111010111011100
111111111111111111111111111010111010001
111111111111111111111111111010111000110
111111111111111111111111111010110111011
111111111111111111111111111010110110000
111111111111111111111111111010110100101
111111111111111111111111111010110011010
111111111111111111111111111010110001111
111111111111111111111111111010110000100
111111111111111111111111111010101111001
111111111111111111111111111010101101110
111111111111111111111111111010101100011
111111111111111111111111111010101011000
111111111111111111111111111010101001101
111111111111111111111111111010101000010
111111111111111111111111111010100110111
111111111111111111111111111010100101100
111111111111111111111111111010100100001
111111111111111111111111111010100010110
111111111111111111111111111010100001011
