000000000000000000000000000000000000000
111111111111111111111111111111101111010
111111111111111111111111111111011110100
111111111111111111111111111111001101110
111111111111111111111111111110111101000
111111111111111111111111111110101100010
111111111111111111111111111110011011100
111111111111111111111111111110001010110
111111111111111111111111111101111010000
111111111111111111111111111101101001010
111111111111111111111111111101011000100
111111111111111111111111111101000111110
111111111111111111111111111100110111000
111111111111111111111111111100100110010
111111111111111111111111111100010101100
111111111111111111111111111100000100110
111111111111111111111111111011110100000
111111111111111111111111111011100011010
111111111111111111111111111011010010100
111111111111111111111111111011000001110
111111111111111111111111111010110001000
111111111111111111111111111010100000010
111111111111111111111111111010001111100
111111111111111111111111111001111110110
111111111111111111111111111001101110000
111111111111111111111111111001011101010
111111111111111111111111111001001100100
111111111111111111111111111000111011110
111111111111111111111111111000101011000
111111111111111111111111111000011010010
111111111111111111111111111000001001100
111111111111111111111111110111111000110
111111111111111111111111110111101000000
111111111111111111111111110111010111010
111111111111111111111111110111000110100
111111111111111111111111110110110101110
111111111111111111111111110110100101000
111111111111111111111111110110010100010
111111111111111111111111110110000011100
111111111111111111111111110101110010110
111111111111111111111111110101100010000
111111111111111111111111110101010001010
111111111111111111111111110101000000100
111111111111111111111111110100101111110
111111111111111111111111110100011111000
111111111111111111111111110100001110010
111111111111111111111111110011111101100
111111111111111111111111110011101100110
111111111111111111111111110011011100000
111111111111111111111111110011001011010
111111111111111111111111110010111010100
111111111111111111111111110010101001110
111111111111111111111111110010011001000
111111111111111111111111110010001000010
111111111111111111111111110001110111100
111111111111111111111111110001100110110
111111111111111111111111110001010110000
111111111111111111111111110001000101010
111111111111111111111111110000110100100
111111111111111111111111110000100011110
111111111111111111111111110000010011000
111111111111111111111111110000000010010
111111111111111111111111101111110001100
111111111111111111111111101111100000110
111111111111111111111111101111010000000
111111111111111111111111101110111111010
111111111111111111111111101110101110100
111111111111111111111111101110011101110
111111111111111111111111101110001101000
111111111111111111111111101101111100010
111111111111111111111111101101101011100
111111111111111111111111101101011010110
111111111111111111111111101101001010000
111111111111111111111111101100111001010
111111111111111111111111101100101000100
111111111111111111111111101100010111110
111111111111111111111111101100000111000
111111111111111111111111101011110110010
111111111111111111111111101011100101100
111111111111111111111111101011010100110
111111111111111111111111101011000100000
111111111111111111111111101010110011010
111111111111111111111111101010100010100
111111111111111111111111101010010001110
111111111111111111111111101010000001000
111111111111111111111111101001110000010
111111111111111111111111101001011111100
111111111111111111111111101001001110110
111111111111111111111111101000111110000
111111111111111111111111101000101101010
111111111111111111111111101000011100100
111111111111111111111111101000001011110
111111111111111111111111100111111011000
111111111111111111111111100111101010010
111111111111111111111111100111011001100
111111111111111111111111100111001000110
111111111111111111111111100110111000000
111111111111111111111111100110100111010
111111111111111111111111100110010110100
111111111111111111111111100110000101110
111111111111111111111111100101110101000
111111111111111111111111100101100100010
111111111111111111111111100101010011100
111111111111111111111111100101000010110
111111111111111111111111100100110010000
111111111111111111111111100100100001010
111111111111111111111111100100010000100
111111111111111111111111100011111111110
111111111111111111111111100011101111000
111111111111111111111111100011011110010
111111111111111111111111100011001101100
111111111111111111111111100010111100110
111111111111111111111111100010101100000
111111111111111111111111100010011011010
111111111111111111111111100010001010100
111111111111111111111111100001111001110
111111111111111111111111100001101001000
111111111111111111111111100001011000010
111111111111111111111111100001000111100
111111111111111111111111100000110110110
111111111111111111111111100000100110000
111111111111111111111111100000010101010
111111111111111111111111100000000100100
111111111111111111111111011111110011110
111111111111111111111111011111100011000
111111111111111111111111011111010010010
111111111111111111111111011111000001100
111111111111111111111111011110110000110
111111111111111111111111011110100000000
111111111111111111111111011110001111010
111111111111111111111111011101111110100
111111111111111111111111011101101101110
111111111111111111111111011101011101000
111111111111111111111111011101001100010
111111111111111111111111011100111011100
111111111111111111111111011100101010110
111111111111111111111111011100011010000
111111111111111111111111011100001001010
111111111111111111111111011011111000100
111111111111111111111111011011100111110
111111111111111111111111011011010111000
111111111111111111111111011011000110010
111111111111111111111111011010110101100
111111111111111111111111011010100100110
111111111111111111111111011010010100000
111111111111111111111111011010000011010
111111111111111111111111011001110010100
111111111111111111111111011001100001110
111111111111111111111111011001010001000
111111111111111111111111011001000000010
111111111111111111111111011000101111100
111111111111111111111111011000011110110
111111111111111111111111011000001110000
111111111111111111111111010111111101010
111111111111111111111111010111101100100
111111111111111111111111010111011011110
111111111111111111111111010111001011000
111111111111111111111111010110111010010
111111111111111111111111010110101001100
111111111111111111111111010110011000110
111111111111111111111111010110001000000
111111111111111111111111010101110111010
111111111111111111111111010101100110100
111111111111111111111111010101010101110
111111111111111111111111010101000101000
111111111111111111111111010100110100010
111111111111111111111111010100100011100
111111111111111111111111010100010010110
111111111111111111111111010100000010000
111111111111111111111111010011110001010
111111111111111111111111010011100000100
111111111111111111111111010011001111110
111111111111111111111111010010111111000
111111111111111111111111010010101110010
111111111111111111111111010010011101100
111111111111111111111111010010001100110
111111111111111111111111010001111100000
111111111111111111111111010001101011010
111111111111111111111111010001011010100
111111111111111111111111010001001001110
111111111111111111111111010000111001000
111111111111111111111111010000101000010
111111111111111111111111010000010111100
111111111111111111111111010000000110110
111111111111111111111111001111110110000
111111111111111111111111001111100101010
111111111111111111111111001111010100100
111111111111111111111111001111000011110
111111111111111111111111001110110011000
111111111111111111111111001110100010010
111111111111111111111111001110010001100
111111111111111111111111001110000000110
111111111111111111111111001101110000000
111111111111111111111111001101011111010
111111111111111111111111001101001110100
111111111111111111111111001100111101110
111111111111111111111111001100101101000
111111111111111111111111001100011100010
111111111111111111111111001100001011100
111111111111111111111111001011111010110
111111111111111111111111001011101010000
111111111111111111111111001011011001010
111111111111111111111111001011001000100
111111111111111111111111001010110111110
111111111111111111111111001010100111000
111111111111111111111111001010010110010
111111111111111111111111001010000101100
111111111111111111111111001001110100110
111111111111111111111111001001100100000
111111111111111111111111001001010011010
111111111111111111111111001001000010100
111111111111111111111111001000110001110
111111111111111111111111001000100001000
111111111111111111111111001000010000010
111111111111111111111111000111111111100
111111111111111111111111000111101110110
111111111111111111111111000111011110000
111111111111111111111111000111001101010
111111111111111111111111000110111100100
111111111111111111111111000110101011110
111111111111111111111111000110011011000
111111111111111111111111000110001010010
111111111111111111111111000101111001100
111111111111111111111111000101101000110
111111111111111111111111000101011000000
111111111111111111111111000101000111010
111111111111111111111111000100110110100
111111111111111111111111000100100101110
111111111111111111111111000100010101000
111111111111111111111111000100000100010
111111111111111111111111000011110011100
111111111111111111111111000011100010110
111111111111111111111111000011010010000
111111111111111111111111000011000001010
111111111111111111111111000010110000100
111111111111111111111111000010011111110
111111111111111111111111000010001111000
111111111111111111111111000001111110010
111111111111111111111111000001101101100
111111111111111111111111000001011100110
111111111111111111111111000001001100000
111111111111111111111111000000111011010
111111111111111111111111000000101010100
111111111111111111111111000000011001110
111111111111111111111111000000001001000
111111111111111111111110111111111000010
111111111111111111111110111111100111100
111111111111111111111110111111010110110
111111111111111111111110111111000110000
111111111111111111111110111110110101010
111111111111111111111110111110100100100
111111111111111111111110111110010011110
111111111111111111111110111110000011000
111111111111111111111110111101110010010
111111111111111111111110111101100001100
111111111111111111111110111101010000110
