000000000000000000000000000000000000000
000000000000000000000000000000011001111
000000000000000000000000000000110011110
000000000000000000000000000001001101101
000000000000000000000000000001100111100
000000000000000000000000000010000001011
000000000000000000000000000010011011010
000000000000000000000000000010110101001
000000000000000000000000000011001111000
000000000000000000000000000011101000111
000000000000000000000000000100000010110
000000000000000000000000000100011100101
000000000000000000000000000100110110100
000000000000000000000000000101010000011
000000000000000000000000000101101010010
000000000000000000000000000110000100001
000000000000000000000000000110011110000
000000000000000000000000000110110111111
000000000000000000000000000111010001110
000000000000000000000000000111101011101
000000000000000000000000001000000101100
000000000000000000000000001000011111011
000000000000000000000000001000111001010
000000000000000000000000001001010011001
000000000000000000000000001001101101000
000000000000000000000000001010000110111
000000000000000000000000001010100000110
000000000000000000000000001010111010101
000000000000000000000000001011010100100
000000000000000000000000001011101110011
000000000000000000000000001100001000010
000000000000000000000000001100100010001
000000000000000000000000001100111100000
000000000000000000000000001101010101111
000000000000000000000000001101101111110
000000000000000000000000001110001001101
000000000000000000000000001110100011100
000000000000000000000000001110111101011
000000000000000000000000001111010111010
000000000000000000000000001111110001001
000000000000000000000000010000001011000
000000000000000000000000010000100100111
000000000000000000000000010000111110110
000000000000000000000000010001011000101
000000000000000000000000010001110010100
000000000000000000000000010010001100011
000000000000000000000000010010100110010
000000000000000000000000010011000000001
000000000000000000000000010011011010000
000000000000000000000000010011110011111
000000000000000000000000010100001101110
000000000000000000000000010100100111101
000000000000000000000000010101000001100
000000000000000000000000010101011011011
000000000000000000000000010101110101010
000000000000000000000000010110001111001
000000000000000000000000010110101001000
000000000000000000000000010111000010111
000000000000000000000000010111011100110
000000000000000000000000010111110110101
000000000000000000000000011000010000100
000000000000000000000000011000101010011
000000000000000000000000011001000100010
000000000000000000000000011001011110001
000000000000000000000000011001111000000
000000000000000000000000011010010001111
000000000000000000000000011010101011110
000000000000000000000000011011000101101
000000000000000000000000011011011111100
000000000000000000000000011011111001011
000000000000000000000000011100010011010
000000000000000000000000011100101101001
000000000000000000000000011101000111000
000000000000000000000000011101100000111
000000000000000000000000011101111010110
000000000000000000000000011110010100101
000000000000000000000000011110101110100
000000000000000000000000011111001000011
000000000000000000000000011111100010010
000000000000000000000000011111111100001
000000000000000000000000100000010110000
000000000000000000000000100000101111111
000000000000000000000000100001001001110
000000000000000000000000100001100011101
000000000000000000000000100001111101100
000000000000000000000000100010010111011
000000000000000000000000100010110001010
000000000000000000000000100011001011001
000000000000000000000000100011100101000
000000000000000000000000100011111110111
000000000000000000000000100100011000110
000000000000000000000000100100110010101
000000000000000000000000100101001100100
000000000000000000000000100101100110011
000000000000000000000000100110000000010
000000000000000000000000100110011010001
000000000000000000000000100110110100000
000000000000000000000000100111001101111
000000000000000000000000100111100111110
000000000000000000000000101000000001101
000000000000000000000000101000011011100
000000000000000000000000101000110101011
000000000000000000000000101001001111010
000000000000000000000000101001101001001
000000000000000000000000101010000011000
000000000000000000000000101010011100111
000000000000000000000000101010110110110
000000000000000000000000101011010000101
000000000000000000000000101011101010100
000000000000000000000000101100000100011
000000000000000000000000101100011110010
000000000000000000000000101100111000001
000000000000000000000000101101010010000
000000000000000000000000101101101011111
000000000000000000000000101110000101110
000000000000000000000000101110011111101
000000000000000000000000101110111001100
000000000000000000000000101111010011011
000000000000000000000000101111101101010
000000000000000000000000110000000111001
000000000000000000000000110000100001000
000000000000000000000000110000111010111
000000000000000000000000110001010100110
000000000000000000000000110001101110101
000000000000000000000000110010001000100
000000000000000000000000110010100010011
000000000000000000000000110010111100010
000000000000000000000000110011010110001
000000000000000000000000110011110000000
000000000000000000000000110100001001111
000000000000000000000000110100100011110
000000000000000000000000110100111101101
000000000000000000000000110101010111100
000000000000000000000000110101110001011
000000000000000000000000110110001011010
000000000000000000000000110110100101001
000000000000000000000000110110111111000
000000000000000000000000110111011000111
000000000000000000000000110111110010110
000000000000000000000000111000001100101
000000000000000000000000111000100110100
000000000000000000000000111001000000011
000000000000000000000000111001011010010
000000000000000000000000111001110100001
000000000000000000000000111010001110000
000000000000000000000000111010100111111
000000000000000000000000111011000001110
000000000000000000000000111011011011101
000000000000000000000000111011110101100
000000000000000000000000111100001111011
000000000000000000000000111100101001010
000000000000000000000000111101000011001
000000000000000000000000111101011101000
000000000000000000000000111101110110111
000000000000000000000000111110010000110
000000000000000000000000111110101010101
000000000000000000000000111111000100100
000000000000000000000000111111011110011
000000000000000000000000111111111000010
000000000000000000000001000000010010001
000000000000000000000001000000101100000
000000000000000000000001000001000101111
000000000000000000000001000001011111110
000000000000000000000001000001111001101
000000000000000000000001000010010011100
000000000000000000000001000010101101011
000000000000000000000001000011000111010
000000000000000000000001000011100001001
000000000000000000000001000011111011000
000000000000000000000001000100010100111
000000000000000000000001000100101110110
000000000000000000000001000101001000101
000000000000000000000001000101100010100
000000000000000000000001000101111100011
000000000000000000000001000110010110010
000000000000000000000001000110110000001
000000000000000000000001000111001010000
000000000000000000000001000111100011111
000000000000000000000001000111111101110
000000000000000000000001001000010111101
000000000000000000000001001000110001100
000000000000000000000001001001001011011
000000000000000000000001001001100101010
000000000000000000000001001001111111001
000000000000000000000001001010011001000
000000000000000000000001001010110010111
000000000000000000000001001011001100110
000000000000000000000001001011100110101
000000000000000000000001001100000000100
000000000000000000000001001100011010011
000000000000000000000001001100110100010
000000000000000000000001001101001110001
000000000000000000000001001101101000000
000000000000000000000001001110000001111
000000000000000000000001001110011011110
000000000000000000000001001110110101101
000000000000000000000001001111001111100
000000000000000000000001001111101001011
000000000000000000000001010000000011010
000000000000000000000001010000011101001
000000000000000000000001010000110111000
000000000000000000000001010001010000111
000000000000000000000001010001101010110
000000000000000000000001010010000100101
000000000000000000000001010010011110100
000000000000000000000001010010111000011
000000000000000000000001010011010010010
000000000000000000000001010011101100001
000000000000000000000001010100000110000
000000000000000000000001010100011111111
000000000000000000000001010100111001110
000000000000000000000001010101010011101
000000000000000000000001010101101101100
000000000000000000000001010110000111011
000000000000000000000001010110100001010
000000000000000000000001010110111011001
000000000000000000000001010111010101000
000000000000000000000001010111101110111
000000000000000000000001011000001000110
000000000000000000000001011000100010101
000000000000000000000001011000111100100
000000000000000000000001011001010110011
000000000000000000000001011001110000010
000000000000000000000001011010001010001
000000000000000000000001011010100100000
000000000000000000000001011010111101111
000000000000000000000001011011010111110
000000000000000000000001011011110001101
000000000000000000000001011100001011100
000000000000000000000001011100100101011
000000000000000000000001011100111111010
000000000000000000000001011101011001001
000000000000000000000001011101110011000
000000000000000000000001011110001100111
000000000000000000000001011110100110110
000000000000000000000001011111000000101
000000000000000000000001011111011010100
000000000000000000000001011111110100011
000000000000000000000001100000001110010
000000000000000000000001100000101000001
000000000000000000000001100001000010000
000000000000000000000001100001011011111
000000000000000000000001100001110101110
000000000000000000000001100010001111101
000000000000000000000001100010101001100
000000000000000000000001100011000011011
000000000000000000000001100011011101010
000000000000000000000001100011110111001
000000000000000000000001100100010001000
000000000000000000000001100100101010111
000000000000000000000001100101000100110
000000000000000000000001100101011110101
000000000000000000000001100101111000100
000000000000000000000001100110010010011
000000000000000000000001100110101100010
000000000000000000000001100111000110001
