000000000000000000000000000000000000000
111111111111111111111111111111111000011
111111111111111111111111111111110000110
111111111111111111111111111111101001001
111111111111111111111111111111100001100
111111111111111111111111111111011001111
111111111111111111111111111111010010010
111111111111111111111111111111001010101
111111111111111111111111111111000011000
111111111111111111111111111110111011011
111111111111111111111111111110110011110
111111111111111111111111111110101100001
111111111111111111111111111110100100100
111111111111111111111111111110011100111
111111111111111111111111111110010101010
111111111111111111111111111110001101101
111111111111111111111111111110000110000
111111111111111111111111111101111110011
111111111111111111111111111101110110110
111111111111111111111111111101101111001
111111111111111111111111111101100111100
111111111111111111111111111101011111111
111111111111111111111111111101011000010
111111111111111111111111111101010000101
111111111111111111111111111101001001000
111111111111111111111111111101000001011
111111111111111111111111111100111001110
111111111111111111111111111100110010001
111111111111111111111111111100101010100
111111111111111111111111111100100010111
111111111111111111111111111100011011010
111111111111111111111111111100010011101
111111111111111111111111111100001100000
111111111111111111111111111100000100011
111111111111111111111111111011111100110
111111111111111111111111111011110101001
111111111111111111111111111011101101100
111111111111111111111111111011100101111
111111111111111111111111111011011110010
111111111111111111111111111011010110101
111111111111111111111111111011001111000
111111111111111111111111111011000111011
111111111111111111111111111010111111110
111111111111111111111111111010111000001
111111111111111111111111111010110000100
111111111111111111111111111010101000111
111111111111111111111111111010100001010
111111111111111111111111111010011001101
111111111111111111111111111010010010000
111111111111111111111111111010001010011
111111111111111111111111111010000010110
111111111111111111111111111001111011001
111111111111111111111111111001110011100
111111111111111111111111111001101011111
111111111111111111111111111001100100010
111111111111111111111111111001011100101
111111111111111111111111111001010101000
111111111111111111111111111001001101011
111111111111111111111111111001000101110
111111111111111111111111111000111110001
111111111111111111111111111000110110100
111111111111111111111111111000101110111
111111111111111111111111111000100111010
111111111111111111111111111000011111101
111111111111111111111111111000011000000
111111111111111111111111111000010000011
111111111111111111111111111000001000110
111111111111111111111111111000000001001
111111111111111111111111110111111001100
111111111111111111111111110111110001111
111111111111111111111111110111101010010
111111111111111111111111110111100010101
111111111111111111111111110111011011000
111111111111111111111111110111010011011
111111111111111111111111110111001011110
111111111111111111111111110111000100001
111111111111111111111111110110111100100
111111111111111111111111110110110100111
111111111111111111111111110110101101010
111111111111111111111111110110100101101
111111111111111111111111110110011110000
111111111111111111111111110110010110011
111111111111111111111111110110001110110
111111111111111111111111110110000111001
111111111111111111111111110101111111100
111111111111111111111111110101110111111
111111111111111111111111110101110000010
111111111111111111111111110101101000101
111111111111111111111111110101100001000
111111111111111111111111110101011001011
111111111111111111111111110101010001110
111111111111111111111111110101001010001
111111111111111111111111110101000010100
111111111111111111111111110100111010111
111111111111111111111111110100110011010
111111111111111111111111110100101011101
111111111111111111111111110100100100000
111111111111111111111111110100011100011
111111111111111111111111110100010100110
111111111111111111111111110100001101001
111111111111111111111111110100000101100
111111111111111111111111110011111101111
111111111111111111111111110011110110010
111111111111111111111111110011101110101
111111111111111111111111110011100111000
111111111111111111111111110011011111011
111111111111111111111111110011010111110
111111111111111111111111110011010000001
111111111111111111111111110011001000100
111111111111111111111111110011000000111
111111111111111111111111110010111001010
111111111111111111111111110010110001101
111111111111111111111111110010101010000
111111111111111111111111110010100010011
111111111111111111111111110010011010110
111111111111111111111111110010010011001
111111111111111111111111110010001011100
111111111111111111111111110010000011111
111111111111111111111111110001111100010
111111111111111111111111110001110100101
111111111111111111111111110001101101000
111111111111111111111111110001100101011
111111111111111111111111110001011101110
111111111111111111111111110001010110001
111111111111111111111111110001001110100
111111111111111111111111110001000110111
111111111111111111111111110000111111010
111111111111111111111111110000110111101
111111111111111111111111110000110000000
111111111111111111111111110000101000011
111111111111111111111111110000100000110
111111111111111111111111110000011001001
111111111111111111111111110000010001100
111111111111111111111111110000001001111
111111111111111111111111110000000010010
111111111111111111111111101111111010101
111111111111111111111111101111110011000
111111111111111111111111101111101011011
111111111111111111111111101111100011110
111111111111111111111111101111011100001
111111111111111111111111101111010100100
111111111111111111111111101111001100111
111111111111111111111111101111000101010
111111111111111111111111101110111101101
111111111111111111111111101110110110000
111111111111111111111111101110101110011
111111111111111111111111101110100110110
111111111111111111111111101110011111001
111111111111111111111111101110010111100
111111111111111111111111101110001111111
111111111111111111111111101110001000010
111111111111111111111111101110000000101
111111111111111111111111101101111001000
111111111111111111111111101101110001011
111111111111111111111111101101101001110
111111111111111111111111101101100010001
111111111111111111111111101101011010100
111111111111111111111111101101010010111
111111111111111111111111101101001011010
111111111111111111111111101101000011101
111111111111111111111111101100111100000
111111111111111111111111101100110100011
111111111111111111111111101100101100110
111111111111111111111111101100100101001
111111111111111111111111101100011101100
111111111111111111111111101100010101111
111111111111111111111111101100001110010
111111111111111111111111101100000110101
111111111111111111111111101011111111000
111111111111111111111111101011110111011
111111111111111111111111101011101111110
111111111111111111111111101011101000001
111111111111111111111111101011100000100
111111111111111111111111101011011000111
111111111111111111111111101011010001010
111111111111111111111111101011001001101
111111111111111111111111101011000010000
111111111111111111111111101010111010011
111111111111111111111111101010110010110
111111111111111111111111101010101011001
111111111111111111111111101010100011100
111111111111111111111111101010011011111
111111111111111111111111101010010100010
111111111111111111111111101010001100101
111111111111111111111111101010000101000
111111111111111111111111101001111101011
111111111111111111111111101001110101110
111111111111111111111111101001101110001
111111111111111111111111101001100110100
111111111111111111111111101001011110111
111111111111111111111111101001010111010
111111111111111111111111101001001111101
111111111111111111111111101001001000000
111111111111111111111111101001000000011
111111111111111111111111101000111000110
111111111111111111111111101000110001001
111111111111111111111111101000101001100
111111111111111111111111101000100001111
111111111111111111111111101000011010010
111111111111111111111111101000010010101
111111111111111111111111101000001011000
111111111111111111111111101000000011011
111111111111111111111111100111111011110
111111111111111111111111100111110100001
111111111111111111111111100111101100100
111111111111111111111111100111100100111
111111111111111111111111100111011101010
111111111111111111111111100111010101101
111111111111111111111111100111001110000
111111111111111111111111100111000110011
111111111111111111111111100110111110110
111111111111111111111111100110110111001
111111111111111111111111100110101111100
111111111111111111111111100110100111111
111111111111111111111111100110100000010
111111111111111111111111100110011000101
111111111111111111111111100110010001000
111111111111111111111111100110001001011
111111111111111111111111100110000001110
111111111111111111111111100101111010001
111111111111111111111111100101110010100
111111111111111111111111100101101010111
111111111111111111111111100101100011010
111111111111111111111111100101011011101
111111111111111111111111100101010100000
111111111111111111111111100101001100011
111111111111111111111111100101000100110
111111111111111111111111100100111101001
111111111111111111111111100100110101100
111111111111111111111111100100101101111
111111111111111111111111100100100110010
111111111111111111111111100100011110101
111111111111111111111111100100010111000
111111111111111111111111100100001111011
111111111111111111111111100100000111110
111111111111111111111111100100000000001
111111111111111111111111100011111000100
111111111111111111111111100011110000111
111111111111111111111111100011101001010
111111111111111111111111100011100001101
111111111111111111111111100011011010000
111111111111111111111111100011010010011
111111111111111111111111100011001010110
111111111111111111111111100011000011001
111111111111111111111111100010111011100
111111111111111111111111100010110011111
111111111111111111111111100010101100010
111111111111111111111111100010100100101
111111111111111111111111100010011101000
111111111111111111111111100010010101011
111111111111111111111111100010001101110
111111111111111111111111100010000110001
111111111111111111111111100001111110100
111111111111111111111111100001110110111
111111111111111111111111100001101111010
111111111111111111111111100001100111101
