000000000000000000000000000000000000000
000000000000000000000000000000010101010
000000000000000000000000000000101010100
000000000000000000000000000000111111110
000000000000000000000000000001010101000
000000000000000000000000000001101010010
000000000000000000000000000001111111100
000000000000000000000000000010010100110
000000000000000000000000000010101010000
000000000000000000000000000010111111010
000000000000000000000000000011010100100
000000000000000000000000000011101001110
000000000000000000000000000011111111000
000000000000000000000000000100010100010
000000000000000000000000000100101001100
000000000000000000000000000100111110110
000000000000000000000000000101010100000
000000000000000000000000000101101001010
000000000000000000000000000101111110100
000000000000000000000000000110010011110
000000000000000000000000000110101001000
000000000000000000000000000110111110010
000000000000000000000000000111010011100
000000000000000000000000000111101000110
000000000000000000000000000111111110000
000000000000000000000000001000010011010
000000000000000000000000001000101000100
000000000000000000000000001000111101110
000000000000000000000000001001010011000
000000000000000000000000001001101000010
000000000000000000000000001001111101100
000000000000000000000000001010010010110
000000000000000000000000001010101000000
000000000000000000000000001010111101010
000000000000000000000000001011010010100
000000000000000000000000001011100111110
000000000000000000000000001011111101000
000000000000000000000000001100010010010
000000000000000000000000001100100111100
000000000000000000000000001100111100110
000000000000000000000000001101010010000
000000000000000000000000001101100111010
000000000000000000000000001101111100100
000000000000000000000000001110010001110
000000000000000000000000001110100111000
000000000000000000000000001110111100010
000000000000000000000000001111010001100
000000000000000000000000001111100110110
000000000000000000000000001111111100000
000000000000000000000000010000010001010
000000000000000000000000010000100110100
000000000000000000000000010000111011110
000000000000000000000000010001010001000
000000000000000000000000010001100110010
000000000000000000000000010001111011100
000000000000000000000000010010010000110
000000000000000000000000010010100110000
000000000000000000000000010010111011010
000000000000000000000000010011010000100
000000000000000000000000010011100101110
000000000000000000000000010011111011000
000000000000000000000000010100010000010
000000000000000000000000010100100101100
000000000000000000000000010100111010110
000000000000000000000000010101010000000
000000000000000000000000010101100101010
000000000000000000000000010101111010100
000000000000000000000000010110001111110
000000000000000000000000010110100101000
000000000000000000000000010110111010010
000000000000000000000000010111001111100
000000000000000000000000010111100100110
000000000000000000000000010111111010000
000000000000000000000000011000001111010
000000000000000000000000011000100100100
000000000000000000000000011000111001110
000000000000000000000000011001001111000
000000000000000000000000011001100100010
000000000000000000000000011001111001100
000000000000000000000000011010001110110
000000000000000000000000011010100100000
000000000000000000000000011010111001010
000000000000000000000000011011001110100
000000000000000000000000011011100011110
000000000000000000000000011011111001000
000000000000000000000000011100001110010
000000000000000000000000011100100011100
000000000000000000000000011100111000110
000000000000000000000000011101001110000
000000000000000000000000011101100011010
000000000000000000000000011101111000100
000000000000000000000000011110001101110
000000000000000000000000011110100011000
000000000000000000000000011110111000010
000000000000000000000000011111001101100
000000000000000000000000011111100010110
000000000000000000000000011111111000000
000000000000000000000000100000001101010
000000000000000000000000100000100010100
000000000000000000000000100000110111110
000000000000000000000000100001001101000
000000000000000000000000100001100010010
000000000000000000000000100001110111100
000000000000000000000000100010001100110
000000000000000000000000100010100010000
000000000000000000000000100010110111010
000000000000000000000000100011001100100
000000000000000000000000100011100001110
000000000000000000000000100011110111000
000000000000000000000000100100001100010
000000000000000000000000100100100001100
000000000000000000000000100100110110110
000000000000000000000000100101001100000
000000000000000000000000100101100001010
000000000000000000000000100101110110100
000000000000000000000000100110001011110
000000000000000000000000100110100001000
000000000000000000000000100110110110010
000000000000000000000000100111001011100
000000000000000000000000100111100000110
000000000000000000000000100111110110000
000000000000000000000000101000001011010
000000000000000000000000101000100000100
000000000000000000000000101000110101110
000000000000000000000000101001001011000
000000000000000000000000101001100000010
000000000000000000000000101001110101100
000000000000000000000000101010001010110
000000000000000000000000101010100000000
000000000000000000000000101010110101010
000000000000000000000000101011001010100
000000000000000000000000101011011111110
000000000000000000000000101011110101000
000000000000000000000000101100001010010
000000000000000000000000101100011111100
000000000000000000000000101100110100110
000000000000000000000000101101001010000
000000000000000000000000101101011111010
000000000000000000000000101101110100100
000000000000000000000000101110001001110
000000000000000000000000101110011111000
000000000000000000000000101110110100010
000000000000000000000000101111001001100
000000000000000000000000101111011110110
000000000000000000000000101111110100000
000000000000000000000000110000001001010
000000000000000000000000110000011110100
000000000000000000000000110000110011110
000000000000000000000000110001001001000
000000000000000000000000110001011110010
000000000000000000000000110001110011100
000000000000000000000000110010001000110
000000000000000000000000110010011110000
000000000000000000000000110010110011010
000000000000000000000000110011001000100
000000000000000000000000110011011101110
000000000000000000000000110011110011000
000000000000000000000000110100001000010
000000000000000000000000110100011101100
000000000000000000000000110100110010110
000000000000000000000000110101001000000
000000000000000000000000110101011101010
000000000000000000000000110101110010100
000000000000000000000000110110000111110
000000000000000000000000110110011101000
000000000000000000000000110110110010010
000000000000000000000000110111000111100
000000000000000000000000110111011100110
000000000000000000000000110111110010000
000000000000000000000000111000000111010
000000000000000000000000111000011100100
000000000000000000000000111000110001110
000000000000000000000000111001000111000
000000000000000000000000111001011100010
000000000000000000000000111001110001100
000000000000000000000000111010000110110
000000000000000000000000111010011100000
000000000000000000000000111010110001010
000000000000000000000000111011000110100
000000000000000000000000111011011011110
000000000000000000000000111011110001000
000000000000000000000000111100000110010
000000000000000000000000111100011011100
000000000000000000000000111100110000110
000000000000000000000000111101000110000
000000000000000000000000111101011011010
000000000000000000000000111101110000100
000000000000000000000000111110000101110
000000000000000000000000111110011011000
000000000000000000000000111110110000010
000000000000000000000000111111000101100
000000000000000000000000111111011010110
000000000000000000000000111111110000000
000000000000000000000001000000000101010
000000000000000000000001000000011010100
000000000000000000000001000000101111110
000000000000000000000001000001000101000
000000000000000000000001000001011010010
000000000000000000000001000001101111100
000000000000000000000001000010000100110
000000000000000000000001000010011010000
000000000000000000000001000010101111010
000000000000000000000001000011000100100
000000000000000000000001000011011001110
000000000000000000000001000011101111000
000000000000000000000001000100000100010
000000000000000000000001000100011001100
000000000000000000000001000100101110110
000000000000000000000001000101000100000
000000000000000000000001000101011001010
000000000000000000000001000101101110100
000000000000000000000001000110000011110
000000000000000000000001000110011001000
000000000000000000000001000110101110010
000000000000000000000001000111000011100
000000000000000000000001000111011000110
000000000000000000000001000111101110000
000000000000000000000001001000000011010
000000000000000000000001001000011000100
000000000000000000000001001000101101110
000000000000000000000001001001000011000
000000000000000000000001001001011000010
000000000000000000000001001001101101100
000000000000000000000001001010000010110
000000000000000000000001001010011000000
000000000000000000000001001010101101010
000000000000000000000001001011000010100
000000000000000000000001001011010111110
000000000000000000000001001011101101000
000000000000000000000001001100000010010
000000000000000000000001001100010111100
000000000000000000000001001100101100110
000000000000000000000001001101000010000
000000000000000000000001001101010111010
000000000000000000000001001101101100100
000000000000000000000001001110000001110
000000000000000000000001001110010111000
000000000000000000000001001110101100010
000000000000000000000001001111000001100
000000000000000000000001001111010110110
000000000000000000000001001111101100000
000000000000000000000001010000000001010
000000000000000000000001010000010110100
000000000000000000000001010000101011110
000000000000000000000001010001000001000
000000000000000000000001010001010110010
000000000000000000000001010001101011100
000000000000000000000001010010000000110
000000000000000000000001010010010110000
000000000000000000000001010010101011010
000000000000000000000001010011000000100
000000000000000000000001010011010101110
000000000000000000000001010011101011000
000000000000000000000001010100000000010
000000000000000000000001010100010101100
000000000000000000000001010100101010110
