000000000000000000000000000000000000000
111111111111111111111111111111100001001
111111111111111111111111111111000010010
111111111111111111111111111110100011011
111111111111111111111111111110000100100
111111111111111111111111111101100101101
111111111111111111111111111101000110110
111111111111111111111111111100100111111
111111111111111111111111111100001001000
111111111111111111111111111011101010001
111111111111111111111111111011001011010
111111111111111111111111111010101100011
111111111111111111111111111010001101100
111111111111111111111111111001101110101
111111111111111111111111111001001111110
111111111111111111111111111000110000111
111111111111111111111111111000010010000
111111111111111111111111110111110011001
111111111111111111111111110111010100010
111111111111111111111111110110110101011
111111111111111111111111110110010110100
111111111111111111111111110101110111101
111111111111111111111111110101011000110
111111111111111111111111110100111001111
111111111111111111111111110100011011000
111111111111111111111111110011111100001
111111111111111111111111110011011101010
111111111111111111111111110010111110011
111111111111111111111111110010011111100
111111111111111111111111110010000000101
111111111111111111111111110001100001110
111111111111111111111111110001000010111
111111111111111111111111110000100100000
111111111111111111111111110000000101001
111111111111111111111111101111100110010
111111111111111111111111101111000111011
111111111111111111111111101110101000100
111111111111111111111111101110001001101
111111111111111111111111101101101010110
111111111111111111111111101101001011111
111111111111111111111111101100101101000
111111111111111111111111101100001110001
111111111111111111111111101011101111010
111111111111111111111111101011010000011
111111111111111111111111101010110001100
111111111111111111111111101010010010101
111111111111111111111111101001110011110
111111111111111111111111101001010100111
111111111111111111111111101000110110000
111111111111111111111111101000010111001
111111111111111111111111100111111000010
111111111111111111111111100111011001011
111111111111111111111111100110111010100
111111111111111111111111100110011011101
111111111111111111111111100101111100110
111111111111111111111111100101011101111
111111111111111111111111100100111111000
111111111111111111111111100100100000001
111111111111111111111111100100000001010
111111111111111111111111100011100010011
111111111111111111111111100011000011100
111111111111111111111111100010100100101
111111111111111111111111100010000101110
111111111111111111111111100001100110111
111111111111111111111111100001001000000
111111111111111111111111100000101001001
111111111111111111111111100000001010010
111111111111111111111111011111101011011
111111111111111111111111011111001100100
111111111111111111111111011110101101101
111111111111111111111111011110001110110
111111111111111111111111011101101111111
111111111111111111111111011101010001000
111111111111111111111111011100110010001
111111111111111111111111011100010011010
111111111111111111111111011011110100011
111111111111111111111111011011010101100
111111111111111111111111011010110110101
111111111111111111111111011010010111110
111111111111111111111111011001111000111
111111111111111111111111011001011010000
111111111111111111111111011000111011001
111111111111111111111111011000011100010
111111111111111111111111010111111101011
111111111111111111111111010111011110100
111111111111111111111111010110111111101
111111111111111111111111010110100000110
111111111111111111111111010110000001111
111111111111111111111111010101100011000
111111111111111111111111010101000100001
111111111111111111111111010100100101010
111111111111111111111111010100000110011
111111111111111111111111010011100111100
111111111111111111111111010011001000101
111111111111111111111111010010101001110
111111111111111111111111010010001010111
111111111111111111111111010001101100000
111111111111111111111111010001001101001
111111111111111111111111010000101110010
111111111111111111111111010000001111011
111111111111111111111111001111110000100
111111111111111111111111001111010001101
111111111111111111111111001110110010110
111111111111111111111111001110010011111
111111111111111111111111001101110101000
111111111111111111111111001101010110001
111111111111111111111111001100110111010
111111111111111111111111001100011000011
111111111111111111111111001011111001100
111111111111111111111111001011011010101
111111111111111111111111001010111011110
111111111111111111111111001010011100111
111111111111111111111111001001111110000
111111111111111111111111001001011111001
111111111111111111111111001001000000010
111111111111111111111111001000100001011
111111111111111111111111001000000010100
111111111111111111111111000111100011101
111111111111111111111111000111000100110
111111111111111111111111000110100101111
111111111111111111111111000110000111000
111111111111111111111111000101101000001
111111111111111111111111000101001001010
111111111111111111111111000100101010011
111111111111111111111111000100001011100
111111111111111111111111000011101100101
111111111111111111111111000011001101110
111111111111111111111111000010101110111
111111111111111111111111000010010000000
111111111111111111111111000001110001001
111111111111111111111111000001010010010
111111111111111111111111000000110011011
111111111111111111111111000000010100100
111111111111111111111110111111110101101
111111111111111111111110111111010110110
111111111111111111111110111110110111111
111111111111111111111110111110011001000
111111111111111111111110111101111010001
111111111111111111111110111101011011010
111111111111111111111110111100111100011
111111111111111111111110111100011101100
111111111111111111111110111011111110101
111111111111111111111110111011011111110
111111111111111111111110111011000000111
111111111111111111111110111010100010000
111111111111111111111110111010000011001
111111111111111111111110111001100100010
111111111111111111111110111001000101011
111111111111111111111110111000100110100
111111111111111111111110111000000111101
111111111111111111111110110111101000110
111111111111111111111110110111001001111
111111111111111111111110110110101011000
111111111111111111111110110110001100001
111111111111111111111110110101101101010
111111111111111111111110110101001110011
111111111111111111111110110100101111100
111111111111111111111110110100010000101
111111111111111111111110110011110001110
111111111111111111111110110011010010111
111111111111111111111110110010110100000
111111111111111111111110110010010101001
111111111111111111111110110001110110010
111111111111111111111110110001010111011
111111111111111111111110110000111000100
111111111111111111111110110000011001101
111111111111111111111110101111111010110
111111111111111111111110101111011011111
111111111111111111111110101110111101000
111111111111111111111110101110011110001
111111111111111111111110101101111111010
111111111111111111111110101101100000011
111111111111111111111110101101000001100
111111111111111111111110101100100010101
111111111111111111111110101100000011110
111111111111111111111110101011100100111
111111111111111111111110101011000110000
111111111111111111111110101010100111001
111111111111111111111110101010001000010
111111111111111111111110101001101001011
111111111111111111111110101001001010100
111111111111111111111110101000101011101
111111111111111111111110101000001100110
111111111111111111111110100111101101111
111111111111111111111110100111001111000
111111111111111111111110100110110000001
111111111111111111111110100110010001010
111111111111111111111110100101110010011
111111111111111111111110100101010011100
111111111111111111111110100100110100101
111111111111111111111110100100010101110
111111111111111111111110100011110110111
111111111111111111111110100011011000000
111111111111111111111110100010111001001
111111111111111111111110100010011010010
111111111111111111111110100001111011011
111111111111111111111110100001011100100
111111111111111111111110100000111101101
111111111111111111111110100000011110110
111111111111111111111110011111111111111
111111111111111111111110011111100001000
111111111111111111111110011111000010001
111111111111111111111110011110100011010
111111111111111111111110011110000100011
111111111111111111111110011101100101100
111111111111111111111110011101000110101
111111111111111111111110011100100111110
111111111111111111111110011100001000111
111111111111111111111110011011101010000
111111111111111111111110011011001011001
111111111111111111111110011010101100010
111111111111111111111110011010001101011
111111111111111111111110011001101110100
111111111111111111111110011001001111101
111111111111111111111110011000110000110
111111111111111111111110011000010001111
111111111111111111111110010111110011000
111111111111111111111110010111010100001
111111111111111111111110010110110101010
111111111111111111111110010110010110011
111111111111111111111110010101110111100
111111111111111111111110010101011000101
111111111111111111111110010100111001110
111111111111111111111110010100011010111
111111111111111111111110010011111100000
111111111111111111111110010011011101001
111111111111111111111110010010111110010
111111111111111111111110010010011111011
111111111111111111111110010010000000100
111111111111111111111110010001100001101
111111111111111111111110010001000010110
111111111111111111111110010000100011111
111111111111111111111110010000000101000
111111111111111111111110001111100110001
111111111111111111111110001111000111010
111111111111111111111110001110101000011
111111111111111111111110001110001001100
111111111111111111111110001101101010101
111111111111111111111110001101001011110
111111111111111111111110001100101100111
111111111111111111111110001100001110000
111111111111111111111110001011101111001
111111111111111111111110001011010000010
111111111111111111111110001010110001011
111111111111111111111110001010010010100
111111111111111111111110001001110011101
111111111111111111111110001001010100110
111111111111111111111110001000110101111
111111111111111111111110001000010111000
111111111111111111111110000111111000001
111111111111111111111110000111011001010
111111111111111111111110000110111010011
111111111111111111111110000110011011100
111111111111111111111110000101111100101
111111111111111111111110000101011101110
111111111111111111111110000100111110111
