000000000000000000000000000000000000000
111111111111111111111111111111101001110
111111111111111111111111111111010011100
111111111111111111111111111110111101010
111111111111111111111111111110100111000
111111111111111111111111111110010000110
111111111111111111111111111101111010100
111111111111111111111111111101100100010
111111111111111111111111111101001110000
111111111111111111111111111100110111110
111111111111111111111111111100100001100
111111111111111111111111111100001011010
111111111111111111111111111011110101000
111111111111111111111111111011011110110
111111111111111111111111111011001000100
111111111111111111111111111010110010010
111111111111111111111111111010011100000
111111111111111111111111111010000101110
111111111111111111111111111001101111100
111111111111111111111111111001011001010
111111111111111111111111111001000011000
111111111111111111111111111000101100110
111111111111111111111111111000010110100
111111111111111111111111111000000000010
111111111111111111111111110111101010000
111111111111111111111111110111010011110
111111111111111111111111110110111101100
111111111111111111111111110110100111010
111111111111111111111111110110010001000
111111111111111111111111110101111010110
111111111111111111111111110101100100100
111111111111111111111111110101001110010
111111111111111111111111110100111000000
111111111111111111111111110100100001110
111111111111111111111111110100001011100
111111111111111111111111110011110101010
111111111111111111111111110011011111000
111111111111111111111111110011001000110
111111111111111111111111110010110010100
111111111111111111111111110010011100010
111111111111111111111111110010000110000
111111111111111111111111110001101111110
111111111111111111111111110001011001100
111111111111111111111111110001000011010
111111111111111111111111110000101101000
111111111111111111111111110000010110110
111111111111111111111111110000000000100
111111111111111111111111101111101010010
111111111111111111111111101111010100000
111111111111111111111111101110111101110
111111111111111111111111101110100111100
111111111111111111111111101110010001010
111111111111111111111111101101111011000
111111111111111111111111101101100100110
111111111111111111111111101101001110100
111111111111111111111111101100111000010
111111111111111111111111101100100010000
111111111111111111111111101100001011110
111111111111111111111111101011110101100
111111111111111111111111101011011111010
111111111111111111111111101011001001000
111111111111111111111111101010110010110
111111111111111111111111101010011100100
111111111111111111111111101010000110010
111111111111111111111111101001110000000
111111111111111111111111101001011001110
111111111111111111111111101001000011100
111111111111111111111111101000101101010
111111111111111111111111101000010111000
111111111111111111111111101000000000110
111111111111111111111111100111101010100
111111111111111111111111100111010100010
111111111111111111111111100110111110000
111111111111111111111111100110100111110
111111111111111111111111100110010001100
111111111111111111111111100101111011010
111111111111111111111111100101100101000
111111111111111111111111100101001110110
111111111111111111111111100100111000100
111111111111111111111111100100100010010
111111111111111111111111100100001100000
111111111111111111111111100011110101110
111111111111111111111111100011011111100
111111111111111111111111100011001001010
111111111111111111111111100010110011000
111111111111111111111111100010011100110
111111111111111111111111100010000110100
111111111111111111111111100001110000010
111111111111111111111111100001011010000
111111111111111111111111100001000011110
111111111111111111111111100000101101100
111111111111111111111111100000010111010
111111111111111111111111100000000001000
111111111111111111111111011111101010110
111111111111111111111111011111010100100
111111111111111111111111011110111110010
111111111111111111111111011110101000000
111111111111111111111111011110010001110
111111111111111111111111011101111011100
111111111111111111111111011101100101010
111111111111111111111111011101001111000
111111111111111111111111011100111000110
111111111111111111111111011100100010100
111111111111111111111111011100001100010
111111111111111111111111011011110110000
111111111111111111111111011011011111110
111111111111111111111111011011001001100
111111111111111111111111011010110011010
111111111111111111111111011010011101000
111111111111111111111111011010000110110
111111111111111111111111011001110000100
111111111111111111111111011001011010010
111111111111111111111111011001000100000
111111111111111111111111011000101101110
111111111111111111111111011000010111100
111111111111111111111111011000000001010
111111111111111111111111010111101011000
111111111111111111111111010111010100110
111111111111111111111111010110111110100
111111111111111111111111010110101000010
111111111111111111111111010110010010000
111111111111111111111111010101111011110
111111111111111111111111010101100101100
111111111111111111111111010101001111010
111111111111111111111111010100111001000
111111111111111111111111010100100010110
111111111111111111111111010100001100100
111111111111111111111111010011110110010
111111111111111111111111010011100000000
111111111111111111111111010011001001110
111111111111111111111111010010110011100
111111111111111111111111010010011101010
111111111111111111111111010010000111000
111111111111111111111111010001110000110
111111111111111111111111010001011010100
111111111111111111111111010001000100010
111111111111111111111111010000101110000
111111111111111111111111010000010111110
111111111111111111111111010000000001100
111111111111111111111111001111101011010
111111111111111111111111001111010101000
111111111111111111111111001110111110110
111111111111111111111111001110101000100
111111111111111111111111001110010010010
111111111111111111111111001101111100000
111111111111111111111111001101100101110
111111111111111111111111001101001111100
111111111111111111111111001100111001010
111111111111111111111111001100100011000
111111111111111111111111001100001100110
111111111111111111111111001011110110100
111111111111111111111111001011100000010
111111111111111111111111001011001010000
111111111111111111111111001010110011110
111111111111111111111111001010011101100
111111111111111111111111001010000111010
111111111111111111111111001001110001000
111111111111111111111111001001011010110
111111111111111111111111001001000100100
111111111111111111111111001000101110010
111111111111111111111111001000011000000
111111111111111111111111001000000001110
111111111111111111111111000111101011100
111111111111111111111111000111010101010
111111111111111111111111000110111111000
111111111111111111111111000110101000110
111111111111111111111111000110010010100
111111111111111111111111000101111100010
111111111111111111111111000101100110000
111111111111111111111111000101001111110
111111111111111111111111000100111001100
111111111111111111111111000100100011010
111111111111111111111111000100001101000
111111111111111111111111000011110110110
111111111111111111111111000011100000100
111111111111111111111111000011001010010
111111111111111111111111000010110100000
111111111111111111111111000010011101110
111111111111111111111111000010000111100
111111111111111111111111000001110001010
111111111111111111111111000001011011000
111111111111111111111111000001000100110
111111111111111111111111000000101110100
111111111111111111111111000000011000010
111111111111111111111111000000000010000
111111111111111111111110111111101011110
111111111111111111111110111111010101100
111111111111111111111110111110111111010
111111111111111111111110111110101001000
111111111111111111111110111110010010110
111111111111111111111110111101111100100
111111111111111111111110111101100110010
111111111111111111111110111101010000000
111111111111111111111110111100111001110
111111111111111111111110111100100011100
111111111111111111111110111100001101010
111111111111111111111110111011110111000
111111111111111111111110111011100000110
111111111111111111111110111011001010100
111111111111111111111110111010110100010
111111111111111111111110111010011110000
111111111111111111111110111010000111110
111111111111111111111110111001110001100
111111111111111111111110111001011011010
111111111111111111111110111001000101000
111111111111111111111110111000101110110
111111111111111111111110111000011000100
111111111111111111111110111000000010010
111111111111111111111110110111101100000
111111111111111111111110110111010101110
111111111111111111111110110110111111100
111111111111111111111110110110101001010
111111111111111111111110110110010011000
111111111111111111111110110101111100110
111111111111111111111110110101100110100
111111111111111111111110110101010000010
111111111111111111111110110100111010000
111111111111111111111110110100100011110
111111111111111111111110110100001101100
111111111111111111111110110011110111010
111111111111111111111110110011100001000
111111111111111111111110110011001010110
111111111111111111111110110010110100100
111111111111111111111110110010011110010
111111111111111111111110110010001000000
111111111111111111111110110001110001110
111111111111111111111110110001011011100
111111111111111111111110110001000101010
111111111111111111111110110000101111000
111111111111111111111110110000011000110
111111111111111111111110110000000010100
111111111111111111111110101111101100010
111111111111111111111110101111010110000
111111111111111111111110101110111111110
111111111111111111111110101110101001100
111111111111111111111110101110010011010
111111111111111111111110101101111101000
111111111111111111111110101101100110110
111111111111111111111110101101010000100
111111111111111111111110101100111010010
111111111111111111111110101100100100000
111111111111111111111110101100001101110
111111111111111111111110101011110111100
111111111111111111111110101011100001010
111111111111111111111110101011001011000
111111111111111111111110101010110100110
111111111111111111111110101010011110100
111111111111111111111110101010001000010
111111111111111111111110101001110010000
111111111111111111111110101001011011110
111111111111111111111110101001000101100
111111111111111111111110101000101111010
111111111111111111111110101000011001000
111111111111111111111110101000000010110
111111111111111111111110100111101100100
111111111111111111111110100111010110010
