000000000000000000000000000000000000000
000000000000000000000000000000000100100
000000000000000000000000000000001001000
000000000000000000000000000000001101100
000000000000000000000000000000010010000
000000000000000000000000000000010110100
000000000000000000000000000000011011000
000000000000000000000000000000011111100
000000000000000000000000000000100100000
000000000000000000000000000000101000100
000000000000000000000000000000101101000
000000000000000000000000000000110001100
000000000000000000000000000000110110000
000000000000000000000000000000111010100
000000000000000000000000000000111111000
000000000000000000000000000001000011100
000000000000000000000000000001001000000
000000000000000000000000000001001100100
000000000000000000000000000001010001000
000000000000000000000000000001010101100
000000000000000000000000000001011010000
000000000000000000000000000001011110100
000000000000000000000000000001100011000
000000000000000000000000000001100111100
000000000000000000000000000001101100000
000000000000000000000000000001110000100
000000000000000000000000000001110101000
000000000000000000000000000001111001100
000000000000000000000000000001111110000
000000000000000000000000000010000010100
000000000000000000000000000010000111000
000000000000000000000000000010001011100
000000000000000000000000000010010000000
000000000000000000000000000010010100100
000000000000000000000000000010011001000
000000000000000000000000000010011101100
000000000000000000000000000010100010000
000000000000000000000000000010100110100
000000000000000000000000000010101011000
000000000000000000000000000010101111100
000000000000000000000000000010110100000
000000000000000000000000000010111000100
000000000000000000000000000010111101000
000000000000000000000000000011000001100
000000000000000000000000000011000110000
000000000000000000000000000011001010100
000000000000000000000000000011001111000
000000000000000000000000000011010011100
000000000000000000000000000011011000000
000000000000000000000000000011011100100
000000000000000000000000000011100001000
000000000000000000000000000011100101100
000000000000000000000000000011101010000
000000000000000000000000000011101110100
000000000000000000000000000011110011000
000000000000000000000000000011110111100
000000000000000000000000000011111100000
000000000000000000000000000100000000100
000000000000000000000000000100000101000
000000000000000000000000000100001001100
000000000000000000000000000100001110000
000000000000000000000000000100010010100
000000000000000000000000000100010111000
000000000000000000000000000100011011100
000000000000000000000000000100100000000
000000000000000000000000000100100100100
000000000000000000000000000100101001000
000000000000000000000000000100101101100
000000000000000000000000000100110010000
000000000000000000000000000100110110100
000000000000000000000000000100111011000
000000000000000000000000000100111111100
000000000000000000000000000101000100000
000000000000000000000000000101001000100
000000000000000000000000000101001101000
000000000000000000000000000101010001100
000000000000000000000000000101010110000
000000000000000000000000000101011010100
000000000000000000000000000101011111000
000000000000000000000000000101100011100
000000000000000000000000000101101000000
000000000000000000000000000101101100100
000000000000000000000000000101110001000
000000000000000000000000000101110101100
000000000000000000000000000101111010000
000000000000000000000000000101111110100
000000000000000000000000000110000011000
000000000000000000000000000110000111100
000000000000000000000000000110001100000
000000000000000000000000000110010000100
000000000000000000000000000110010101000
000000000000000000000000000110011001100
000000000000000000000000000110011110000
000000000000000000000000000110100010100
000000000000000000000000000110100111000
000000000000000000000000000110101011100
000000000000000000000000000110110000000
000000000000000000000000000110110100100
000000000000000000000000000110111001000
000000000000000000000000000110111101100
000000000000000000000000000111000010000
000000000000000000000000000111000110100
000000000000000000000000000111001011000
000000000000000000000000000111001111100
000000000000000000000000000111010100000
000000000000000000000000000111011000100
000000000000000000000000000111011101000
000000000000000000000000000111100001100
000000000000000000000000000111100110000
000000000000000000000000000111101010100
000000000000000000000000000111101111000
000000000000000000000000000111110011100
000000000000000000000000000111111000000
000000000000000000000000000111111100100
000000000000000000000000001000000001000
000000000000000000000000001000000101100
000000000000000000000000001000001010000
000000000000000000000000001000001110100
000000000000000000000000001000010011000
000000000000000000000000001000010111100
000000000000000000000000001000011100000
000000000000000000000000001000100000100
000000000000000000000000001000100101000
000000000000000000000000001000101001100
000000000000000000000000001000101110000
000000000000000000000000001000110010100
000000000000000000000000001000110111000
000000000000000000000000001000111011100
000000000000000000000000001001000000000
000000000000000000000000001001000100100
000000000000000000000000001001001001000
000000000000000000000000001001001101100
000000000000000000000000001001010010000
000000000000000000000000001001010110100
000000000000000000000000001001011011000
000000000000000000000000001001011111100
000000000000000000000000001001100100000
000000000000000000000000001001101000100
000000000000000000000000001001101101000
000000000000000000000000001001110001100
000000000000000000000000001001110110000
000000000000000000000000001001111010100
000000000000000000000000001001111111000
000000000000000000000000001010000011100
000000000000000000000000001010001000000
000000000000000000000000001010001100100
000000000000000000000000001010010001000
000000000000000000000000001010010101100
000000000000000000000000001010011010000
000000000000000000000000001010011110100
000000000000000000000000001010100011000
000000000000000000000000001010100111100
000000000000000000000000001010101100000
000000000000000000000000001010110000100
000000000000000000000000001010110101000
000000000000000000000000001010111001100
000000000000000000000000001010111110000
000000000000000000000000001011000010100
000000000000000000000000001011000111000
000000000000000000000000001011001011100
000000000000000000000000001011010000000
000000000000000000000000001011010100100
000000000000000000000000001011011001000
000000000000000000000000001011011101100
000000000000000000000000001011100010000
000000000000000000000000001011100110100
000000000000000000000000001011101011000
000000000000000000000000001011101111100
000000000000000000000000001011110100000
000000000000000000000000001011111000100
000000000000000000000000001011111101000
000000000000000000000000001100000001100
000000000000000000000000001100000110000
000000000000000000000000001100001010100
000000000000000000000000001100001111000
000000000000000000000000001100010011100
000000000000000000000000001100011000000
000000000000000000000000001100011100100
000000000000000000000000001100100001000
000000000000000000000000001100100101100
000000000000000000000000001100101010000
000000000000000000000000001100101110100
000000000000000000000000001100110011000
000000000000000000000000001100110111100
000000000000000000000000001100111100000
000000000000000000000000001101000000100
000000000000000000000000001101000101000
000000000000000000000000001101001001100
000000000000000000000000001101001110000
000000000000000000000000001101010010100
000000000000000000000000001101010111000
000000000000000000000000001101011011100
000000000000000000000000001101100000000
000000000000000000000000001101100100100
000000000000000000000000001101101001000
000000000000000000000000001101101101100
000000000000000000000000001101110010000
000000000000000000000000001101110110100
000000000000000000000000001101111011000
000000000000000000000000001101111111100
000000000000000000000000001110000100000
000000000000000000000000001110001000100
000000000000000000000000001110001101000
000000000000000000000000001110010001100
000000000000000000000000001110010110000
000000000000000000000000001110011010100
000000000000000000000000001110011111000
000000000000000000000000001110100011100
000000000000000000000000001110101000000
000000000000000000000000001110101100100
000000000000000000000000001110110001000
000000000000000000000000001110110101100
000000000000000000000000001110111010000
000000000000000000000000001110111110100
000000000000000000000000001111000011000
000000000000000000000000001111000111100
000000000000000000000000001111001100000
000000000000000000000000001111010000100
000000000000000000000000001111010101000
000000000000000000000000001111011001100
000000000000000000000000001111011110000
000000000000000000000000001111100010100
000000000000000000000000001111100111000
000000000000000000000000001111101011100
000000000000000000000000001111110000000
000000000000000000000000001111110100100
000000000000000000000000001111111001000
000000000000000000000000001111111101100
000000000000000000000000010000000010000
000000000000000000000000010000000110100
000000000000000000000000010000001011000
000000000000000000000000010000001111100
000000000000000000000000010000010100000
000000000000000000000000010000011000100
000000000000000000000000010000011101000
000000000000000000000000010000100001100
000000000000000000000000010000100110000
000000000000000000000000010000101010100
000000000000000000000000010000101111000
000000000000000000000000010000110011100
000000000000000000000000010000111000000
000000000000000000000000010000111100100
000000000000000000000000010001000001000
000000000000000000000000010001000101100
000000000000000000000000010001001010000
000000000000000000000000010001001110100
000000000000000000000000010001010011000
000000000000000000000000010001010111100
000000000000000000000000010001011100000
000000000000000000000000010001100000100
000000000000000000000000010001100101000
000000000000000000000000010001101001100
000000000000000000000000010001101110000
000000000000000000000000010001110010100
000000000000000000000000010001110111000
000000000000000000000000010001111011100
