000000000000000000000000000000000000000
000000000000000000000000000000000000110
000000000000000000000000000000000001100
000000000000000000000000000000000010010
000000000000000000000000000000000011000
000000000000000000000000000000000011110
000000000000000000000000000000000100100
000000000000000000000000000000000101010
000000000000000000000000000000000110000
000000000000000000000000000000000110110
000000000000000000000000000000000111100
000000000000000000000000000000001000010
000000000000000000000000000000001001000
000000000000000000000000000000001001110
000000000000000000000000000000001010100
000000000000000000000000000000001011010
000000000000000000000000000000001100000
000000000000000000000000000000001100110
000000000000000000000000000000001101100
000000000000000000000000000000001110010
000000000000000000000000000000001111000
000000000000000000000000000000001111110
000000000000000000000000000000010000100
000000000000000000000000000000010001010
000000000000000000000000000000010010000
000000000000000000000000000000010010110
000000000000000000000000000000010011100
000000000000000000000000000000010100010
000000000000000000000000000000010101000
000000000000000000000000000000010101110
000000000000000000000000000000010110100
000000000000000000000000000000010111010
000000000000000000000000000000011000000
000000000000000000000000000000011000110
000000000000000000000000000000011001100
000000000000000000000000000000011010010
000000000000000000000000000000011011000
000000000000000000000000000000011011110
000000000000000000000000000000011100100
000000000000000000000000000000011101010
000000000000000000000000000000011110000
000000000000000000000000000000011110110
000000000000000000000000000000011111100
000000000000000000000000000000100000010
000000000000000000000000000000100001000
000000000000000000000000000000100001110
000000000000000000000000000000100010100
000000000000000000000000000000100011010
000000000000000000000000000000100100000
000000000000000000000000000000100100110
000000000000000000000000000000100101100
000000000000000000000000000000100110010
000000000000000000000000000000100111000
000000000000000000000000000000100111110
000000000000000000000000000000101000100
000000000000000000000000000000101001010
000000000000000000000000000000101010000
000000000000000000000000000000101010110
000000000000000000000000000000101011100
000000000000000000000000000000101100010
000000000000000000000000000000101101000
000000000000000000000000000000101101110
000000000000000000000000000000101110100
000000000000000000000000000000101111010
000000000000000000000000000000110000000
000000000000000000000000000000110000110
000000000000000000000000000000110001100
000000000000000000000000000000110010010
000000000000000000000000000000110011000
000000000000000000000000000000110011110
000000000000000000000000000000110100100
000000000000000000000000000000110101010
000000000000000000000000000000110110000
000000000000000000000000000000110110110
000000000000000000000000000000110111100
000000000000000000000000000000111000010
000000000000000000000000000000111001000
000000000000000000000000000000111001110
000000000000000000000000000000111010100
000000000000000000000000000000111011010
000000000000000000000000000000111100000
000000000000000000000000000000111100110
000000000000000000000000000000111101100
000000000000000000000000000000111110010
000000000000000000000000000000111111000
000000000000000000000000000000111111110
000000000000000000000000000001000000100
000000000000000000000000000001000001010
000000000000000000000000000001000010000
000000000000000000000000000001000010110
000000000000000000000000000001000011100
000000000000000000000000000001000100010
000000000000000000000000000001000101000
000000000000000000000000000001000101110
000000000000000000000000000001000110100
000000000000000000000000000001000111010
000000000000000000000000000001001000000
000000000000000000000000000001001000110
000000000000000000000000000001001001100
000000000000000000000000000001001010010
000000000000000000000000000001001011000
000000000000000000000000000001001011110
000000000000000000000000000001001100100
000000000000000000000000000001001101010
000000000000000000000000000001001110000
000000000000000000000000000001001110110
000000000000000000000000000001001111100
000000000000000000000000000001010000010
000000000000000000000000000001010001000
000000000000000000000000000001010001110
000000000000000000000000000001010010100
000000000000000000000000000001010011010
000000000000000000000000000001010100000
000000000000000000000000000001010100110
000000000000000000000000000001010101100
000000000000000000000000000001010110010
000000000000000000000000000001010111000
000000000000000000000000000001010111110
000000000000000000000000000001011000100
000000000000000000000000000001011001010
000000000000000000000000000001011010000
000000000000000000000000000001011010110
000000000000000000000000000001011011100
000000000000000000000000000001011100010
000000000000000000000000000001011101000
000000000000000000000000000001011101110
000000000000000000000000000001011110100
000000000000000000000000000001011111010
000000000000000000000000000001100000000
000000000000000000000000000001100000110
000000000000000000000000000001100001100
000000000000000000000000000001100010010
000000000000000000000000000001100011000
000000000000000000000000000001100011110
000000000000000000000000000001100100100
000000000000000000000000000001100101010
000000000000000000000000000001100110000
000000000000000000000000000001100110110
000000000000000000000000000001100111100
000000000000000000000000000001101000010
000000000000000000000000000001101001000
000000000000000000000000000001101001110
000000000000000000000000000001101010100
000000000000000000000000000001101011010
000000000000000000000000000001101100000
000000000000000000000000000001101100110
000000000000000000000000000001101101100
000000000000000000000000000001101110010
000000000000000000000000000001101111000
000000000000000000000000000001101111110
000000000000000000000000000001110000100
000000000000000000000000000001110001010
000000000000000000000000000001110010000
000000000000000000000000000001110010110
000000000000000000000000000001110011100
000000000000000000000000000001110100010
000000000000000000000000000001110101000
000000000000000000000000000001110101110
000000000000000000000000000001110110100
000000000000000000000000000001110111010
000000000000000000000000000001111000000
000000000000000000000000000001111000110
000000000000000000000000000001111001100
000000000000000000000000000001111010010
000000000000000000000000000001111011000
000000000000000000000000000001111011110
000000000000000000000000000001111100100
000000000000000000000000000001111101010
000000000000000000000000000001111110000
000000000000000000000000000001111110110
000000000000000000000000000001111111100
000000000000000000000000000010000000010
000000000000000000000000000010000001000
000000000000000000000000000010000001110
000000000000000000000000000010000010100
000000000000000000000000000010000011010
000000000000000000000000000010000100000
000000000000000000000000000010000100110
000000000000000000000000000010000101100
000000000000000000000000000010000110010
000000000000000000000000000010000111000
000000000000000000000000000010000111110
000000000000000000000000000010001000100
000000000000000000000000000010001001010
000000000000000000000000000010001010000
000000000000000000000000000010001010110
000000000000000000000000000010001011100
000000000000000000000000000010001100010
000000000000000000000000000010001101000
000000000000000000000000000010001101110
000000000000000000000000000010001110100
000000000000000000000000000010001111010
000000000000000000000000000010010000000
000000000000000000000000000010010000110
000000000000000000000000000010010001100
000000000000000000000000000010010010010
000000000000000000000000000010010011000
000000000000000000000000000010010011110
000000000000000000000000000010010100100
000000000000000000000000000010010101010
000000000000000000000000000010010110000
000000000000000000000000000010010110110
000000000000000000000000000010010111100
000000000000000000000000000010011000010
000000000000000000000000000010011001000
000000000000000000000000000010011001110
000000000000000000000000000010011010100
000000000000000000000000000010011011010
000000000000000000000000000010011100000
000000000000000000000000000010011100110
000000000000000000000000000010011101100
000000000000000000000000000010011110010
000000000000000000000000000010011111000
000000000000000000000000000010011111110
000000000000000000000000000010100000100
000000000000000000000000000010100001010
000000000000000000000000000010100010000
000000000000000000000000000010100010110
000000000000000000000000000010100011100
000000000000000000000000000010100100010
000000000000000000000000000010100101000
000000000000000000000000000010100101110
000000000000000000000000000010100110100
000000000000000000000000000010100111010
000000000000000000000000000010101000000
000000000000000000000000000010101000110
000000000000000000000000000010101001100
000000000000000000000000000010101010010
000000000000000000000000000010101011000
000000000000000000000000000010101011110
000000000000000000000000000010101100100
000000000000000000000000000010101101010
000000000000000000000000000010101110000
000000000000000000000000000010101110110
000000000000000000000000000010101111100
000000000000000000000000000010110000010
000000000000000000000000000010110001000
000000000000000000000000000010110001110
000000000000000000000000000010110010100
000000000000000000000000000010110011010
000000000000000000000000000010110100000
000000000000000000000000000010110100110
000000000000000000000000000010110101100
000000000000000000000000000010110110010
000000000000000000000000000010110111000
000000000000000000000000000010110111110
000000000000000000000000000010111000100
000000000000000000000000000010111001010
000000000000000000000000000010111010000
000000000000000000000000000010111010110
000000000000000000000000000010111011100
000000000000000000000000000010111100010
000000000000000000000000000010111101000
000000000000000000000000000010111101110
000000000000000000000000000010111110100
000000000000000000000000000010111111010
