000000000000000000000000000000000000000
111111111111111111111111111111111111001
111111111111111111111111111111111110010
111111111111111111111111111111111101011
111111111111111111111111111111111100100
111111111111111111111111111111111011101
111111111111111111111111111111111010110
111111111111111111111111111111111001111
111111111111111111111111111111111001000
111111111111111111111111111111111000001
111111111111111111111111111111110111010
111111111111111111111111111111110110011
111111111111111111111111111111110101100
111111111111111111111111111111110100101
111111111111111111111111111111110011110
111111111111111111111111111111110010111
111111111111111111111111111111110010000
111111111111111111111111111111110001001
111111111111111111111111111111110000010
111111111111111111111111111111101111011
111111111111111111111111111111101110100
111111111111111111111111111111101101101
111111111111111111111111111111101100110
111111111111111111111111111111101011111
111111111111111111111111111111101011000
111111111111111111111111111111101010001
111111111111111111111111111111101001010
111111111111111111111111111111101000011
111111111111111111111111111111100111100
111111111111111111111111111111100110101
111111111111111111111111111111100101110
111111111111111111111111111111100100111
111111111111111111111111111111100100000
111111111111111111111111111111100011001
111111111111111111111111111111100010010
111111111111111111111111111111100001011
111111111111111111111111111111100000100
111111111111111111111111111111011111101
111111111111111111111111111111011110110
111111111111111111111111111111011101111
111111111111111111111111111111011101000
111111111111111111111111111111011100001
111111111111111111111111111111011011010
111111111111111111111111111111011010011
111111111111111111111111111111011001100
111111111111111111111111111111011000101
111111111111111111111111111111010111110
111111111111111111111111111111010110111
111111111111111111111111111111010110000
111111111111111111111111111111010101001
111111111111111111111111111111010100010
111111111111111111111111111111010011011
111111111111111111111111111111010010100
111111111111111111111111111111010001101
111111111111111111111111111111010000110
111111111111111111111111111111001111111
111111111111111111111111111111001111000
111111111111111111111111111111001110001
111111111111111111111111111111001101010
111111111111111111111111111111001100011
111111111111111111111111111111001011100
111111111111111111111111111111001010101
111111111111111111111111111111001001110
111111111111111111111111111111001000111
111111111111111111111111111111001000000
111111111111111111111111111111000111001
111111111111111111111111111111000110010
111111111111111111111111111111000101011
111111111111111111111111111111000100100
111111111111111111111111111111000011101
111111111111111111111111111111000010110
111111111111111111111111111111000001111
111111111111111111111111111111000001000
111111111111111111111111111111000000001
111111111111111111111111111110111111010
111111111111111111111111111110111110011
111111111111111111111111111110111101100
111111111111111111111111111110111100101
111111111111111111111111111110111011110
111111111111111111111111111110111010111
111111111111111111111111111110111010000
111111111111111111111111111110111001001
111111111111111111111111111110111000010
111111111111111111111111111110110111011
111111111111111111111111111110110110100
111111111111111111111111111110110101101
111111111111111111111111111110110100110
111111111111111111111111111110110011111
111111111111111111111111111110110011000
111111111111111111111111111110110010001
111111111111111111111111111110110001010
111111111111111111111111111110110000011
111111111111111111111111111110101111100
111111111111111111111111111110101110101
111111111111111111111111111110101101110
111111111111111111111111111110101100111
111111111111111111111111111110101100000
111111111111111111111111111110101011001
111111111111111111111111111110101010010
111111111111111111111111111110101001011
111111111111111111111111111110101000100
111111111111111111111111111110100111101
111111111111111111111111111110100110110
111111111111111111111111111110100101111
111111111111111111111111111110100101000
111111111111111111111111111110100100001
111111111111111111111111111110100011010
111111111111111111111111111110100010011
111111111111111111111111111110100001100
111111111111111111111111111110100000101
111111111111111111111111111110011111110
111111111111111111111111111110011110111
111111111111111111111111111110011110000
111111111111111111111111111110011101001
111111111111111111111111111110011100010
111111111111111111111111111110011011011
111111111111111111111111111110011010100
111111111111111111111111111110011001101
111111111111111111111111111110011000110
111111111111111111111111111110010111111
111111111111111111111111111110010111000
111111111111111111111111111110010110001
111111111111111111111111111110010101010
111111111111111111111111111110010100011
111111111111111111111111111110010011100
111111111111111111111111111110010010101
111111111111111111111111111110010001110
111111111111111111111111111110010000111
111111111111111111111111111110010000000
111111111111111111111111111110001111001
111111111111111111111111111110001110010
111111111111111111111111111110001101011
111111111111111111111111111110001100100
111111111111111111111111111110001011101
111111111111111111111111111110001010110
111111111111111111111111111110001001111
111111111111111111111111111110001001000
111111111111111111111111111110001000001
111111111111111111111111111110000111010
111111111111111111111111111110000110011
111111111111111111111111111110000101100
111111111111111111111111111110000100101
111111111111111111111111111110000011110
111111111111111111111111111110000010111
111111111111111111111111111110000010000
111111111111111111111111111110000001001
111111111111111111111111111110000000010
111111111111111111111111111101111111011
111111111111111111111111111101111110100
111111111111111111111111111101111101101
111111111111111111111111111101111100110
111111111111111111111111111101111011111
111111111111111111111111111101111011000
111111111111111111111111111101111010001
111111111111111111111111111101111001010
111111111111111111111111111101111000011
111111111111111111111111111101110111100
111111111111111111111111111101110110101
111111111111111111111111111101110101110
111111111111111111111111111101110100111
111111111111111111111111111101110100000
111111111111111111111111111101110011001
111111111111111111111111111101110010010
111111111111111111111111111101110001011
111111111111111111111111111101110000100
111111111111111111111111111101101111101
111111111111111111111111111101101110110
111111111111111111111111111101101101111
111111111111111111111111111101101101000
111111111111111111111111111101101100001
111111111111111111111111111101101011010
111111111111111111111111111101101010011
111111111111111111111111111101101001100
111111111111111111111111111101101000101
111111111111111111111111111101100111110
111111111111111111111111111101100110111
111111111111111111111111111101100110000
111111111111111111111111111101100101001
111111111111111111111111111101100100010
111111111111111111111111111101100011011
111111111111111111111111111101100010100
111111111111111111111111111101100001101
111111111111111111111111111101100000110
111111111111111111111111111101011111111
111111111111111111111111111101011111000
111111111111111111111111111101011110001
111111111111111111111111111101011101010
111111111111111111111111111101011100011
111111111111111111111111111101011011100
111111111111111111111111111101011010101
111111111111111111111111111101011001110
111111111111111111111111111101011000111
111111111111111111111111111101011000000
111111111111111111111111111101010111001
111111111111111111111111111101010110010
111111111111111111111111111101010101011
111111111111111111111111111101010100100
111111111111111111111111111101010011101
111111111111111111111111111101010010110
111111111111111111111111111101010001111
111111111111111111111111111101010001000
111111111111111111111111111101010000001
111111111111111111111111111101001111010
111111111111111111111111111101001110011
111111111111111111111111111101001101100
111111111111111111111111111101001100101
111111111111111111111111111101001011110
111111111111111111111111111101001010111
111111111111111111111111111101001010000
111111111111111111111111111101001001001
111111111111111111111111111101001000010
111111111111111111111111111101000111011
111111111111111111111111111101000110100
111111111111111111111111111101000101101
111111111111111111111111111101000100110
111111111111111111111111111101000011111
111111111111111111111111111101000011000
111111111111111111111111111101000010001
111111111111111111111111111101000001010
111111111111111111111111111101000000011
111111111111111111111111111100111111100
111111111111111111111111111100111110101
111111111111111111111111111100111101110
111111111111111111111111111100111100111
111111111111111111111111111100111100000
111111111111111111111111111100111011001
111111111111111111111111111100111010010
111111111111111111111111111100111001011
111111111111111111111111111100111000100
111111111111111111111111111100110111101
111111111111111111111111111100110110110
111111111111111111111111111100110101111
111111111111111111111111111100110101000
111111111111111111111111111100110100001
111111111111111111111111111100110011010
111111111111111111111111111100110010011
111111111111111111111111111100110001100
111111111111111111111111111100110000101
111111111111111111111111111100101111110
111111111111111111111111111100101110111
111111111111111111111111111100101110000
111111111111111111111111111100101101001
111111111111111111111111111100101100010
111111111111111111111111111100101011011
111111111111111111111111111100101010100
111111111111111111111111111100101001101
111111111111111111111111111100101000110
111111111111111111111111111100100111111
111111111111111111111111111100100111000
111111111111111111111111111100100110001
111111111111111111111111111100100101010
111111111111111111111111111100100100011
111111111111111111111111111100100011100
111111111111111111111111111100100010101
111111111111111111111111111100100001110
111111111111111111111111111100100000111
