000000000000000000000000000000000000000
111111111111111111111111111111101110011
111111111111111111111111111111011100110
111111111111111111111111111111001011001
111111111111111111111111111110111001100
111111111111111111111111111110100111111
111111111111111111111111111110010110010
111111111111111111111111111110000100101
111111111111111111111111111101110011000
111111111111111111111111111101100001011
111111111111111111111111111101001111110
111111111111111111111111111100111110001
111111111111111111111111111100101100100
111111111111111111111111111100011010111
111111111111111111111111111100001001010
111111111111111111111111111011110111101
111111111111111111111111111011100110000
111111111111111111111111111011010100011
111111111111111111111111111011000010110
111111111111111111111111111010110001001
111111111111111111111111111010011111100
111111111111111111111111111010001101111
111111111111111111111111111001111100010
111111111111111111111111111001101010101
111111111111111111111111111001011001000
111111111111111111111111111001000111011
111111111111111111111111111000110101110
111111111111111111111111111000100100001
111111111111111111111111111000010010100
111111111111111111111111111000000000111
111111111111111111111111110111101111010
111111111111111111111111110111011101101
111111111111111111111111110111001100000
111111111111111111111111110110111010011
111111111111111111111111110110101000110
111111111111111111111111110110010111001
111111111111111111111111110110000101100
111111111111111111111111110101110011111
111111111111111111111111110101100010010
111111111111111111111111110101010000101
111111111111111111111111110100111111000
111111111111111111111111110100101101011
111111111111111111111111110100011011110
111111111111111111111111110100001010001
111111111111111111111111110011111000100
111111111111111111111111110011100110111
111111111111111111111111110011010101010
111111111111111111111111110011000011101
111111111111111111111111110010110010000
111111111111111111111111110010100000011
111111111111111111111111110010001110110
111111111111111111111111110001111101001
111111111111111111111111110001101011100
111111111111111111111111110001011001111
111111111111111111111111110001001000010
111111111111111111111111110000110110101
111111111111111111111111110000100101000
111111111111111111111111110000010011011
111111111111111111111111110000000001110
111111111111111111111111101111110000001
111111111111111111111111101111011110100
111111111111111111111111101111001100111
111111111111111111111111101110111011010
111111111111111111111111101110101001101
111111111111111111111111101110011000000
111111111111111111111111101110000110011
111111111111111111111111101101110100110
111111111111111111111111101101100011001
111111111111111111111111101101010001100
111111111111111111111111101100111111111
111111111111111111111111101100101110010
111111111111111111111111101100011100101
111111111111111111111111101100001011000
111111111111111111111111101011111001011
111111111111111111111111101011100111110
111111111111111111111111101011010110001
111111111111111111111111101011000100100
111111111111111111111111101010110010111
111111111111111111111111101010100001010
111111111111111111111111101010001111101
111111111111111111111111101001111110000
111111111111111111111111101001101100011
111111111111111111111111101001011010110
111111111111111111111111101001001001001
111111111111111111111111101000110111100
111111111111111111111111101000100101111
111111111111111111111111101000010100010
111111111111111111111111101000000010101
111111111111111111111111100111110001000
111111111111111111111111100111011111011
111111111111111111111111100111001101110
111111111111111111111111100110111100001
111111111111111111111111100110101010100
111111111111111111111111100110011000111
111111111111111111111111100110000111010
111111111111111111111111100101110101101
111111111111111111111111100101100100000
111111111111111111111111100101010010011
111111111111111111111111100101000000110
111111111111111111111111100100101111001
111111111111111111111111100100011101100
111111111111111111111111100100001011111
111111111111111111111111100011111010010
111111111111111111111111100011101000101
111111111111111111111111100011010111000
111111111111111111111111100011000101011
111111111111111111111111100010110011110
111111111111111111111111100010100010001
111111111111111111111111100010010000100
111111111111111111111111100001111110111
111111111111111111111111100001101101010
111111111111111111111111100001011011101
111111111111111111111111100001001010000
111111111111111111111111100000111000011
111111111111111111111111100000100110110
111111111111111111111111100000010101001
111111111111111111111111100000000011100
111111111111111111111111011111110001111
111111111111111111111111011111100000010
111111111111111111111111011111001110101
111111111111111111111111011110111101000
111111111111111111111111011110101011011
111111111111111111111111011110011001110
111111111111111111111111011110001000001
111111111111111111111111011101110110100
111111111111111111111111011101100100111
111111111111111111111111011101010011010
111111111111111111111111011101000001101
111111111111111111111111011100110000000
111111111111111111111111011100011110011
111111111111111111111111011100001100110
111111111111111111111111011011111011001
111111111111111111111111011011101001100
111111111111111111111111011011010111111
111111111111111111111111011011000110010
111111111111111111111111011010110100101
111111111111111111111111011010100011000
111111111111111111111111011010010001011
111111111111111111111111011001111111110
111111111111111111111111011001101110001
111111111111111111111111011001011100100
111111111111111111111111011001001010111
111111111111111111111111011000111001010
111111111111111111111111011000100111101
111111111111111111111111011000010110000
111111111111111111111111011000000100011
111111111111111111111111010111110010110
111111111111111111111111010111100001001
111111111111111111111111010111001111100
111111111111111111111111010110111101111
111111111111111111111111010110101100010
111111111111111111111111010110011010101
111111111111111111111111010110001001000
111111111111111111111111010101110111011
111111111111111111111111010101100101110
111111111111111111111111010101010100001
111111111111111111111111010101000010100
111111111111111111111111010100110000111
111111111111111111111111010100011111010
111111111111111111111111010100001101101
111111111111111111111111010011111100000
111111111111111111111111010011101010011
111111111111111111111111010011011000110
111111111111111111111111010011000111001
111111111111111111111111010010110101100
111111111111111111111111010010100011111
111111111111111111111111010010010010010
111111111111111111111111010010000000101
111111111111111111111111010001101111000
111111111111111111111111010001011101011
111111111111111111111111010001001011110
111111111111111111111111010000111010001
111111111111111111111111010000101000100
111111111111111111111111010000010110111
111111111111111111111111010000000101010
111111111111111111111111001111110011101
111111111111111111111111001111100010000
111111111111111111111111001111010000011
111111111111111111111111001110111110110
111111111111111111111111001110101101001
111111111111111111111111001110011011100
111111111111111111111111001110001001111
111111111111111111111111001101111000010
111111111111111111111111001101100110101
111111111111111111111111001101010101000
111111111111111111111111001101000011011
111111111111111111111111001100110001110
111111111111111111111111001100100000001
111111111111111111111111001100001110100
111111111111111111111111001011111100111
111111111111111111111111001011101011010
111111111111111111111111001011011001101
111111111111111111111111001011001000000
111111111111111111111111001010110110011
111111111111111111111111001010100100110
111111111111111111111111001010010011001
111111111111111111111111001010000001100
111111111111111111111111001001101111111
111111111111111111111111001001011110010
111111111111111111111111001001001100101
111111111111111111111111001000111011000
111111111111111111111111001000101001011
111111111111111111111111001000010111110
111111111111111111111111001000000110001
111111111111111111111111000111110100100
111111111111111111111111000111100010111
111111111111111111111111000111010001010
111111111111111111111111000110111111101
111111111111111111111111000110101110000
111111111111111111111111000110011100011
111111111111111111111111000110001010110
111111111111111111111111000101111001001
111111111111111111111111000101100111100
111111111111111111111111000101010101111
111111111111111111111111000101000100010
111111111111111111111111000100110010101
111111111111111111111111000100100001000
111111111111111111111111000100001111011
111111111111111111111111000011111101110
111111111111111111111111000011101100001
111111111111111111111111000011011010100
111111111111111111111111000011001000111
111111111111111111111111000010110111010
111111111111111111111111000010100101101
111111111111111111111111000010010100000
111111111111111111111111000010000010011
111111111111111111111111000001110000110
111111111111111111111111000001011111001
111111111111111111111111000001001101100
111111111111111111111111000000111011111
111111111111111111111111000000101010010
111111111111111111111111000000011000101
111111111111111111111111000000000111000
111111111111111111111110111111110101011
111111111111111111111110111111100011110
111111111111111111111110111111010010001
111111111111111111111110111111000000100
111111111111111111111110111110101110111
111111111111111111111110111110011101010
111111111111111111111110111110001011101
111111111111111111111110111101111010000
111111111111111111111110111101101000011
111111111111111111111110111101010110110
111111111111111111111110111101000101001
111111111111111111111110111100110011100
111111111111111111111110111100100001111
111111111111111111111110111100010000010
111111111111111111111110111011111110101
111111111111111111111110111011101101000
111111111111111111111110111011011011011
111111111111111111111110111011001001110
111111111111111111111110111010111000001
111111111111111111111110111010100110100
111111111111111111111110111010010100111
111111111111111111111110111010000011010
111111111111111111111110111001110001101
