000000000000000000000000000000000000000
000000000000000000000000000000010001001
000000000000000000000000000000100010010
000000000000000000000000000000110011011
000000000000000000000000000001000100100
000000000000000000000000000001010101101
000000000000000000000000000001100110110
000000000000000000000000000001110111111
000000000000000000000000000010001001000
000000000000000000000000000010011010001
000000000000000000000000000010101011010
000000000000000000000000000010111100011
000000000000000000000000000011001101100
000000000000000000000000000011011110101
000000000000000000000000000011101111110
000000000000000000000000000100000000111
000000000000000000000000000100010010000
000000000000000000000000000100100011001
000000000000000000000000000100110100010
000000000000000000000000000101000101011
000000000000000000000000000101010110100
000000000000000000000000000101100111101
000000000000000000000000000101111000110
000000000000000000000000000110001001111
000000000000000000000000000110011011000
000000000000000000000000000110101100001
000000000000000000000000000110111101010
000000000000000000000000000111001110011
000000000000000000000000000111011111100
000000000000000000000000000111110000101
000000000000000000000000001000000001110
000000000000000000000000001000010010111
000000000000000000000000001000100100000
000000000000000000000000001000110101001
000000000000000000000000001001000110010
000000000000000000000000001001010111011
000000000000000000000000001001101000100
000000000000000000000000001001111001101
000000000000000000000000001010001010110
000000000000000000000000001010011011111
000000000000000000000000001010101101000
000000000000000000000000001010111110001
000000000000000000000000001011001111010
000000000000000000000000001011100000011
000000000000000000000000001011110001100
000000000000000000000000001100000010101
000000000000000000000000001100010011110
000000000000000000000000001100100100111
000000000000000000000000001100110110000
000000000000000000000000001101000111001
000000000000000000000000001101011000010
000000000000000000000000001101101001011
000000000000000000000000001101111010100
000000000000000000000000001110001011101
000000000000000000000000001110011100110
000000000000000000000000001110101101111
000000000000000000000000001110111111000
000000000000000000000000001111010000001
000000000000000000000000001111100001010
000000000000000000000000001111110010011
000000000000000000000000010000000011100
000000000000000000000000010000010100101
000000000000000000000000010000100101110
000000000000000000000000010000110110111
000000000000000000000000010001001000000
000000000000000000000000010001011001001
000000000000000000000000010001101010010
000000000000000000000000010001111011011
000000000000000000000000010010001100100
000000000000000000000000010010011101101
000000000000000000000000010010101110110
000000000000000000000000010010111111111
000000000000000000000000010011010001000
000000000000000000000000010011100010001
000000000000000000000000010011110011010
000000000000000000000000010100000100011
000000000000000000000000010100010101100
000000000000000000000000010100100110101
000000000000000000000000010100110111110
000000000000000000000000010101001000111
000000000000000000000000010101011010000
000000000000000000000000010101101011001
000000000000000000000000010101111100010
000000000000000000000000010110001101011
000000000000000000000000010110011110100
000000000000000000000000010110101111101
000000000000000000000000010111000000110
000000000000000000000000010111010001111
000000000000000000000000010111100011000
000000000000000000000000010111110100001
000000000000000000000000011000000101010
000000000000000000000000011000010110011
000000000000000000000000011000100111100
000000000000000000000000011000111000101
000000000000000000000000011001001001110
000000000000000000000000011001011010111
000000000000000000000000011001101100000
000000000000000000000000011001111101001
000000000000000000000000011010001110010
000000000000000000000000011010011111011
000000000000000000000000011010110000100
000000000000000000000000011011000001101
000000000000000000000000011011010010110
000000000000000000000000011011100011111
000000000000000000000000011011110101000
000000000000000000000000011100000110001
000000000000000000000000011100010111010
000000000000000000000000011100101000011
000000000000000000000000011100111001100
000000000000000000000000011101001010101
000000000000000000000000011101011011110
000000000000000000000000011101101100111
000000000000000000000000011101111110000
000000000000000000000000011110001111001
000000000000000000000000011110100000010
000000000000000000000000011110110001011
000000000000000000000000011111000010100
000000000000000000000000011111010011101
000000000000000000000000011111100100110
000000000000000000000000011111110101111
000000000000000000000000100000000111000
000000000000000000000000100000011000001
000000000000000000000000100000101001010
000000000000000000000000100000111010011
000000000000000000000000100001001011100
000000000000000000000000100001011100101
000000000000000000000000100001101101110
000000000000000000000000100001111110111
000000000000000000000000100010010000000
000000000000000000000000100010100001001
000000000000000000000000100010110010010
000000000000000000000000100011000011011
000000000000000000000000100011010100100
000000000000000000000000100011100101101
000000000000000000000000100011110110110
000000000000000000000000100100000111111
000000000000000000000000100100011001000
000000000000000000000000100100101010001
000000000000000000000000100100111011010
000000000000000000000000100101001100011
000000000000000000000000100101011101100
000000000000000000000000100101101110101
000000000000000000000000100101111111110
000000000000000000000000100110010000111
000000000000000000000000100110100010000
000000000000000000000000100110110011001
000000000000000000000000100111000100010
000000000000000000000000100111010101011
000000000000000000000000100111100110100
000000000000000000000000100111110111101
000000000000000000000000101000001000110
000000000000000000000000101000011001111
000000000000000000000000101000101011000
000000000000000000000000101000111100001
000000000000000000000000101001001101010
000000000000000000000000101001011110011
000000000000000000000000101001101111100
000000000000000000000000101010000000101
000000000000000000000000101010010001110
000000000000000000000000101010100010111
000000000000000000000000101010110100000
000000000000000000000000101011000101001
000000000000000000000000101011010110010
000000000000000000000000101011100111011
000000000000000000000000101011111000100
000000000000000000000000101100001001101
000000000000000000000000101100011010110
000000000000000000000000101100101011111
000000000000000000000000101100111101000
000000000000000000000000101101001110001
000000000000000000000000101101011111010
000000000000000000000000101101110000011
000000000000000000000000101110000001100
000000000000000000000000101110010010101
000000000000000000000000101110100011110
000000000000000000000000101110110100111
000000000000000000000000101111000110000
000000000000000000000000101111010111001
000000000000000000000000101111101000010
000000000000000000000000101111111001011
000000000000000000000000110000001010100
000000000000000000000000110000011011101
000000000000000000000000110000101100110
000000000000000000000000110000111101111
000000000000000000000000110001001111000
000000000000000000000000110001100000001
000000000000000000000000110001110001010
000000000000000000000000110010000010011
000000000000000000000000110010010011100
000000000000000000000000110010100100101
000000000000000000000000110010110101110
000000000000000000000000110011000110111
000000000000000000000000110011011000000
000000000000000000000000110011101001001
000000000000000000000000110011111010010
000000000000000000000000110100001011011
000000000000000000000000110100011100100
000000000000000000000000110100101101101
000000000000000000000000110100111110110
000000000000000000000000110101001111111
000000000000000000000000110101100001000
000000000000000000000000110101110010001
000000000000000000000000110110000011010
000000000000000000000000110110010100011
000000000000000000000000110110100101100
000000000000000000000000110110110110101
000000000000000000000000110111000111110
000000000000000000000000110111011000111
000000000000000000000000110111101010000
000000000000000000000000110111111011001
000000000000000000000000111000001100010
000000000000000000000000111000011101011
000000000000000000000000111000101110100
000000000000000000000000111000111111101
000000000000000000000000111001010000110
000000000000000000000000111001100001111
000000000000000000000000111001110011000
000000000000000000000000111010000100001
000000000000000000000000111010010101010
000000000000000000000000111010100110011
000000000000000000000000111010110111100
000000000000000000000000111011001000101
000000000000000000000000111011011001110
000000000000000000000000111011101010111
000000000000000000000000111011111100000
000000000000000000000000111100001101001
000000000000000000000000111100011110010
000000000000000000000000111100101111011
000000000000000000000000111101000000100
000000000000000000000000111101010001101
000000000000000000000000111101100010110
000000000000000000000000111101110011111
000000000000000000000000111110000101000
000000000000000000000000111110010110001
000000000000000000000000111110100111010
000000000000000000000000111110111000011
000000000000000000000000111111001001100
000000000000000000000000111111011010101
000000000000000000000000111111101011110
000000000000000000000000111111111100111
000000000000000000000001000000001110000
000000000000000000000001000000011111001
000000000000000000000001000000110000010
000000000000000000000001000001000001011
000000000000000000000001000001010010100
000000000000000000000001000001100011101
000000000000000000000001000001110100110
000000000000000000000001000010000101111
000000000000000000000001000010010111000
000000000000000000000001000010101000001
000000000000000000000001000010111001010
000000000000000000000001000011001010011
000000000000000000000001000011011011100
000000000000000000000001000011101100101
000000000000000000000001000011111101110
000000000000000000000001000100001110111
