000000000000000000000000000000000000000
000000000000000000000000000000000101110
000000000000000000000000000000001011100
000000000000000000000000000000010001010
000000000000000000000000000000010111000
000000000000000000000000000000011100110
000000000000000000000000000000100010100
000000000000000000000000000000101000010
000000000000000000000000000000101110000
000000000000000000000000000000110011110
000000000000000000000000000000111001100
000000000000000000000000000000111111010
000000000000000000000000000001000101000
000000000000000000000000000001001010110
000000000000000000000000000001010000100
000000000000000000000000000001010110010
000000000000000000000000000001011100000
000000000000000000000000000001100001110
000000000000000000000000000001100111100
000000000000000000000000000001101101010
000000000000000000000000000001110011000
000000000000000000000000000001111000110
000000000000000000000000000001111110100
000000000000000000000000000010000100010
000000000000000000000000000010001010000
000000000000000000000000000010001111110
000000000000000000000000000010010101100
000000000000000000000000000010011011010
000000000000000000000000000010100001000
000000000000000000000000000010100110110
000000000000000000000000000010101100100
000000000000000000000000000010110010010
000000000000000000000000000010111000000
000000000000000000000000000010111101110
000000000000000000000000000011000011100
000000000000000000000000000011001001010
000000000000000000000000000011001111000
000000000000000000000000000011010100110
000000000000000000000000000011011010100
000000000000000000000000000011100000010
000000000000000000000000000011100110000
000000000000000000000000000011101011110
000000000000000000000000000011110001100
000000000000000000000000000011110111010
000000000000000000000000000011111101000
000000000000000000000000000100000010110
000000000000000000000000000100001000100
000000000000000000000000000100001110010
000000000000000000000000000100010100000
000000000000000000000000000100011001110
000000000000000000000000000100011111100
000000000000000000000000000100100101010
000000000000000000000000000100101011000
000000000000000000000000000100110000110
000000000000000000000000000100110110100
000000000000000000000000000100111100010
000000000000000000000000000101000010000
000000000000000000000000000101000111110
000000000000000000000000000101001101100
000000000000000000000000000101010011010
000000000000000000000000000101011001000
000000000000000000000000000101011110110
000000000000000000000000000101100100100
000000000000000000000000000101101010010
000000000000000000000000000101110000000
000000000000000000000000000101110101110
000000000000000000000000000101111011100
000000000000000000000000000110000001010
000000000000000000000000000110000111000
000000000000000000000000000110001100110
000000000000000000000000000110010010100
000000000000000000000000000110011000010
000000000000000000000000000110011110000
000000000000000000000000000110100011110
000000000000000000000000000110101001100
000000000000000000000000000110101111010
000000000000000000000000000110110101000
000000000000000000000000000110111010110
000000000000000000000000000111000000100
000000000000000000000000000111000110010
000000000000000000000000000111001100000
000000000000000000000000000111010001110
000000000000000000000000000111010111100
000000000000000000000000000111011101010
000000000000000000000000000111100011000
000000000000000000000000000111101000110
000000000000000000000000000111101110100
000000000000000000000000000111110100010
000000000000000000000000000111111010000
000000000000000000000000000111111111110
000000000000000000000000001000000101100
000000000000000000000000001000001011010
000000000000000000000000001000010001000
000000000000000000000000001000010110110
000000000000000000000000001000011100100
000000000000000000000000001000100010010
000000000000000000000000001000101000000
000000000000000000000000001000101101110
000000000000000000000000001000110011100
000000000000000000000000001000111001010
000000000000000000000000001000111111000
000000000000000000000000001001000100110
000000000000000000000000001001001010100
000000000000000000000000001001010000010
000000000000000000000000001001010110000
000000000000000000000000001001011011110
000000000000000000000000001001100001100
000000000000000000000000001001100111010
000000000000000000000000001001101101000
000000000000000000000000001001110010110
000000000000000000000000001001111000100
000000000000000000000000001001111110010
000000000000000000000000001010000100000
000000000000000000000000001010001001110
000000000000000000000000001010001111100
000000000000000000000000001010010101010
000000000000000000000000001010011011000
000000000000000000000000001010100000110
000000000000000000000000001010100110100
000000000000000000000000001010101100010
000000000000000000000000001010110010000
000000000000000000000000001010110111110
000000000000000000000000001010111101100
000000000000000000000000001011000011010
000000000000000000000000001011001001000
000000000000000000000000001011001110110
000000000000000000000000001011010100100
000000000000000000000000001011011010010
000000000000000000000000001011100000000
000000000000000000000000001011100101110
000000000000000000000000001011101011100
000000000000000000000000001011110001010
000000000000000000000000001011110111000
000000000000000000000000001011111100110
000000000000000000000000001100000010100
000000000000000000000000001100001000010
000000000000000000000000001100001110000
000000000000000000000000001100010011110
000000000000000000000000001100011001100
000000000000000000000000001100011111010
000000000000000000000000001100100101000
000000000000000000000000001100101010110
000000000000000000000000001100110000100
000000000000000000000000001100110110010
000000000000000000000000001100111100000
000000000000000000000000001101000001110
000000000000000000000000001101000111100
000000000000000000000000001101001101010
000000000000000000000000001101010011000
000000000000000000000000001101011000110
000000000000000000000000001101011110100
000000000000000000000000001101100100010
000000000000000000000000001101101010000
000000000000000000000000001101101111110
000000000000000000000000001101110101100
000000000000000000000000001101111011010
000000000000000000000000001110000001000
000000000000000000000000001110000110110
000000000000000000000000001110001100100
000000000000000000000000001110010010010
000000000000000000000000001110011000000
000000000000000000000000001110011101110
000000000000000000000000001110100011100
000000000000000000000000001110101001010
000000000000000000000000001110101111000
000000000000000000000000001110110100110
000000000000000000000000001110111010100
000000000000000000000000001111000000010
000000000000000000000000001111000110000
000000000000000000000000001111001011110
000000000000000000000000001111010001100
000000000000000000000000001111010111010
000000000000000000000000001111011101000
000000000000000000000000001111100010110
000000000000000000000000001111101000100
000000000000000000000000001111101110010
000000000000000000000000001111110100000
000000000000000000000000001111111001110
000000000000000000000000001111111111100
000000000000000000000000010000000101010
000000000000000000000000010000001011000
000000000000000000000000010000010000110
000000000000000000000000010000010110100
000000000000000000000000010000011100010
000000000000000000000000010000100010000
000000000000000000000000010000100111110
000000000000000000000000010000101101100
000000000000000000000000010000110011010
000000000000000000000000010000111001000
000000000000000000000000010000111110110
000000000000000000000000010001000100100
000000000000000000000000010001001010010
000000000000000000000000010001010000000
000000000000000000000000010001010101110
000000000000000000000000010001011011100
000000000000000000000000010001100001010
000000000000000000000000010001100111000
000000000000000000000000010001101100110
000000000000000000000000010001110010100
000000000000000000000000010001111000010
000000000000000000000000010001111110000
000000000000000000000000010010000011110
000000000000000000000000010010001001100
000000000000000000000000010010001111010
000000000000000000000000010010010101000
000000000000000000000000010010011010110
000000000000000000000000010010100000100
000000000000000000000000010010100110010
000000000000000000000000010010101100000
000000000000000000000000010010110001110
000000000000000000000000010010110111100
000000000000000000000000010010111101010
000000000000000000000000010011000011000
000000000000000000000000010011001000110
000000000000000000000000010011001110100
000000000000000000000000010011010100010
000000000000000000000000010011011010000
000000000000000000000000010011011111110
000000000000000000000000010011100101100
000000000000000000000000010011101011010
000000000000000000000000010011110001000
000000000000000000000000010011110110110
000000000000000000000000010011111100100
000000000000000000000000010100000010010
000000000000000000000000010100001000000
000000000000000000000000010100001101110
000000000000000000000000010100010011100
000000000000000000000000010100011001010
000000000000000000000000010100011111000
000000000000000000000000010100100100110
000000000000000000000000010100101010100
000000000000000000000000010100110000010
000000000000000000000000010100110110000
000000000000000000000000010100111011110
000000000000000000000000010101000001100
000000000000000000000000010101000111010
000000000000000000000000010101001101000
000000000000000000000000010101010010110
000000000000000000000000010101011000100
000000000000000000000000010101011110010
000000000000000000000000010101100100000
000000000000000000000000010101101001110
000000000000000000000000010101101111100
000000000000000000000000010101110101010
000000000000000000000000010101111011000
000000000000000000000000010110000000110
000000000000000000000000010110000110100
000000000000000000000000010110001100010
000000000000000000000000010110010010000
000000000000000000000000010110010111110
000000000000000000000000010110011101100
000000000000000000000000010110100011010
000000000000000000000000010110101001000
000000000000000000000000010110101110110
000000000000000000000000010110110100100
000000000000000000000000010110111010010
