000000000000000000000000000000000000000
000000000000000000000000000000010010010
000000000000000000000000000000100100100
000000000000000000000000000000110110110
000000000000000000000000000001001001000
000000000000000000000000000001011011010
000000000000000000000000000001101101100
000000000000000000000000000001111111110
000000000000000000000000000010010010000
000000000000000000000000000010100100010
000000000000000000000000000010110110100
000000000000000000000000000011001000110
000000000000000000000000000011011011000
000000000000000000000000000011101101010
000000000000000000000000000011111111100
000000000000000000000000000100010001110
000000000000000000000000000100100100000
000000000000000000000000000100110110010
000000000000000000000000000101001000100
000000000000000000000000000101011010110
000000000000000000000000000101101101000
000000000000000000000000000101111111010
000000000000000000000000000110010001100
000000000000000000000000000110100011110
000000000000000000000000000110110110000
000000000000000000000000000111001000010
000000000000000000000000000111011010100
000000000000000000000000000111101100110
000000000000000000000000000111111111000
000000000000000000000000001000010001010
000000000000000000000000001000100011100
000000000000000000000000001000110101110
000000000000000000000000001001001000000
000000000000000000000000001001011010010
000000000000000000000000001001101100100
000000000000000000000000001001111110110
000000000000000000000000001010010001000
000000000000000000000000001010100011010
000000000000000000000000001010110101100
000000000000000000000000001011000111110
000000000000000000000000001011011010000
000000000000000000000000001011101100010
000000000000000000000000001011111110100
000000000000000000000000001100010000110
000000000000000000000000001100100011000
000000000000000000000000001100110101010
000000000000000000000000001101000111100
000000000000000000000000001101011001110
000000000000000000000000001101101100000
000000000000000000000000001101111110010
000000000000000000000000001110010000100
000000000000000000000000001110100010110
000000000000000000000000001110110101000
000000000000000000000000001111000111010
000000000000000000000000001111011001100
000000000000000000000000001111101011110
000000000000000000000000001111111110000
000000000000000000000000010000010000010
000000000000000000000000010000100010100
000000000000000000000000010000110100110
000000000000000000000000010001000111000
000000000000000000000000010001011001010
000000000000000000000000010001101011100
000000000000000000000000010001111101110
000000000000000000000000010010010000000
000000000000000000000000010010100010010
000000000000000000000000010010110100100
000000000000000000000000010011000110110
000000000000000000000000010011011001000
000000000000000000000000010011101011010
000000000000000000000000010011111101100
000000000000000000000000010100001111110
000000000000000000000000010100100010000
000000000000000000000000010100110100010
000000000000000000000000010101000110100
000000000000000000000000010101011000110
000000000000000000000000010101101011000
000000000000000000000000010101111101010
000000000000000000000000010110001111100
000000000000000000000000010110100001110
000000000000000000000000010110110100000
000000000000000000000000010111000110010
000000000000000000000000010111011000100
000000000000000000000000010111101010110
000000000000000000000000010111111101000
000000000000000000000000011000001111010
000000000000000000000000011000100001100
000000000000000000000000011000110011110
000000000000000000000000011001000110000
000000000000000000000000011001011000010
000000000000000000000000011001101010100
000000000000000000000000011001111100110
000000000000000000000000011010001111000
000000000000000000000000011010100001010
000000000000000000000000011010110011100
000000000000000000000000011011000101110
000000000000000000000000011011011000000
000000000000000000000000011011101010010
000000000000000000000000011011111100100
000000000000000000000000011100001110110
000000000000000000000000011100100001000
000000000000000000000000011100110011010
000000000000000000000000011101000101100
000000000000000000000000011101010111110
000000000000000000000000011101101010000
000000000000000000000000011101111100010
000000000000000000000000011110001110100
000000000000000000000000011110100000110
000000000000000000000000011110110011000
000000000000000000000000011111000101010
000000000000000000000000011111010111100
000000000000000000000000011111101001110
000000000000000000000000011111111100000
000000000000000000000000100000001110010
000000000000000000000000100000100000100
000000000000000000000000100000110010110
000000000000000000000000100001000101000
000000000000000000000000100001010111010
000000000000000000000000100001101001100
000000000000000000000000100001111011110
000000000000000000000000100010001110000
000000000000000000000000100010100000010
000000000000000000000000100010110010100
000000000000000000000000100011000100110
000000000000000000000000100011010111000
000000000000000000000000100011101001010
000000000000000000000000100011111011100
000000000000000000000000100100001101110
000000000000000000000000100100100000000
000000000000000000000000100100110010010
000000000000000000000000100101000100100
000000000000000000000000100101010110110
000000000000000000000000100101101001000
000000000000000000000000100101111011010
000000000000000000000000100110001101100
000000000000000000000000100110011111110
000000000000000000000000100110110010000
000000000000000000000000100111000100010
000000000000000000000000100111010110100
000000000000000000000000100111101000110
000000000000000000000000100111111011000
000000000000000000000000101000001101010
000000000000000000000000101000011111100
000000000000000000000000101000110001110
000000000000000000000000101001000100000
000000000000000000000000101001010110010
000000000000000000000000101001101000100
000000000000000000000000101001111010110
000000000000000000000000101010001101000
000000000000000000000000101010011111010
000000000000000000000000101010110001100
000000000000000000000000101011000011110
000000000000000000000000101011010110000
000000000000000000000000101011101000010
000000000000000000000000101011111010100
000000000000000000000000101100001100110
000000000000000000000000101100011111000
000000000000000000000000101100110001010
000000000000000000000000101101000011100
000000000000000000000000101101010101110
000000000000000000000000101101101000000
000000000000000000000000101101111010010
000000000000000000000000101110001100100
000000000000000000000000101110011110110
000000000000000000000000101110110001000
000000000000000000000000101111000011010
000000000000000000000000101111010101100
000000000000000000000000101111100111110
000000000000000000000000101111111010000
000000000000000000000000110000001100010
000000000000000000000000110000011110100
000000000000000000000000110000110000110
000000000000000000000000110001000011000
000000000000000000000000110001010101010
000000000000000000000000110001100111100
000000000000000000000000110001111001110
000000000000000000000000110010001100000
000000000000000000000000110010011110010
000000000000000000000000110010110000100
000000000000000000000000110011000010110
000000000000000000000000110011010101000
000000000000000000000000110011100111010
000000000000000000000000110011111001100
000000000000000000000000110100001011110
000000000000000000000000110100011110000
000000000000000000000000110100110000010
000000000000000000000000110101000010100
000000000000000000000000110101010100110
000000000000000000000000110101100111000
000000000000000000000000110101111001010
000000000000000000000000110110001011100
000000000000000000000000110110011101110
000000000000000000000000110110110000000
000000000000000000000000110111000010010
000000000000000000000000110111010100100
000000000000000000000000110111100110110
000000000000000000000000110111111001000
000000000000000000000000111000001011010
000000000000000000000000111000011101100
000000000000000000000000111000101111110
000000000000000000000000111001000010000
000000000000000000000000111001010100010
000000000000000000000000111001100110100
000000000000000000000000111001111000110
000000000000000000000000111010001011000
000000000000000000000000111010011101010
000000000000000000000000111010101111100
000000000000000000000000111011000001110
000000000000000000000000111011010100000
000000000000000000000000111011100110010
000000000000000000000000111011111000100
000000000000000000000000111100001010110
000000000000000000000000111100011101000
000000000000000000000000111100101111010
000000000000000000000000111101000001100
000000000000000000000000111101010011110
000000000000000000000000111101100110000
000000000000000000000000111101111000010
000000000000000000000000111110001010100
000000000000000000000000111110011100110
000000000000000000000000111110101111000
000000000000000000000000111111000001010
000000000000000000000000111111010011100
000000000000000000000000111111100101110
000000000000000000000000111111111000000
000000000000000000000001000000001010010
000000000000000000000001000000011100100
000000000000000000000001000000101110110
000000000000000000000001000001000001000
000000000000000000000001000001010011010
000000000000000000000001000001100101100
000000000000000000000001000001110111110
000000000000000000000001000010001010000
000000000000000000000001000010011100010
000000000000000000000001000010101110100
000000000000000000000001000011000000110
000000000000000000000001000011010011000
000000000000000000000001000011100101010
000000000000000000000001000011110111100
000000000000000000000001000100001001110
000000000000000000000001000100011100000
000000000000000000000001000100101110010
000000000000000000000001000101000000100
000000000000000000000001000101010010110
000000000000000000000001000101100101000
000000000000000000000001000101110111010
000000000000000000000001000110001001100
000000000000000000000001000110011011110
000000000000000000000001000110101110000
000000000000000000000001000111000000010
000000000000000000000001000111010010100
000000000000000000000001000111100100110
000000000000000000000001000111110111000
000000000000000000000001001000001001010
000000000000000000000001001000011011100
000000000000000000000001001000101101110
