000000000000000000000000000000000000000
000000000000000000000000000000011100001
000000000000000000000000000000111000010
000000000000000000000000000001010100011
000000000000000000000000000001110000100
000000000000000000000000000010001100101
000000000000000000000000000010101000110
000000000000000000000000000011000100111
000000000000000000000000000011100001000
000000000000000000000000000011111101001
000000000000000000000000000100011001010
000000000000000000000000000100110101011
000000000000000000000000000101010001100
000000000000000000000000000101101101101
000000000000000000000000000110001001110
000000000000000000000000000110100101111
000000000000000000000000000111000010000
000000000000000000000000000111011110001
000000000000000000000000000111111010010
000000000000000000000000001000010110011
000000000000000000000000001000110010100
000000000000000000000000001001001110101
000000000000000000000000001001101010110
000000000000000000000000001010000110111
000000000000000000000000001010100011000
000000000000000000000000001010111111001
000000000000000000000000001011011011010
000000000000000000000000001011110111011
000000000000000000000000001100010011100
000000000000000000000000001100101111101
000000000000000000000000001101001011110
000000000000000000000000001101100111111
000000000000000000000000001110000100000
000000000000000000000000001110100000001
000000000000000000000000001110111100010
000000000000000000000000001111011000011
000000000000000000000000001111110100100
000000000000000000000000010000010000101
000000000000000000000000010000101100110
000000000000000000000000010001001000111
000000000000000000000000010001100101000
000000000000000000000000010010000001001
000000000000000000000000010010011101010
000000000000000000000000010010111001011
000000000000000000000000010011010101100
000000000000000000000000010011110001101
000000000000000000000000010100001101110
000000000000000000000000010100101001111
000000000000000000000000010101000110000
000000000000000000000000010101100010001
000000000000000000000000010101111110010
000000000000000000000000010110011010011
000000000000000000000000010110110110100
000000000000000000000000010111010010101
000000000000000000000000010111101110110
000000000000000000000000011000001010111
000000000000000000000000011000100111000
000000000000000000000000011001000011001
000000000000000000000000011001011111010
000000000000000000000000011001111011011
000000000000000000000000011010010111100
000000000000000000000000011010110011101
000000000000000000000000011011001111110
000000000000000000000000011011101011111
000000000000000000000000011100001000000
000000000000000000000000011100100100001
000000000000000000000000011101000000010
000000000000000000000000011101011100011
000000000000000000000000011101111000100
000000000000000000000000011110010100101
000000000000000000000000011110110000110
000000000000000000000000011111001100111
000000000000000000000000011111101001000
000000000000000000000000100000000101001
000000000000000000000000100000100001010
000000000000000000000000100000111101011
000000000000000000000000100001011001100
000000000000000000000000100001110101101
000000000000000000000000100010010001110
000000000000000000000000100010101101111
000000000000000000000000100011001010000
000000000000000000000000100011100110001
000000000000000000000000100100000010010
000000000000000000000000100100011110011
000000000000000000000000100100111010100
000000000000000000000000100101010110101
000000000000000000000000100101110010110
000000000000000000000000100110001110111
000000000000000000000000100110101011000
000000000000000000000000100111000111001
000000000000000000000000100111100011010
000000000000000000000000100111111111011
000000000000000000000000101000011011100
000000000000000000000000101000110111101
000000000000000000000000101001010011110
000000000000000000000000101001101111111
000000000000000000000000101010001100000
000000000000000000000000101010101000001
000000000000000000000000101011000100010
000000000000000000000000101011100000011
000000000000000000000000101011111100100
000000000000000000000000101100011000101
000000000000000000000000101100110100110
000000000000000000000000101101010000111
000000000000000000000000101101101101000
000000000000000000000000101110001001001
000000000000000000000000101110100101010
000000000000000000000000101111000001011
000000000000000000000000101111011101100
000000000000000000000000101111111001101
000000000000000000000000110000010101110
000000000000000000000000110000110001111
000000000000000000000000110001001110000
000000000000000000000000110001101010001
000000000000000000000000110010000110010
000000000000000000000000110010100010011
000000000000000000000000110010111110100
000000000000000000000000110011011010101
000000000000000000000000110011110110110
000000000000000000000000110100010010111
000000000000000000000000110100101111000
000000000000000000000000110101001011001
000000000000000000000000110101100111010
000000000000000000000000110110000011011
000000000000000000000000110110011111100
000000000000000000000000110110111011101
000000000000000000000000110111010111110
000000000000000000000000110111110011111
000000000000000000000000111000010000000
000000000000000000000000111000101100001
000000000000000000000000111001001000010
000000000000000000000000111001100100011
000000000000000000000000111010000000100
000000000000000000000000111010011100101
000000000000000000000000111010111000110
000000000000000000000000111011010100111
000000000000000000000000111011110001000
000000000000000000000000111100001101001
000000000000000000000000111100101001010
000000000000000000000000111101000101011
000000000000000000000000111101100001100
000000000000000000000000111101111101101
000000000000000000000000111110011001110
000000000000000000000000111110110101111
000000000000000000000000111111010010000
000000000000000000000000111111101110001
000000000000000000000001000000001010010
000000000000000000000001000000100110011
000000000000000000000001000001000010100
000000000000000000000001000001011110101
000000000000000000000001000001111010110
000000000000000000000001000010010110111
000000000000000000000001000010110011000
000000000000000000000001000011001111001
000000000000000000000001000011101011010
000000000000000000000001000100000111011
000000000000000000000001000100100011100
000000000000000000000001000100111111101
000000000000000000000001000101011011110
000000000000000000000001000101110111111
000000000000000000000001000110010100000
000000000000000000000001000110110000001
000000000000000000000001000111001100010
000000000000000000000001000111101000011
000000000000000000000001001000000100100
000000000000000000000001001000100000101
000000000000000000000001001000111100110
000000000000000000000001001001011000111
000000000000000000000001001001110101000
000000000000000000000001001010010001001
000000000000000000000001001010101101010
000000000000000000000001001011001001011
000000000000000000000001001011100101100
000000000000000000000001001100000001101
000000000000000000000001001100011101110
000000000000000000000001001100111001111
000000000000000000000001001101010110000
000000000000000000000001001101110010001
000000000000000000000001001110001110010
000000000000000000000001001110101010011
000000000000000000000001001111000110100
000000000000000000000001001111100010101
000000000000000000000001001111111110110
000000000000000000000001010000011010111
000000000000000000000001010000110111000
000000000000000000000001010001010011001
000000000000000000000001010001101111010
000000000000000000000001010010001011011
000000000000000000000001010010100111100
000000000000000000000001010011000011101
000000000000000000000001010011011111110
000000000000000000000001010011111011111
000000000000000000000001010100011000000
000000000000000000000001010100110100001
000000000000000000000001010101010000010
000000000000000000000001010101101100011
000000000000000000000001010110001000100
000000000000000000000001010110100100101
000000000000000000000001010111000000110
000000000000000000000001010111011100111
000000000000000000000001010111111001000
000000000000000000000001011000010101001
000000000000000000000001011000110001010
000000000000000000000001011001001101011
000000000000000000000001011001101001100
000000000000000000000001011010000101101
000000000000000000000001011010100001110
000000000000000000000001011010111101111
000000000000000000000001011011011010000
000000000000000000000001011011110110001
000000000000000000000001011100010010010
000000000000000000000001011100101110011
000000000000000000000001011101001010100
000000000000000000000001011101100110101
000000000000000000000001011110000010110
000000000000000000000001011110011110111
000000000000000000000001011110111011000
000000000000000000000001011111010111001
000000000000000000000001011111110011010
000000000000000000000001100000001111011
000000000000000000000001100000101011100
000000000000000000000001100001000111101
000000000000000000000001100001100011110
000000000000000000000001100001111111111
000000000000000000000001100010011100000
000000000000000000000001100010111000001
000000000000000000000001100011010100010
000000000000000000000001100011110000011
000000000000000000000001100100001100100
000000000000000000000001100100101000101
000000000000000000000001100101000100110
000000000000000000000001100101100000111
000000000000000000000001100101111101000
000000000000000000000001100110011001001
000000000000000000000001100110110101010
000000000000000000000001100111010001011
000000000000000000000001100111101101100
000000000000000000000001101000001001101
000000000000000000000001101000100101110
000000000000000000000001101001000001111
000000000000000000000001101001011110000
000000000000000000000001101001111010001
000000000000000000000001101010010110010
000000000000000000000001101010110010011
000000000000000000000001101011001110100
000000000000000000000001101011101010101
000000000000000000000001101100000110110
000000000000000000000001101100100010111
000000000000000000000001101100111111000
000000000000000000000001101101011011001
000000000000000000000001101101110111010
000000000000000000000001101110010011011
000000000000000000000001101110101111100
000000000000000000000001101111001011101
000000000000000000000001101111100111110
000000000000000000000001110000000011111
