000000000000000000000000000000000000000
000000000000000000000000000000000001100
000000000000000000000000000000000011000
000000000000000000000000000000000100100
000000000000000000000000000000000110000
000000000000000000000000000000000111100
000000000000000000000000000000001001000
000000000000000000000000000000001010100
000000000000000000000000000000001100000
000000000000000000000000000000001101100
000000000000000000000000000000001111000
000000000000000000000000000000010000100
000000000000000000000000000000010010000
000000000000000000000000000000010011100
000000000000000000000000000000010101000
000000000000000000000000000000010110100
000000000000000000000000000000011000000
000000000000000000000000000000011001100
000000000000000000000000000000011011000
000000000000000000000000000000011100100
000000000000000000000000000000011110000
000000000000000000000000000000011111100
000000000000000000000000000000100001000
000000000000000000000000000000100010100
000000000000000000000000000000100100000
000000000000000000000000000000100101100
000000000000000000000000000000100111000
000000000000000000000000000000101000100
000000000000000000000000000000101010000
000000000000000000000000000000101011100
000000000000000000000000000000101101000
000000000000000000000000000000101110100
000000000000000000000000000000110000000
000000000000000000000000000000110001100
000000000000000000000000000000110011000
000000000000000000000000000000110100100
000000000000000000000000000000110110000
000000000000000000000000000000110111100
000000000000000000000000000000111001000
000000000000000000000000000000111010100
000000000000000000000000000000111100000
000000000000000000000000000000111101100
000000000000000000000000000000111111000
000000000000000000000000000001000000100
000000000000000000000000000001000010000
000000000000000000000000000001000011100
000000000000000000000000000001000101000
000000000000000000000000000001000110100
000000000000000000000000000001001000000
000000000000000000000000000001001001100
000000000000000000000000000001001011000
000000000000000000000000000001001100100
000000000000000000000000000001001110000
000000000000000000000000000001001111100
000000000000000000000000000001010001000
000000000000000000000000000001010010100
000000000000000000000000000001010100000
000000000000000000000000000001010101100
000000000000000000000000000001010111000
000000000000000000000000000001011000100
000000000000000000000000000001011010000
000000000000000000000000000001011011100
000000000000000000000000000001011101000
000000000000000000000000000001011110100
000000000000000000000000000001100000000
000000000000000000000000000001100001100
000000000000000000000000000001100011000
000000000000000000000000000001100100100
000000000000000000000000000001100110000
000000000000000000000000000001100111100
000000000000000000000000000001101001000
000000000000000000000000000001101010100
000000000000000000000000000001101100000
000000000000000000000000000001101101100
000000000000000000000000000001101111000
000000000000000000000000000001110000100
000000000000000000000000000001110010000
000000000000000000000000000001110011100
000000000000000000000000000001110101000
000000000000000000000000000001110110100
000000000000000000000000000001111000000
000000000000000000000000000001111001100
000000000000000000000000000001111011000
000000000000000000000000000001111100100
000000000000000000000000000001111110000
000000000000000000000000000001111111100
000000000000000000000000000010000001000
000000000000000000000000000010000010100
000000000000000000000000000010000100000
000000000000000000000000000010000101100
000000000000000000000000000010000111000
000000000000000000000000000010001000100
000000000000000000000000000010001010000
000000000000000000000000000010001011100
000000000000000000000000000010001101000
000000000000000000000000000010001110100
000000000000000000000000000010010000000
000000000000000000000000000010010001100
000000000000000000000000000010010011000
000000000000000000000000000010010100100
000000000000000000000000000010010110000
000000000000000000000000000010010111100
000000000000000000000000000010011001000
000000000000000000000000000010011010100
000000000000000000000000000010011100000
000000000000000000000000000010011101100
000000000000000000000000000010011111000
000000000000000000000000000010100000100
000000000000000000000000000010100010000
000000000000000000000000000010100011100
000000000000000000000000000010100101000
000000000000000000000000000010100110100
000000000000000000000000000010101000000
000000000000000000000000000010101001100
000000000000000000000000000010101011000
000000000000000000000000000010101100100
000000000000000000000000000010101110000
000000000000000000000000000010101111100
000000000000000000000000000010110001000
000000000000000000000000000010110010100
000000000000000000000000000010110100000
000000000000000000000000000010110101100
000000000000000000000000000010110111000
000000000000000000000000000010111000100
000000000000000000000000000010111010000
000000000000000000000000000010111011100
000000000000000000000000000010111101000
000000000000000000000000000010111110100
000000000000000000000000000011000000000
000000000000000000000000000011000001100
000000000000000000000000000011000011000
000000000000000000000000000011000100100
000000000000000000000000000011000110000
000000000000000000000000000011000111100
000000000000000000000000000011001001000
000000000000000000000000000011001010100
000000000000000000000000000011001100000
000000000000000000000000000011001101100
000000000000000000000000000011001111000
000000000000000000000000000011010000100
000000000000000000000000000011010010000
000000000000000000000000000011010011100
000000000000000000000000000011010101000
000000000000000000000000000011010110100
000000000000000000000000000011011000000
000000000000000000000000000011011001100
000000000000000000000000000011011011000
000000000000000000000000000011011100100
000000000000000000000000000011011110000
000000000000000000000000000011011111100
000000000000000000000000000011100001000
000000000000000000000000000011100010100
000000000000000000000000000011100100000
000000000000000000000000000011100101100
000000000000000000000000000011100111000
000000000000000000000000000011101000100
000000000000000000000000000011101010000
000000000000000000000000000011101011100
000000000000000000000000000011101101000
000000000000000000000000000011101110100
000000000000000000000000000011110000000
000000000000000000000000000011110001100
000000000000000000000000000011110011000
000000000000000000000000000011110100100
000000000000000000000000000011110110000
000000000000000000000000000011110111100
000000000000000000000000000011111001000
000000000000000000000000000011111010100
000000000000000000000000000011111100000
000000000000000000000000000011111101100
000000000000000000000000000011111111000
000000000000000000000000000100000000100
000000000000000000000000000100000010000
000000000000000000000000000100000011100
000000000000000000000000000100000101000
000000000000000000000000000100000110100
000000000000000000000000000100001000000
000000000000000000000000000100001001100
000000000000000000000000000100001011000
000000000000000000000000000100001100100
000000000000000000000000000100001110000
000000000000000000000000000100001111100
000000000000000000000000000100010001000
000000000000000000000000000100010010100
000000000000000000000000000100010100000
000000000000000000000000000100010101100
000000000000000000000000000100010111000
000000000000000000000000000100011000100
000000000000000000000000000100011010000
000000000000000000000000000100011011100
000000000000000000000000000100011101000
000000000000000000000000000100011110100
000000000000000000000000000100100000000
000000000000000000000000000100100001100
000000000000000000000000000100100011000
000000000000000000000000000100100100100
000000000000000000000000000100100110000
000000000000000000000000000100100111100
000000000000000000000000000100101001000
000000000000000000000000000100101010100
000000000000000000000000000100101100000
000000000000000000000000000100101101100
000000000000000000000000000100101111000
000000000000000000000000000100110000100
000000000000000000000000000100110010000
000000000000000000000000000100110011100
000000000000000000000000000100110101000
000000000000000000000000000100110110100
000000000000000000000000000100111000000
000000000000000000000000000100111001100
000000000000000000000000000100111011000
000000000000000000000000000100111100100
000000000000000000000000000100111110000
000000000000000000000000000100111111100
000000000000000000000000000101000001000
000000000000000000000000000101000010100
000000000000000000000000000101000100000
000000000000000000000000000101000101100
000000000000000000000000000101000111000
000000000000000000000000000101001000100
000000000000000000000000000101001010000
000000000000000000000000000101001011100
000000000000000000000000000101001101000
000000000000000000000000000101001110100
000000000000000000000000000101010000000
000000000000000000000000000101010001100
000000000000000000000000000101010011000
000000000000000000000000000101010100100
000000000000000000000000000101010110000
000000000000000000000000000101010111100
000000000000000000000000000101011001000
000000000000000000000000000101011010100
000000000000000000000000000101011100000
000000000000000000000000000101011101100
000000000000000000000000000101011111000
000000000000000000000000000101100000100
000000000000000000000000000101100010000
000000000000000000000000000101100011100
000000000000000000000000000101100101000
000000000000000000000000000101100110100
000000000000000000000000000101101000000
000000000000000000000000000101101001100
000000000000000000000000000101101011000
000000000000000000000000000101101100100
000000000000000000000000000101101110000
000000000000000000000000000101101111100
000000000000000000000000000101110001000
000000000000000000000000000101110010100
000000000000000000000000000101110100000
000000000000000000000000000101110101100
000000000000000000000000000101110111000
000000000000000000000000000101111000100
000000000000000000000000000101111010000
000000000000000000000000000101111011100
000000000000000000000000000101111101000
000000000000000000000000000101111110100
