000000000000000000000000000000000000000
111111111111111111111111111111110011101
111111111111111111111111111111100111010
111111111111111111111111111111011010111
111111111111111111111111111111001110100
111111111111111111111111111111000010001
111111111111111111111111111110110101110
111111111111111111111111111110101001011
111111111111111111111111111110011101000
111111111111111111111111111110010000101
111111111111111111111111111110000100010
111111111111111111111111111101110111111
111111111111111111111111111101101011100
111111111111111111111111111101011111001
111111111111111111111111111101010010110
111111111111111111111111111101000110011
111111111111111111111111111100111010000
111111111111111111111111111100101101101
111111111111111111111111111100100001010
111111111111111111111111111100010100111
111111111111111111111111111100001000100
111111111111111111111111111011111100001
111111111111111111111111111011101111110
111111111111111111111111111011100011011
111111111111111111111111111011010111000
111111111111111111111111111011001010101
111111111111111111111111111010111110010
111111111111111111111111111010110001111
111111111111111111111111111010100101100
111111111111111111111111111010011001001
111111111111111111111111111010001100110
111111111111111111111111111010000000011
111111111111111111111111111001110100000
111111111111111111111111111001100111101
111111111111111111111111111001011011010
111111111111111111111111111001001110111
111111111111111111111111111001000010100
111111111111111111111111111000110110001
111111111111111111111111111000101001110
111111111111111111111111111000011101011
111111111111111111111111111000010001000
111111111111111111111111111000000100101
111111111111111111111111110111111000010
111111111111111111111111110111101011111
111111111111111111111111110111011111100
111111111111111111111111110111010011001
111111111111111111111111110111000110110
111111111111111111111111110110111010011
111111111111111111111111110110101110000
111111111111111111111111110110100001101
111111111111111111111111110110010101010
111111111111111111111111110110001000111
111111111111111111111111110101111100100
111111111111111111111111110101110000001
111111111111111111111111110101100011110
111111111111111111111111110101010111011
111111111111111111111111110101001011000
111111111111111111111111110100111110101
111111111111111111111111110100110010010
111111111111111111111111110100100101111
111111111111111111111111110100011001100
111111111111111111111111110100001101001
111111111111111111111111110100000000110
111111111111111111111111110011110100011
111111111111111111111111110011101000000
111111111111111111111111110011011011101
111111111111111111111111110011001111010
111111111111111111111111110011000010111
111111111111111111111111110010110110100
111111111111111111111111110010101010001
111111111111111111111111110010011101110
111111111111111111111111110010010001011
111111111111111111111111110010000101000
111111111111111111111111110001111000101
111111111111111111111111110001101100010
111111111111111111111111110001011111111
111111111111111111111111110001010011100
111111111111111111111111110001000111001
111111111111111111111111110000111010110
111111111111111111111111110000101110011
111111111111111111111111110000100010000
111111111111111111111111110000010101101
111111111111111111111111110000001001010
111111111111111111111111101111111100111
111111111111111111111111101111110000100
111111111111111111111111101111100100001
111111111111111111111111101111010111110
111111111111111111111111101111001011011
111111111111111111111111101110111111000
111111111111111111111111101110110010101
111111111111111111111111101110100110010
111111111111111111111111101110011001111
111111111111111111111111101110001101100
111111111111111111111111101110000001001
111111111111111111111111101101110100110
111111111111111111111111101101101000011
111111111111111111111111101101011100000
111111111111111111111111101101001111101
111111111111111111111111101101000011010
111111111111111111111111101100110110111
111111111111111111111111101100101010100
111111111111111111111111101100011110001
111111111111111111111111101100010001110
111111111111111111111111101100000101011
111111111111111111111111101011111001000
111111111111111111111111101011101100101
111111111111111111111111101011100000010
111111111111111111111111101011010011111
111111111111111111111111101011000111100
111111111111111111111111101010111011001
111111111111111111111111101010101110110
111111111111111111111111101010100010011
111111111111111111111111101010010110000
111111111111111111111111101010001001101
111111111111111111111111101001111101010
111111111111111111111111101001110000111
111111111111111111111111101001100100100
111111111111111111111111101001011000001
111111111111111111111111101001001011110
111111111111111111111111101000111111011
111111111111111111111111101000110011000
111111111111111111111111101000100110101
111111111111111111111111101000011010010
111111111111111111111111101000001101111
111111111111111111111111101000000001100
111111111111111111111111100111110101001
111111111111111111111111100111101000110
111111111111111111111111100111011100011
111111111111111111111111100111010000000
111111111111111111111111100111000011101
111111111111111111111111100110110111010
111111111111111111111111100110101010111
111111111111111111111111100110011110100
111111111111111111111111100110010010001
111111111111111111111111100110000101110
111111111111111111111111100101111001011
111111111111111111111111100101101101000
111111111111111111111111100101100000101
111111111111111111111111100101010100010
111111111111111111111111100101000111111
111111111111111111111111100100111011100
111111111111111111111111100100101111001
111111111111111111111111100100100010110
111111111111111111111111100100010110011
111111111111111111111111100100001010000
111111111111111111111111100011111101101
111111111111111111111111100011110001010
111111111111111111111111100011100100111
111111111111111111111111100011011000100
111111111111111111111111100011001100001
111111111111111111111111100010111111110
111111111111111111111111100010110011011
111111111111111111111111100010100111000
111111111111111111111111100010011010101
111111111111111111111111100010001110010
111111111111111111111111100010000001111
111111111111111111111111100001110101100
111111111111111111111111100001101001001
111111111111111111111111100001011100110
111111111111111111111111100001010000011
111111111111111111111111100001000100000
111111111111111111111111100000110111101
111111111111111111111111100000101011010
111111111111111111111111100000011110111
111111111111111111111111100000010010100
111111111111111111111111100000000110001
111111111111111111111111011111111001110
111111111111111111111111011111101101011
111111111111111111111111011111100001000
111111111111111111111111011111010100101
111111111111111111111111011111001000010
111111111111111111111111011110111011111
111111111111111111111111011110101111100
111111111111111111111111011110100011001
111111111111111111111111011110010110110
111111111111111111111111011110001010011
111111111111111111111111011101111110000
111111111111111111111111011101110001101
111111111111111111111111011101100101010
111111111111111111111111011101011000111
111111111111111111111111011101001100100
111111111111111111111111011101000000001
111111111111111111111111011100110011110
111111111111111111111111011100100111011
111111111111111111111111011100011011000
111111111111111111111111011100001110101
111111111111111111111111011100000010010
111111111111111111111111011011110101111
111111111111111111111111011011101001100
111111111111111111111111011011011101001
111111111111111111111111011011010000110
111111111111111111111111011011000100011
111111111111111111111111011010111000000
111111111111111111111111011010101011101
111111111111111111111111011010011111010
111111111111111111111111011010010010111
111111111111111111111111011010000110100
111111111111111111111111011001111010001
111111111111111111111111011001101101110
111111111111111111111111011001100001011
111111111111111111111111011001010101000
111111111111111111111111011001001000101
111111111111111111111111011000111100010
111111111111111111111111011000101111111
111111111111111111111111011000100011100
111111111111111111111111011000010111001
111111111111111111111111011000001010110
111111111111111111111111010111111110011
111111111111111111111111010111110010000
111111111111111111111111010111100101101
111111111111111111111111010111011001010
111111111111111111111111010111001100111
111111111111111111111111010111000000100
111111111111111111111111010110110100001
111111111111111111111111010110100111110
111111111111111111111111010110011011011
111111111111111111111111010110001111000
111111111111111111111111010110000010101
111111111111111111111111010101110110010
111111111111111111111111010101101001111
111111111111111111111111010101011101100
111111111111111111111111010101010001001
111111111111111111111111010101000100110
111111111111111111111111010100111000011
111111111111111111111111010100101100000
111111111111111111111111010100011111101
111111111111111111111111010100010011010
111111111111111111111111010100000110111
111111111111111111111111010011111010100
111111111111111111111111010011101110001
111111111111111111111111010011100001110
111111111111111111111111010011010101011
111111111111111111111111010011001001000
111111111111111111111111010010111100101
111111111111111111111111010010110000010
111111111111111111111111010010100011111
111111111111111111111111010010010111100
111111111111111111111111010010001011001
111111111111111111111111010001111110110
111111111111111111111111010001110010011
111111111111111111111111010001100110000
111111111111111111111111010001011001101
111111111111111111111111010001001101010
111111111111111111111111010001000000111
111111111111111111111111010000110100100
111111111111111111111111010000101000001
111111111111111111111111010000011011110
111111111111111111111111010000001111011
111111111111111111111111010000000011000
111111111111111111111111001111110110101
111111111111111111111111001111101010010
111111111111111111111111001111011101111
111111111111111111111111001111010001100
111111111111111111111111001111000101001
111111111111111111111111001110111000110
111111111111111111111111001110101100011
