000000000000000000000000000000000000000
000000000000000000000000000000001111111
000000000000000000000000000000011111110
000000000000000000000000000000101111101
000000000000000000000000000000111111100
000000000000000000000000000001001111011
000000000000000000000000000001011111010
000000000000000000000000000001101111001
000000000000000000000000000001111111000
000000000000000000000000000010001110111
000000000000000000000000000010011110110
000000000000000000000000000010101110101
000000000000000000000000000010111110100
000000000000000000000000000011001110011
000000000000000000000000000011011110010
000000000000000000000000000011101110001
000000000000000000000000000011111110000
000000000000000000000000000100001101111
000000000000000000000000000100011101110
000000000000000000000000000100101101101
000000000000000000000000000100111101100
000000000000000000000000000101001101011
000000000000000000000000000101011101010
000000000000000000000000000101101101001
000000000000000000000000000101111101000
000000000000000000000000000110001100111
000000000000000000000000000110011100110
000000000000000000000000000110101100101
000000000000000000000000000110111100100
000000000000000000000000000111001100011
000000000000000000000000000111011100010
000000000000000000000000000111101100001
000000000000000000000000000111111100000
000000000000000000000000001000001011111
000000000000000000000000001000011011110
000000000000000000000000001000101011101
000000000000000000000000001000111011100
000000000000000000000000001001001011011
000000000000000000000000001001011011010
000000000000000000000000001001101011001
000000000000000000000000001001111011000
000000000000000000000000001010001010111
000000000000000000000000001010011010110
000000000000000000000000001010101010101
000000000000000000000000001010111010100
000000000000000000000000001011001010011
000000000000000000000000001011011010010
000000000000000000000000001011101010001
000000000000000000000000001011111010000
000000000000000000000000001100001001111
000000000000000000000000001100011001110
000000000000000000000000001100101001101
000000000000000000000000001100111001100
000000000000000000000000001101001001011
000000000000000000000000001101011001010
000000000000000000000000001101101001001
000000000000000000000000001101111001000
000000000000000000000000001110001000111
000000000000000000000000001110011000110
000000000000000000000000001110101000101
000000000000000000000000001110111000100
000000000000000000000000001111001000011
000000000000000000000000001111011000010
000000000000000000000000001111101000001
000000000000000000000000001111111000000
000000000000000000000000010000000111111
000000000000000000000000010000010111110
000000000000000000000000010000100111101
000000000000000000000000010000110111100
000000000000000000000000010001000111011
000000000000000000000000010001010111010
000000000000000000000000010001100111001
000000000000000000000000010001110111000
000000000000000000000000010010000110111
000000000000000000000000010010010110110
000000000000000000000000010010100110101
000000000000000000000000010010110110100
000000000000000000000000010011000110011
000000000000000000000000010011010110010
000000000000000000000000010011100110001
000000000000000000000000010011110110000
000000000000000000000000010100000101111
000000000000000000000000010100010101110
000000000000000000000000010100100101101
000000000000000000000000010100110101100
000000000000000000000000010101000101011
000000000000000000000000010101010101010
000000000000000000000000010101100101001
000000000000000000000000010101110101000
000000000000000000000000010110000100111
000000000000000000000000010110010100110
000000000000000000000000010110100100101
000000000000000000000000010110110100100
000000000000000000000000010111000100011
000000000000000000000000010111010100010
000000000000000000000000010111100100001
000000000000000000000000010111110100000
000000000000000000000000011000000011111
000000000000000000000000011000010011110
000000000000000000000000011000100011101
000000000000000000000000011000110011100
000000000000000000000000011001000011011
000000000000000000000000011001010011010
000000000000000000000000011001100011001
000000000000000000000000011001110011000
000000000000000000000000011010000010111
000000000000000000000000011010010010110
000000000000000000000000011010100010101
000000000000000000000000011010110010100
000000000000000000000000011011000010011
000000000000000000000000011011010010010
000000000000000000000000011011100010001
000000000000000000000000011011110010000
000000000000000000000000011100000001111
000000000000000000000000011100010001110
000000000000000000000000011100100001101
000000000000000000000000011100110001100
000000000000000000000000011101000001011
000000000000000000000000011101010001010
000000000000000000000000011101100001001
000000000000000000000000011101110001000
000000000000000000000000011110000000111
000000000000000000000000011110010000110
000000000000000000000000011110100000101
000000000000000000000000011110110000100
000000000000000000000000011111000000011
000000000000000000000000011111010000010
000000000000000000000000011111100000001
000000000000000000000000011111110000000
000000000000000000000000011111111111111
000000000000000000000000100000001111110
000000000000000000000000100000011111101
000000000000000000000000100000101111100
000000000000000000000000100000111111011
000000000000000000000000100001001111010
000000000000000000000000100001011111001
000000000000000000000000100001101111000
000000000000000000000000100001111110111
000000000000000000000000100010001110110
000000000000000000000000100010011110101
000000000000000000000000100010101110100
000000000000000000000000100010111110011
000000000000000000000000100011001110010
000000000000000000000000100011011110001
000000000000000000000000100011101110000
000000000000000000000000100011111101111
000000000000000000000000100100001101110
000000000000000000000000100100011101101
000000000000000000000000100100101101100
000000000000000000000000100100111101011
000000000000000000000000100101001101010
000000000000000000000000100101011101001
000000000000000000000000100101101101000
000000000000000000000000100101111100111
000000000000000000000000100110001100110
000000000000000000000000100110011100101
000000000000000000000000100110101100100
000000000000000000000000100110111100011
000000000000000000000000100111001100010
000000000000000000000000100111011100001
000000000000000000000000100111101100000
000000000000000000000000100111111011111
000000000000000000000000101000001011110
000000000000000000000000101000011011101
000000000000000000000000101000101011100
000000000000000000000000101000111011011
000000000000000000000000101001001011010
000000000000000000000000101001011011001
000000000000000000000000101001101011000
000000000000000000000000101001111010111
000000000000000000000000101010001010110
000000000000000000000000101010011010101
000000000000000000000000101010101010100
000000000000000000000000101010111010011
000000000000000000000000101011001010010
000000000000000000000000101011011010001
000000000000000000000000101011101010000
000000000000000000000000101011111001111
000000000000000000000000101100001001110
000000000000000000000000101100011001101
000000000000000000000000101100101001100
000000000000000000000000101100111001011
000000000000000000000000101101001001010
000000000000000000000000101101011001001
000000000000000000000000101101101001000
000000000000000000000000101101111000111
000000000000000000000000101110001000110
000000000000000000000000101110011000101
000000000000000000000000101110101000100
000000000000000000000000101110111000011
000000000000000000000000101111001000010
000000000000000000000000101111011000001
000000000000000000000000101111101000000
000000000000000000000000101111110111111
000000000000000000000000110000000111110
000000000000000000000000110000010111101
000000000000000000000000110000100111100
000000000000000000000000110000110111011
000000000000000000000000110001000111010
000000000000000000000000110001010111001
000000000000000000000000110001100111000
000000000000000000000000110001110110111
000000000000000000000000110010000110110
000000000000000000000000110010010110101
000000000000000000000000110010100110100
000000000000000000000000110010110110011
000000000000000000000000110011000110010
000000000000000000000000110011010110001
000000000000000000000000110011100110000
000000000000000000000000110011110101111
000000000000000000000000110100000101110
000000000000000000000000110100010101101
000000000000000000000000110100100101100
000000000000000000000000110100110101011
000000000000000000000000110101000101010
000000000000000000000000110101010101001
000000000000000000000000110101100101000
000000000000000000000000110101110100111
000000000000000000000000110110000100110
000000000000000000000000110110010100101
000000000000000000000000110110100100100
000000000000000000000000110110110100011
000000000000000000000000110111000100010
000000000000000000000000110111010100001
000000000000000000000000110111100100000
000000000000000000000000110111110011111
000000000000000000000000111000000011110
000000000000000000000000111000010011101
000000000000000000000000111000100011100
000000000000000000000000111000110011011
000000000000000000000000111001000011010
000000000000000000000000111001010011001
000000000000000000000000111001100011000
000000000000000000000000111001110010111
000000000000000000000000111010000010110
000000000000000000000000111010010010101
000000000000000000000000111010100010100
000000000000000000000000111010110010011
000000000000000000000000111011000010010
000000000000000000000000111011010010001
000000000000000000000000111011100010000
000000000000000000000000111011110001111
000000000000000000000000111100000001110
000000000000000000000000111100010001101
000000000000000000000000111100100001100
000000000000000000000000111100110001011
000000000000000000000000111101000001010
000000000000000000000000111101010001001
000000000000000000000000111101100001000
000000000000000000000000111101110000111
000000000000000000000000111110000000110
000000000000000000000000111110010000101
000000000000000000000000111110100000100
000000000000000000000000111110110000011
000000000000000000000000111111000000010
000000000000000000000000111111010000001
