000000000000000000000000000000000000000
111111111111111111111111111111100100111
111111111111111111111111111111001001110
111111111111111111111111111110101110101
111111111111111111111111111110010011100
111111111111111111111111111101111000011
111111111111111111111111111101011101010
111111111111111111111111111101000010001
111111111111111111111111111100100111000
111111111111111111111111111100001011111
111111111111111111111111111011110000110
111111111111111111111111111011010101101
111111111111111111111111111010111010100
111111111111111111111111111010011111011
111111111111111111111111111010000100010
111111111111111111111111111001101001001
111111111111111111111111111001001110000
111111111111111111111111111000110010111
111111111111111111111111111000010111110
111111111111111111111111110111111100101
111111111111111111111111110111100001100
111111111111111111111111110111000110011
111111111111111111111111110110101011010
111111111111111111111111110110010000001
111111111111111111111111110101110101000
111111111111111111111111110101011001111
111111111111111111111111110100111110110
111111111111111111111111110100100011101
111111111111111111111111110100001000100
111111111111111111111111110011101101011
111111111111111111111111110011010010010
111111111111111111111111110010110111001
111111111111111111111111110010011100000
111111111111111111111111110010000000111
111111111111111111111111110001100101110
111111111111111111111111110001001010101
111111111111111111111111110000101111100
111111111111111111111111110000010100011
111111111111111111111111101111111001010
111111111111111111111111101111011110001
111111111111111111111111101111000011000
111111111111111111111111101110100111111
111111111111111111111111101110001100110
111111111111111111111111101101110001101
111111111111111111111111101101010110100
111111111111111111111111101100111011011
111111111111111111111111101100100000010
111111111111111111111111101100000101001
111111111111111111111111101011101010000
111111111111111111111111101011001110111
111111111111111111111111101010110011110
111111111111111111111111101010011000101
111111111111111111111111101001111101100
111111111111111111111111101001100010011
111111111111111111111111101001000111010
111111111111111111111111101000101100001
111111111111111111111111101000010001000
111111111111111111111111100111110101111
111111111111111111111111100111011010110
111111111111111111111111100110111111101
111111111111111111111111100110100100100
111111111111111111111111100110001001011
111111111111111111111111100101101110010
111111111111111111111111100101010011001
111111111111111111111111100100111000000
111111111111111111111111100100011100111
111111111111111111111111100100000001110
111111111111111111111111100011100110101
111111111111111111111111100011001011100
111111111111111111111111100010110000011
111111111111111111111111100010010101010
111111111111111111111111100001111010001
111111111111111111111111100001011111000
111111111111111111111111100001000011111
111111111111111111111111100000101000110
111111111111111111111111100000001101101
111111111111111111111111011111110010100
111111111111111111111111011111010111011
111111111111111111111111011110111100010
111111111111111111111111011110100001001
111111111111111111111111011110000110000
111111111111111111111111011101101010111
111111111111111111111111011101001111110
111111111111111111111111011100110100101
111111111111111111111111011100011001100
111111111111111111111111011011111110011
111111111111111111111111011011100011010
111111111111111111111111011011001000001
111111111111111111111111011010101101000
111111111111111111111111011010010001111
111111111111111111111111011001110110110
111111111111111111111111011001011011101
111111111111111111111111011001000000100
111111111111111111111111011000100101011
111111111111111111111111011000001010010
111111111111111111111111010111101111001
111111111111111111111111010111010100000
111111111111111111111111010110111000111
111111111111111111111111010110011101110
111111111111111111111111010110000010101
111111111111111111111111010101100111100
111111111111111111111111010101001100011
111111111111111111111111010100110001010
111111111111111111111111010100010110001
111111111111111111111111010011111011000
111111111111111111111111010011011111111
111111111111111111111111010011000100110
111111111111111111111111010010101001101
111111111111111111111111010010001110100
111111111111111111111111010001110011011
111111111111111111111111010001011000010
111111111111111111111111010000111101001
111111111111111111111111010000100010000
111111111111111111111111010000000110111
111111111111111111111111001111101011110
111111111111111111111111001111010000101
111111111111111111111111001110110101100
111111111111111111111111001110011010011
111111111111111111111111001101111111010
111111111111111111111111001101100100001
111111111111111111111111001101001001000
111111111111111111111111001100101101111
111111111111111111111111001100010010110
111111111111111111111111001011110111101
111111111111111111111111001011011100100
111111111111111111111111001011000001011
111111111111111111111111001010100110010
111111111111111111111111001010001011001
111111111111111111111111001001110000000
111111111111111111111111001001010100111
111111111111111111111111001000111001110
111111111111111111111111001000011110101
111111111111111111111111001000000011100
111111111111111111111111000111101000011
111111111111111111111111000111001101010
111111111111111111111111000110110010001
111111111111111111111111000110010111000
111111111111111111111111000101111011111
111111111111111111111111000101100000110
111111111111111111111111000101000101101
111111111111111111111111000100101010100
111111111111111111111111000100001111011
111111111111111111111111000011110100010
111111111111111111111111000011011001001
111111111111111111111111000010111110000
111111111111111111111111000010100010111
111111111111111111111111000010000111110
111111111111111111111111000001101100101
111111111111111111111111000001010001100
111111111111111111111111000000110110011
111111111111111111111111000000011011010
111111111111111111111111000000000000001
111111111111111111111110111111100101000
111111111111111111111110111111001001111
111111111111111111111110111110101110110
111111111111111111111110111110010011101
111111111111111111111110111101111000100
111111111111111111111110111101011101011
111111111111111111111110111101000010010
111111111111111111111110111100100111001
111111111111111111111110111100001100000
111111111111111111111110111011110000111
111111111111111111111110111011010101110
111111111111111111111110111010111010101
111111111111111111111110111010011111100
111111111111111111111110111010000100011
111111111111111111111110111001101001010
111111111111111111111110111001001110001
111111111111111111111110111000110011000
111111111111111111111110111000010111111
111111111111111111111110110111111100110
111111111111111111111110110111100001101
111111111111111111111110110111000110100
111111111111111111111110110110101011011
111111111111111111111110110110010000010
111111111111111111111110110101110101001
111111111111111111111110110101011010000
111111111111111111111110110100111110111
111111111111111111111110110100100011110
111111111111111111111110110100001000101
111111111111111111111110110011101101100
111111111111111111111110110011010010011
111111111111111111111110110010110111010
111111111111111111111110110010011100001
111111111111111111111110110010000001000
111111111111111111111110110001100101111
111111111111111111111110110001001010110
111111111111111111111110110000101111101
111111111111111111111110110000010100100
111111111111111111111110101111111001011
111111111111111111111110101111011110010
111111111111111111111110101111000011001
111111111111111111111110101110101000000
111111111111111111111110101110001100111
111111111111111111111110101101110001110
111111111111111111111110101101010110101
111111111111111111111110101100111011100
111111111111111111111110101100100000011
111111111111111111111110101100000101010
111111111111111111111110101011101010001
111111111111111111111110101011001111000
111111111111111111111110101010110011111
111111111111111111111110101010011000110
111111111111111111111110101001111101101
111111111111111111111110101001100010100
111111111111111111111110101001000111011
111111111111111111111110101000101100010
111111111111111111111110101000010001001
111111111111111111111110100111110110000
111111111111111111111110100111011010111
111111111111111111111110100110111111110
111111111111111111111110100110100100101
111111111111111111111110100110001001100
111111111111111111111110100101101110011
111111111111111111111110100101010011010
111111111111111111111110100100111000001
111111111111111111111110100100011101000
111111111111111111111110100100000001111
111111111111111111111110100011100110110
111111111111111111111110100011001011101
111111111111111111111110100010110000100
111111111111111111111110100010010101011
111111111111111111111110100001111010010
111111111111111111111110100001011111001
111111111111111111111110100001000100000
111111111111111111111110100000101000111
111111111111111111111110100000001101110
111111111111111111111110011111110010101
111111111111111111111110011111010111100
111111111111111111111110011110111100011
111111111111111111111110011110100001010
111111111111111111111110011110000110001
111111111111111111111110011101101011000
111111111111111111111110011101001111111
111111111111111111111110011100110100110
111111111111111111111110011100011001101
111111111111111111111110011011111110100
111111111111111111111110011011100011011
111111111111111111111110011011001000010
111111111111111111111110011010101101001
111111111111111111111110011010010010000
111111111111111111111110011001110110111
111111111111111111111110011001011011110
111111111111111111111110011001000000101
111111111111111111111110011000100101100
111111111111111111111110011000001010011
111111111111111111111110010111101111010
111111111111111111111110010111010100001
111111111111111111111110010110111001000
111111111111111111111110010110011101111
111111111111111111111110010110000010110
111111111111111111111110010101100111101
111111111111111111111110010101001100100
111111111111111111111110010100110001011
111111111111111111111110010100010110010
111111111111111111111110010011111011001
