000000000000000000000000000000000000000
111111111111111111111111111111111000111
111111111111111111111111111111110001110
111111111111111111111111111111101010101
111111111111111111111111111111100011100
111111111111111111111111111111011100011
111111111111111111111111111111010101010
111111111111111111111111111111001110001
111111111111111111111111111111000111000
111111111111111111111111111110111111111
111111111111111111111111111110111000110
111111111111111111111111111110110001101
111111111111111111111111111110101010100
111111111111111111111111111110100011011
111111111111111111111111111110011100010
111111111111111111111111111110010101001
111111111111111111111111111110001110000
111111111111111111111111111110000110111
111111111111111111111111111101111111110
111111111111111111111111111101111000101
111111111111111111111111111101110001100
111111111111111111111111111101101010011
111111111111111111111111111101100011010
111111111111111111111111111101011100001
111111111111111111111111111101010101000
111111111111111111111111111101001101111
111111111111111111111111111101000110110
111111111111111111111111111100111111101
111111111111111111111111111100111000100
111111111111111111111111111100110001011
111111111111111111111111111100101010010
111111111111111111111111111100100011001
111111111111111111111111111100011100000
111111111111111111111111111100010100111
111111111111111111111111111100001101110
111111111111111111111111111100000110101
111111111111111111111111111011111111100
111111111111111111111111111011111000011
111111111111111111111111111011110001010
111111111111111111111111111011101010001
111111111111111111111111111011100011000
111111111111111111111111111011011011111
111111111111111111111111111011010100110
111111111111111111111111111011001101101
111111111111111111111111111011000110100
111111111111111111111111111010111111011
111111111111111111111111111010111000010
111111111111111111111111111010110001001
111111111111111111111111111010101010000
111111111111111111111111111010100010111
111111111111111111111111111010011011110
111111111111111111111111111010010100101
111111111111111111111111111010001101100
111111111111111111111111111010000110011
111111111111111111111111111001111111010
111111111111111111111111111001111000001
111111111111111111111111111001110001000
111111111111111111111111111001101001111
111111111111111111111111111001100010110
111111111111111111111111111001011011101
111111111111111111111111111001010100100
111111111111111111111111111001001101011
111111111111111111111111111001000110010
111111111111111111111111111000111111001
111111111111111111111111111000111000000
111111111111111111111111111000110000111
111111111111111111111111111000101001110
111111111111111111111111111000100010101
111111111111111111111111111000011011100
111111111111111111111111111000010100011
111111111111111111111111111000001101010
111111111111111111111111111000000110001
111111111111111111111111110111111111000
111111111111111111111111110111110111111
111111111111111111111111110111110000110
111111111111111111111111110111101001101
111111111111111111111111110111100010100
111111111111111111111111110111011011011
111111111111111111111111110111010100010
111111111111111111111111110111001101001
111111111111111111111111110111000110000
111111111111111111111111110110111110111
111111111111111111111111110110110111110
111111111111111111111111110110110000101
111111111111111111111111110110101001100
111111111111111111111111110110100010011
111111111111111111111111110110011011010
111111111111111111111111110110010100001
111111111111111111111111110110001101000
111111111111111111111111110110000101111
111111111111111111111111110101111110110
111111111111111111111111110101110111101
111111111111111111111111110101110000100
111111111111111111111111110101101001011
111111111111111111111111110101100010010
111111111111111111111111110101011011001
111111111111111111111111110101010100000
111111111111111111111111110101001100111
111111111111111111111111110101000101110
111111111111111111111111110100111110101
111111111111111111111111110100110111100
111111111111111111111111110100110000011
111111111111111111111111110100101001010
111111111111111111111111110100100010001
111111111111111111111111110100011011000
111111111111111111111111110100010011111
111111111111111111111111110100001100110
111111111111111111111111110100000101101
111111111111111111111111110011111110100
111111111111111111111111110011110111011
111111111111111111111111110011110000010
111111111111111111111111110011101001001
111111111111111111111111110011100010000
111111111111111111111111110011011010111
111111111111111111111111110011010011110
111111111111111111111111110011001100101
111111111111111111111111110011000101100
111111111111111111111111110010111110011
111111111111111111111111110010110111010
111111111111111111111111110010110000001
111111111111111111111111110010101001000
111111111111111111111111110010100001111
111111111111111111111111110010011010110
111111111111111111111111110010010011101
111111111111111111111111110010001100100
111111111111111111111111110010000101011
111111111111111111111111110001111110010
111111111111111111111111110001110111001
111111111111111111111111110001110000000
111111111111111111111111110001101000111
111111111111111111111111110001100001110
111111111111111111111111110001011010101
111111111111111111111111110001010011100
111111111111111111111111110001001100011
111111111111111111111111110001000101010
111111111111111111111111110000111110001
111111111111111111111111110000110111000
111111111111111111111111110000101111111
111111111111111111111111110000101000110
111111111111111111111111110000100001101
111111111111111111111111110000011010100
111111111111111111111111110000010011011
111111111111111111111111110000001100010
111111111111111111111111110000000101001
111111111111111111111111101111111110000
111111111111111111111111101111110110111
111111111111111111111111101111101111110
111111111111111111111111101111101000101
111111111111111111111111101111100001100
111111111111111111111111101111011010011
111111111111111111111111101111010011010
111111111111111111111111101111001100001
111111111111111111111111101111000101000
111111111111111111111111101110111101111
111111111111111111111111101110110110110
111111111111111111111111101110101111101
111111111111111111111111101110101000100
111111111111111111111111101110100001011
111111111111111111111111101110011010010
111111111111111111111111101110010011001
111111111111111111111111101110001100000
111111111111111111111111101110000100111
111111111111111111111111101101111101110
111111111111111111111111101101110110101
111111111111111111111111101101101111100
111111111111111111111111101101101000011
111111111111111111111111101101100001010
111111111111111111111111101101011010001
111111111111111111111111101101010011000
111111111111111111111111101101001011111
111111111111111111111111101101000100110
111111111111111111111111101100111101101
111111111111111111111111101100110110100
111111111111111111111111101100101111011
111111111111111111111111101100101000010
111111111111111111111111101100100001001
111111111111111111111111101100011010000
111111111111111111111111101100010010111
111111111111111111111111101100001011110
111111111111111111111111101100000100101
111111111111111111111111101011111101100
111111111111111111111111101011110110011
111111111111111111111111101011101111010
111111111111111111111111101011101000001
111111111111111111111111101011100001000
111111111111111111111111101011011001111
111111111111111111111111101011010010110
111111111111111111111111101011001011101
111111111111111111111111101011000100100
111111111111111111111111101010111101011
111111111111111111111111101010110110010
111111111111111111111111101010101111001
111111111111111111111111101010101000000
111111111111111111111111101010100000111
111111111111111111111111101010011001110
111111111111111111111111101010010010101
111111111111111111111111101010001011100
111111111111111111111111101010000100011
111111111111111111111111101001111101010
111111111111111111111111101001110110001
111111111111111111111111101001101111000
111111111111111111111111101001100111111
111111111111111111111111101001100000110
111111111111111111111111101001011001101
111111111111111111111111101001010010100
111111111111111111111111101001001011011
111111111111111111111111101001000100010
111111111111111111111111101000111101001
111111111111111111111111101000110110000
111111111111111111111111101000101110111
111111111111111111111111101000100111110
111111111111111111111111101000100000101
111111111111111111111111101000011001100
111111111111111111111111101000010010011
111111111111111111111111101000001011010
111111111111111111111111101000000100001
111111111111111111111111100111111101000
111111111111111111111111100111110101111
111111111111111111111111100111101110110
111111111111111111111111100111100111101
111111111111111111111111100111100000100
111111111111111111111111100111011001011
111111111111111111111111100111010010010
111111111111111111111111100111001011001
111111111111111111111111100111000100000
111111111111111111111111100110111100111
111111111111111111111111100110110101110
111111111111111111111111100110101110101
111111111111111111111111100110100111100
111111111111111111111111100110100000011
111111111111111111111111100110011001010
111111111111111111111111100110010010001
111111111111111111111111100110001011000
111111111111111111111111100110000011111
111111111111111111111111100101111100110
111111111111111111111111100101110101101
111111111111111111111111100101101110100
111111111111111111111111100101100111011
111111111111111111111111100101100000010
111111111111111111111111100101011001001
111111111111111111111111100101010010000
111111111111111111111111100101001010111
111111111111111111111111100101000011110
111111111111111111111111100100111100101
111111111111111111111111100100110101100
111111111111111111111111100100101110011
111111111111111111111111100100100111010
111111111111111111111111100100100000001
111111111111111111111111100100011001000
111111111111111111111111100100010001111
111111111111111111111111100100001010110
111111111111111111111111100100000011101
111111111111111111111111100011111100100
111111111111111111111111100011110101011
111111111111111111111111100011101110010
111111111111111111111111100011100111001
