000000000000000000000000000000000000000
000000000000000000000000000000011001001
000000000000000000000000000000110010010
000000000000000000000000000001001011011
000000000000000000000000000001100100100
000000000000000000000000000001111101101
000000000000000000000000000010010110110
000000000000000000000000000010101111111
000000000000000000000000000011001001000
000000000000000000000000000011100010001
000000000000000000000000000011111011010
000000000000000000000000000100010100011
000000000000000000000000000100101101100
000000000000000000000000000101000110101
000000000000000000000000000101011111110
000000000000000000000000000101111000111
000000000000000000000000000110010010000
000000000000000000000000000110101011001
000000000000000000000000000111000100010
000000000000000000000000000111011101011
000000000000000000000000000111110110100
000000000000000000000000001000001111101
000000000000000000000000001000101000110
000000000000000000000000001001000001111
000000000000000000000000001001011011000
000000000000000000000000001001110100001
000000000000000000000000001010001101010
000000000000000000000000001010100110011
000000000000000000000000001010111111100
000000000000000000000000001011011000101
000000000000000000000000001011110001110
000000000000000000000000001100001010111
000000000000000000000000001100100100000
000000000000000000000000001100111101001
000000000000000000000000001101010110010
000000000000000000000000001101101111011
000000000000000000000000001110001000100
000000000000000000000000001110100001101
000000000000000000000000001110111010110
000000000000000000000000001111010011111
000000000000000000000000001111101101000
000000000000000000000000010000000110001
000000000000000000000000010000011111010
000000000000000000000000010000111000011
000000000000000000000000010001010001100
000000000000000000000000010001101010101
000000000000000000000000010010000011110
000000000000000000000000010010011100111
000000000000000000000000010010110110000
000000000000000000000000010011001111001
000000000000000000000000010011101000010
000000000000000000000000010100000001011
000000000000000000000000010100011010100
000000000000000000000000010100110011101
000000000000000000000000010101001100110
000000000000000000000000010101100101111
000000000000000000000000010101111111000
000000000000000000000000010110011000001
000000000000000000000000010110110001010
000000000000000000000000010111001010011
000000000000000000000000010111100011100
000000000000000000000000010111111100101
000000000000000000000000011000010101110
000000000000000000000000011000101110111
000000000000000000000000011001001000000
000000000000000000000000011001100001001
000000000000000000000000011001111010010
000000000000000000000000011010010011011
000000000000000000000000011010101100100
000000000000000000000000011011000101101
000000000000000000000000011011011110110
000000000000000000000000011011110111111
000000000000000000000000011100010001000
000000000000000000000000011100101010001
000000000000000000000000011101000011010
000000000000000000000000011101011100011
000000000000000000000000011101110101100
000000000000000000000000011110001110101
000000000000000000000000011110100111110
000000000000000000000000011111000000111
000000000000000000000000011111011010000
000000000000000000000000011111110011001
000000000000000000000000100000001100010
000000000000000000000000100000100101011
000000000000000000000000100000111110100
000000000000000000000000100001010111101
000000000000000000000000100001110000110
000000000000000000000000100010001001111
000000000000000000000000100010100011000
000000000000000000000000100010111100001
000000000000000000000000100011010101010
000000000000000000000000100011101110011
000000000000000000000000100100000111100
000000000000000000000000100100100000101
000000000000000000000000100100111001110
000000000000000000000000100101010010111
000000000000000000000000100101101100000
000000000000000000000000100110000101001
000000000000000000000000100110011110010
000000000000000000000000100110110111011
000000000000000000000000100111010000100
000000000000000000000000100111101001101
000000000000000000000000101000000010110
000000000000000000000000101000011011111
000000000000000000000000101000110101000
000000000000000000000000101001001110001
000000000000000000000000101001100111010
000000000000000000000000101010000000011
000000000000000000000000101010011001100
000000000000000000000000101010110010101
000000000000000000000000101011001011110
000000000000000000000000101011100100111
000000000000000000000000101011111110000
000000000000000000000000101100010111001
000000000000000000000000101100110000010
000000000000000000000000101101001001011
000000000000000000000000101101100010100
000000000000000000000000101101111011101
000000000000000000000000101110010100110
000000000000000000000000101110101101111
000000000000000000000000101111000111000
000000000000000000000000101111100000001
000000000000000000000000101111111001010
000000000000000000000000110000010010011
000000000000000000000000110000101011100
000000000000000000000000110001000100101
000000000000000000000000110001011101110
000000000000000000000000110001110110111
000000000000000000000000110010010000000
000000000000000000000000110010101001001
000000000000000000000000110011000010010
000000000000000000000000110011011011011
000000000000000000000000110011110100100
000000000000000000000000110100001101101
000000000000000000000000110100100110110
000000000000000000000000110100111111111
000000000000000000000000110101011001000
000000000000000000000000110101110010001
000000000000000000000000110110001011010
000000000000000000000000110110100100011
000000000000000000000000110110111101100
000000000000000000000000110111010110101
000000000000000000000000110111101111110
000000000000000000000000111000001000111
000000000000000000000000111000100010000
000000000000000000000000111000111011001
000000000000000000000000111001010100010
000000000000000000000000111001101101011
000000000000000000000000111010000110100
000000000000000000000000111010011111101
000000000000000000000000111010111000110
000000000000000000000000111011010001111
000000000000000000000000111011101011000
000000000000000000000000111100000100001
000000000000000000000000111100011101010
000000000000000000000000111100110110011
000000000000000000000000111101001111100
000000000000000000000000111101101000101
000000000000000000000000111110000001110
000000000000000000000000111110011010111
000000000000000000000000111110110100000
000000000000000000000000111111001101001
000000000000000000000000111111100110010
000000000000000000000000111111111111011
000000000000000000000001000000011000100
000000000000000000000001000000110001101
000000000000000000000001000001001010110
000000000000000000000001000001100011111
000000000000000000000001000001111101000
000000000000000000000001000010010110001
000000000000000000000001000010101111010
000000000000000000000001000011001000011
000000000000000000000001000011100001100
000000000000000000000001000011111010101
000000000000000000000001000100010011110
000000000000000000000001000100101100111
000000000000000000000001000101000110000
000000000000000000000001000101011111001
000000000000000000000001000101111000010
000000000000000000000001000110010001011
000000000000000000000001000110101010100
000000000000000000000001000111000011101
000000000000000000000001000111011100110
000000000000000000000001000111110101111
000000000000000000000001001000001111000
000000000000000000000001001000101000001
000000000000000000000001001001000001010
000000000000000000000001001001011010011
000000000000000000000001001001110011100
000000000000000000000001001010001100101
000000000000000000000001001010100101110
000000000000000000000001001010111110111
000000000000000000000001001011011000000
000000000000000000000001001011110001001
000000000000000000000001001100001010010
000000000000000000000001001100100011011
000000000000000000000001001100111100100
000000000000000000000001001101010101101
000000000000000000000001001101101110110
000000000000000000000001001110000111111
000000000000000000000001001110100001000
000000000000000000000001001110111010001
000000000000000000000001001111010011010
000000000000000000000001001111101100011
000000000000000000000001010000000101100
000000000000000000000001010000011110101
000000000000000000000001010000110111110
000000000000000000000001010001010000111
000000000000000000000001010001101010000
000000000000000000000001010010000011001
000000000000000000000001010010011100010
000000000000000000000001010010110101011
000000000000000000000001010011001110100
000000000000000000000001010011100111101
000000000000000000000001010100000000110
000000000000000000000001010100011001111
000000000000000000000001010100110011000
000000000000000000000001010101001100001
000000000000000000000001010101100101010
000000000000000000000001010101111110011
000000000000000000000001010110010111100
000000000000000000000001010110110000101
000000000000000000000001010111001001110
000000000000000000000001010111100010111
000000000000000000000001010111111100000
000000000000000000000001011000010101001
000000000000000000000001011000101110010
000000000000000000000001011001000111011
000000000000000000000001011001100000100
000000000000000000000001011001111001101
000000000000000000000001011010010010110
000000000000000000000001011010101011111
000000000000000000000001011011000101000
000000000000000000000001011011011110001
000000000000000000000001011011110111010
000000000000000000000001011100010000011
000000000000000000000001011100101001100
000000000000000000000001011101000010101
000000000000000000000001011101011011110
000000000000000000000001011101110100111
000000000000000000000001011110001110000
000000000000000000000001011110100111001
000000000000000000000001011111000000010
000000000000000000000001011111011001011
000000000000000000000001011111110010100
000000000000000000000001100000001011101
000000000000000000000001100000100100110
000000000000000000000001100000111101111
000000000000000000000001100001010111000
000000000000000000000001100001110000001
000000000000000000000001100010001001010
000000000000000000000001100010100010011
000000000000000000000001100010111011100
000000000000000000000001100011010100101
000000000000000000000001100011101101110
000000000000000000000001100100000110111
