000000000000000000000000000000000000000
111111111111111111111111111111100000110
111111111111111111111111111111000001100
111111111111111111111111111110100010010
111111111111111111111111111110000011000
111111111111111111111111111101100011110
111111111111111111111111111101000100100
111111111111111111111111111100100101010
111111111111111111111111111100000110000
111111111111111111111111111011100110110
111111111111111111111111111011000111100
111111111111111111111111111010101000010
111111111111111111111111111010001001000
111111111111111111111111111001101001110
111111111111111111111111111001001010100
111111111111111111111111111000101011010
111111111111111111111111111000001100000
111111111111111111111111110111101100110
111111111111111111111111110111001101100
111111111111111111111111110110101110010
111111111111111111111111110110001111000
111111111111111111111111110101101111110
111111111111111111111111110101010000100
111111111111111111111111110100110001010
111111111111111111111111110100010010000
111111111111111111111111110011110010110
111111111111111111111111110011010011100
111111111111111111111111110010110100010
111111111111111111111111110010010101000
111111111111111111111111110001110101110
111111111111111111111111110001010110100
111111111111111111111111110000110111010
111111111111111111111111110000011000000
111111111111111111111111101111111000110
111111111111111111111111101111011001100
111111111111111111111111101110111010010
111111111111111111111111101110011011000
111111111111111111111111101101111011110
111111111111111111111111101101011100100
111111111111111111111111101100111101010
111111111111111111111111101100011110000
111111111111111111111111101011111110110
111111111111111111111111101011011111100
111111111111111111111111101011000000010
111111111111111111111111101010100001000
111111111111111111111111101010000001110
111111111111111111111111101001100010100
111111111111111111111111101001000011010
111111111111111111111111101000100100000
111111111111111111111111101000000100110
111111111111111111111111100111100101100
111111111111111111111111100111000110010
111111111111111111111111100110100111000
111111111111111111111111100110000111110
111111111111111111111111100101101000100
111111111111111111111111100101001001010
111111111111111111111111100100101010000
111111111111111111111111100100001010110
111111111111111111111111100011101011100
111111111111111111111111100011001100010
111111111111111111111111100010101101000
111111111111111111111111100010001101110
111111111111111111111111100001101110100
111111111111111111111111100001001111010
111111111111111111111111100000110000000
111111111111111111111111100000010000110
111111111111111111111111011111110001100
111111111111111111111111011111010010010
111111111111111111111111011110110011000
111111111111111111111111011110010011110
111111111111111111111111011101110100100
111111111111111111111111011101010101010
111111111111111111111111011100110110000
111111111111111111111111011100010110110
111111111111111111111111011011110111100
111111111111111111111111011011011000010
111111111111111111111111011010111001000
111111111111111111111111011010011001110
111111111111111111111111011001111010100
111111111111111111111111011001011011010
111111111111111111111111011000111100000
111111111111111111111111011000011100110
111111111111111111111111010111111101100
111111111111111111111111010111011110010
111111111111111111111111010110111111000
111111111111111111111111010110011111110
111111111111111111111111010110000000100
111111111111111111111111010101100001010
111111111111111111111111010101000010000
111111111111111111111111010100100010110
111111111111111111111111010100000011100
111111111111111111111111010011100100010
111111111111111111111111010011000101000
111111111111111111111111010010100101110
111111111111111111111111010010000110100
111111111111111111111111010001100111010
111111111111111111111111010001001000000
111111111111111111111111010000101000110
111111111111111111111111010000001001100
111111111111111111111111001111101010010
111111111111111111111111001111001011000
111111111111111111111111001110101011110
111111111111111111111111001110001100100
111111111111111111111111001101101101010
111111111111111111111111001101001110000
111111111111111111111111001100101110110
111111111111111111111111001100001111100
111111111111111111111111001011110000010
111111111111111111111111001011010001000
111111111111111111111111001010110001110
111111111111111111111111001010010010100
111111111111111111111111001001110011010
111111111111111111111111001001010100000
111111111111111111111111001000110100110
111111111111111111111111001000010101100
111111111111111111111111000111110110010
111111111111111111111111000111010111000
111111111111111111111111000110110111110
111111111111111111111111000110011000100
111111111111111111111111000101111001010
111111111111111111111111000101011010000
111111111111111111111111000100111010110
111111111111111111111111000100011011100
111111111111111111111111000011111100010
111111111111111111111111000011011101000
111111111111111111111111000010111101110
111111111111111111111111000010011110100
111111111111111111111111000001111111010
111111111111111111111111000001100000000
111111111111111111111111000001000000110
111111111111111111111111000000100001100
111111111111111111111111000000000010010
111111111111111111111110111111100011000
111111111111111111111110111111000011110
111111111111111111111110111110100100100
111111111111111111111110111110000101010
111111111111111111111110111101100110000
111111111111111111111110111101000110110
111111111111111111111110111100100111100
111111111111111111111110111100001000010
111111111111111111111110111011101001000
111111111111111111111110111011001001110
111111111111111111111110111010101010100
111111111111111111111110111010001011010
111111111111111111111110111001101100000
111111111111111111111110111001001100110
111111111111111111111110111000101101100
111111111111111111111110111000001110010
111111111111111111111110110111101111000
111111111111111111111110110111001111110
111111111111111111111110110110110000100
111111111111111111111110110110010001010
111111111111111111111110110101110010000
111111111111111111111110110101010010110
111111111111111111111110110100110011100
111111111111111111111110110100010100010
111111111111111111111110110011110101000
111111111111111111111110110011010101110
111111111111111111111110110010110110100
111111111111111111111110110010010111010
111111111111111111111110110001111000000
111111111111111111111110110001011000110
111111111111111111111110110000111001100
111111111111111111111110110000011010010
111111111111111111111110101111111011000
111111111111111111111110101111011011110
111111111111111111111110101110111100100
111111111111111111111110101110011101010
111111111111111111111110101101111110000
111111111111111111111110101101011110110
111111111111111111111110101100111111100
111111111111111111111110101100100000010
111111111111111111111110101100000001000
111111111111111111111110101011100001110
111111111111111111111110101011000010100
111111111111111111111110101010100011010
111111111111111111111110101010000100000
111111111111111111111110101001100100110
111111111111111111111110101001000101100
111111111111111111111110101000100110010
111111111111111111111110101000000111000
111111111111111111111110100111100111110
111111111111111111111110100111001000100
111111111111111111111110100110101001010
111111111111111111111110100110001010000
111111111111111111111110100101101010110
111111111111111111111110100101001011100
111111111111111111111110100100101100010
111111111111111111111110100100001101000
111111111111111111111110100011101101110
111111111111111111111110100011001110100
111111111111111111111110100010101111010
111111111111111111111110100010010000000
111111111111111111111110100001110000110
111111111111111111111110100001010001100
111111111111111111111110100000110010010
111111111111111111111110100000010011000
111111111111111111111110011111110011110
111111111111111111111110011111010100100
111111111111111111111110011110110101010
111111111111111111111110011110010110000
111111111111111111111110011101110110110
111111111111111111111110011101010111100
111111111111111111111110011100111000010
111111111111111111111110011100011001000
111111111111111111111110011011111001110
111111111111111111111110011011011010100
111111111111111111111110011010111011010
111111111111111111111110011010011100000
111111111111111111111110011001111100110
111111111111111111111110011001011101100
111111111111111111111110011000111110010
111111111111111111111110011000011111000
111111111111111111111110010111111111110
111111111111111111111110010111100000100
111111111111111111111110010111000001010
111111111111111111111110010110100010000
111111111111111111111110010110000010110
111111111111111111111110010101100011100
111111111111111111111110010101000100010
111111111111111111111110010100100101000
111111111111111111111110010100000101110
111111111111111111111110010011100110100
111111111111111111111110010011000111010
111111111111111111111110010010101000000
111111111111111111111110010010001000110
111111111111111111111110010001101001100
111111111111111111111110010001001010010
111111111111111111111110010000101011000
111111111111111111111110010000001011110
111111111111111111111110001111101100100
111111111111111111111110001111001101010
111111111111111111111110001110101110000
111111111111111111111110001110001110110
111111111111111111111110001101101111100
111111111111111111111110001101010000010
111111111111111111111110001100110001000
111111111111111111111110001100010001110
111111111111111111111110001011110010100
111111111111111111111110001011010011010
111111111111111111111110001010110100000
111111111111111111111110001010010100110
111111111111111111111110001001110101100
111111111111111111111110001001010110010
111111111111111111111110001000110111000
111111111111111111111110001000010111110
111111111111111111111110000111111000100
111111111111111111111110000111011001010
111111111111111111111110000110111010000
111111111111111111111110000110011010110
111111111111111111111110000101111011100
111111111111111111111110000101011100010
111111111111111111111110000100111101000
111111111111111111111110000100011101110
111111111111111111111110000011111110100
111111111111111111111110000011011111010
