000000000000000000000000000000000000000
111111111111111111111111111111110101001
111111111111111111111111111111101010010
111111111111111111111111111111011111011
111111111111111111111111111111010100100
111111111111111111111111111111001001101
111111111111111111111111111110111110110
111111111111111111111111111110110011111
111111111111111111111111111110101001000
111111111111111111111111111110011110001
111111111111111111111111111110010011010
111111111111111111111111111110001000011
111111111111111111111111111101111101100
111111111111111111111111111101110010101
111111111111111111111111111101100111110
111111111111111111111111111101011100111
111111111111111111111111111101010010000
111111111111111111111111111101000111001
111111111111111111111111111100111100010
111111111111111111111111111100110001011
111111111111111111111111111100100110100
111111111111111111111111111100011011101
111111111111111111111111111100010000110
111111111111111111111111111100000101111
111111111111111111111111111011111011000
111111111111111111111111111011110000001
111111111111111111111111111011100101010
111111111111111111111111111011011010011
111111111111111111111111111011001111100
111111111111111111111111111011000100101
111111111111111111111111111010111001110
111111111111111111111111111010101110111
111111111111111111111111111010100100000
111111111111111111111111111010011001001
111111111111111111111111111010001110010
111111111111111111111111111010000011011
111111111111111111111111111001111000100
111111111111111111111111111001101101101
111111111111111111111111111001100010110
111111111111111111111111111001010111111
111111111111111111111111111001001101000
111111111111111111111111111001000010001
111111111111111111111111111000110111010
111111111111111111111111111000101100011
111111111111111111111111111000100001100
111111111111111111111111111000010110101
111111111111111111111111111000001011110
111111111111111111111111111000000000111
111111111111111111111111110111110110000
111111111111111111111111110111101011001
111111111111111111111111110111100000010
111111111111111111111111110111010101011
111111111111111111111111110111001010100
111111111111111111111111110110111111101
111111111111111111111111110110110100110
111111111111111111111111110110101001111
111111111111111111111111110110011111000
111111111111111111111111110110010100001
111111111111111111111111110110001001010
111111111111111111111111110101111110011
111111111111111111111111110101110011100
111111111111111111111111110101101000101
111111111111111111111111110101011101110
111111111111111111111111110101010010111
111111111111111111111111110101001000000
111111111111111111111111110100111101001
111111111111111111111111110100110010010
111111111111111111111111110100100111011
111111111111111111111111110100011100100
111111111111111111111111110100010001101
111111111111111111111111110100000110110
111111111111111111111111110011111011111
111111111111111111111111110011110001000
111111111111111111111111110011100110001
111111111111111111111111110011011011010
111111111111111111111111110011010000011
111111111111111111111111110011000101100
111111111111111111111111110010111010101
111111111111111111111111110010101111110
111111111111111111111111110010100100111
111111111111111111111111110010011010000
111111111111111111111111110010001111001
111111111111111111111111110010000100010
111111111111111111111111110001111001011
111111111111111111111111110001101110100
111111111111111111111111110001100011101
111111111111111111111111110001011000110
111111111111111111111111110001001101111
111111111111111111111111110001000011000
111111111111111111111111110000111000001
111111111111111111111111110000101101010
111111111111111111111111110000100010011
111111111111111111111111110000010111100
111111111111111111111111110000001100101
111111111111111111111111110000000001110
111111111111111111111111101111110110111
111111111111111111111111101111101100000
111111111111111111111111101111100001001
111111111111111111111111101111010110010
111111111111111111111111101111001011011
111111111111111111111111101111000000100
111111111111111111111111101110110101101
111111111111111111111111101110101010110
111111111111111111111111101110011111111
111111111111111111111111101110010101000
111111111111111111111111101110001010001
111111111111111111111111101101111111010
111111111111111111111111101101110100011
111111111111111111111111101101101001100
111111111111111111111111101101011110101
111111111111111111111111101101010011110
111111111111111111111111101101001000111
111111111111111111111111101100111110000
111111111111111111111111101100110011001
111111111111111111111111101100101000010
111111111111111111111111101100011101011
111111111111111111111111101100010010100
111111111111111111111111101100000111101
111111111111111111111111101011111100110
111111111111111111111111101011110001111
111111111111111111111111101011100111000
111111111111111111111111101011011100001
111111111111111111111111101011010001010
111111111111111111111111101011000110011
111111111111111111111111101010111011100
111111111111111111111111101010110000101
111111111111111111111111101010100101110
111111111111111111111111101010011010111
111111111111111111111111101010010000000
111111111111111111111111101010000101001
111111111111111111111111101001111010010
111111111111111111111111101001101111011
111111111111111111111111101001100100100
111111111111111111111111101001011001101
111111111111111111111111101001001110110
111111111111111111111111101001000011111
111111111111111111111111101000111001000
111111111111111111111111101000101110001
111111111111111111111111101000100011010
111111111111111111111111101000011000011
111111111111111111111111101000001101100
111111111111111111111111101000000010101
111111111111111111111111100111110111110
111111111111111111111111100111101100111
111111111111111111111111100111100010000
111111111111111111111111100111010111001
111111111111111111111111100111001100010
111111111111111111111111100111000001011
111111111111111111111111100110110110100
111111111111111111111111100110101011101
111111111111111111111111100110100000110
111111111111111111111111100110010101111
111111111111111111111111100110001011000
111111111111111111111111100110000000001
111111111111111111111111100101110101010
111111111111111111111111100101101010011
111111111111111111111111100101011111100
111111111111111111111111100101010100101
111111111111111111111111100101001001110
111111111111111111111111100100111110111
111111111111111111111111100100110100000
111111111111111111111111100100101001001
111111111111111111111111100100011110010
111111111111111111111111100100010011011
111111111111111111111111100100001000100
111111111111111111111111100011111101101
111111111111111111111111100011110010110
111111111111111111111111100011100111111
111111111111111111111111100011011101000
111111111111111111111111100011010010001
111111111111111111111111100011000111010
111111111111111111111111100010111100011
111111111111111111111111100010110001100
111111111111111111111111100010100110101
111111111111111111111111100010011011110
111111111111111111111111100010010000111
111111111111111111111111100010000110000
111111111111111111111111100001111011001
111111111111111111111111100001110000010
111111111111111111111111100001100101011
111111111111111111111111100001011010100
111111111111111111111111100001001111101
111111111111111111111111100001000100110
111111111111111111111111100000111001111
111111111111111111111111100000101111000
111111111111111111111111100000100100001
111111111111111111111111100000011001010
111111111111111111111111100000001110011
111111111111111111111111100000000011100
111111111111111111111111011111111000101
111111111111111111111111011111101101110
111111111111111111111111011111100010111
111111111111111111111111011111011000000
111111111111111111111111011111001101001
111111111111111111111111011111000010010
111111111111111111111111011110110111011
111111111111111111111111011110101100100
111111111111111111111111011110100001101
111111111111111111111111011110010110110
111111111111111111111111011110001011111
111111111111111111111111011110000001000
111111111111111111111111011101110110001
111111111111111111111111011101101011010
111111111111111111111111011101100000011
111111111111111111111111011101010101100
111111111111111111111111011101001010101
111111111111111111111111011100111111110
111111111111111111111111011100110100111
111111111111111111111111011100101010000
111111111111111111111111011100011111001
111111111111111111111111011100010100010
111111111111111111111111011100001001011
111111111111111111111111011011111110100
111111111111111111111111011011110011101
111111111111111111111111011011101000110
111111111111111111111111011011011101111
111111111111111111111111011011010011000
111111111111111111111111011011001000001
111111111111111111111111011010111101010
111111111111111111111111011010110010011
111111111111111111111111011010100111100
111111111111111111111111011010011100101
111111111111111111111111011010010001110
111111111111111111111111011010000110111
111111111111111111111111011001111100000
111111111111111111111111011001110001001
111111111111111111111111011001100110010
111111111111111111111111011001011011011
111111111111111111111111011001010000100
111111111111111111111111011001000101101
111111111111111111111111011000111010110
111111111111111111111111011000101111111
111111111111111111111111011000100101000
111111111111111111111111011000011010001
111111111111111111111111011000001111010
111111111111111111111111011000000100011
111111111111111111111111010111111001100
111111111111111111111111010111101110101
111111111111111111111111010111100011110
111111111111111111111111010111011000111
111111111111111111111111010111001110000
111111111111111111111111010111000011001
111111111111111111111111010110111000010
111111111111111111111111010110101101011
111111111111111111111111010110100010100
111111111111111111111111010110010111101
111111111111111111111111010110001100110
111111111111111111111111010110000001111
111111111111111111111111010101110111000
111111111111111111111111010101101100001
111111111111111111111111010101100001010
111111111111111111111111010101010110011
111111111111111111111111010101001011100
111111111111111111111111010101000000101
111111111111111111111111010100110101110
111111111111111111111111010100101010111
