000000000000000000000000000000000000000
000000000000000000000000000000011111011
000000000000000000000000000000111110110
000000000000000000000000000001011110001
000000000000000000000000000001111101100
000000000000000000000000000010011100111
000000000000000000000000000010111100010
000000000000000000000000000011011011101
000000000000000000000000000011111011000
000000000000000000000000000100011010011
000000000000000000000000000100111001110
000000000000000000000000000101011001001
000000000000000000000000000101111000100
000000000000000000000000000110010111111
000000000000000000000000000110110111010
000000000000000000000000000111010110101
000000000000000000000000000111110110000
000000000000000000000000001000010101011
000000000000000000000000001000110100110
000000000000000000000000001001010100001
000000000000000000000000001001110011100
000000000000000000000000001010010010111
000000000000000000000000001010110010010
000000000000000000000000001011010001101
000000000000000000000000001011110001000
000000000000000000000000001100010000011
000000000000000000000000001100101111110
000000000000000000000000001101001111001
000000000000000000000000001101101110100
000000000000000000000000001110001101111
000000000000000000000000001110101101010
000000000000000000000000001111001100101
000000000000000000000000001111101100000
000000000000000000000000010000001011011
000000000000000000000000010000101010110
000000000000000000000000010001001010001
000000000000000000000000010001101001100
000000000000000000000000010010001000111
000000000000000000000000010010101000010
000000000000000000000000010011000111101
000000000000000000000000010011100111000
000000000000000000000000010100000110011
000000000000000000000000010100100101110
000000000000000000000000010101000101001
000000000000000000000000010101100100100
000000000000000000000000010110000011111
000000000000000000000000010110100011010
000000000000000000000000010111000010101
000000000000000000000000010111100010000
000000000000000000000000011000000001011
000000000000000000000000011000100000110
000000000000000000000000011001000000001
000000000000000000000000011001011111100
000000000000000000000000011001111110111
000000000000000000000000011010011110010
000000000000000000000000011010111101101
000000000000000000000000011011011101000
000000000000000000000000011011111100011
000000000000000000000000011100011011110
000000000000000000000000011100111011001
000000000000000000000000011101011010100
000000000000000000000000011101111001111
000000000000000000000000011110011001010
000000000000000000000000011110111000101
000000000000000000000000011111011000000
000000000000000000000000011111110111011
000000000000000000000000100000010110110
000000000000000000000000100000110110001
000000000000000000000000100001010101100
000000000000000000000000100001110100111
000000000000000000000000100010010100010
000000000000000000000000100010110011101
000000000000000000000000100011010011000
000000000000000000000000100011110010011
000000000000000000000000100100010001110
000000000000000000000000100100110001001
000000000000000000000000100101010000100
000000000000000000000000100101101111111
000000000000000000000000100110001111010
000000000000000000000000100110101110101
000000000000000000000000100111001110000
000000000000000000000000100111101101011
000000000000000000000000101000001100110
000000000000000000000000101000101100001
000000000000000000000000101001001011100
000000000000000000000000101001101010111
000000000000000000000000101010001010010
000000000000000000000000101010101001101
000000000000000000000000101011001001000
000000000000000000000000101011101000011
000000000000000000000000101100000111110
000000000000000000000000101100100111001
000000000000000000000000101101000110100
000000000000000000000000101101100101111
000000000000000000000000101110000101010
000000000000000000000000101110100100101
000000000000000000000000101111000100000
000000000000000000000000101111100011011
000000000000000000000000110000000010110
000000000000000000000000110000100010001
000000000000000000000000110001000001100
000000000000000000000000110001100000111
000000000000000000000000110010000000010
000000000000000000000000110010011111101
000000000000000000000000110010111111000
000000000000000000000000110011011110011
000000000000000000000000110011111101110
000000000000000000000000110100011101001
000000000000000000000000110100111100100
000000000000000000000000110101011011111
000000000000000000000000110101111011010
000000000000000000000000110110011010101
000000000000000000000000110110111010000
000000000000000000000000110111011001011
000000000000000000000000110111111000110
000000000000000000000000111000011000001
000000000000000000000000111000110111100
000000000000000000000000111001010110111
000000000000000000000000111001110110010
000000000000000000000000111010010101101
000000000000000000000000111010110101000
000000000000000000000000111011010100011
000000000000000000000000111011110011110
000000000000000000000000111100010011001
000000000000000000000000111100110010100
000000000000000000000000111101010001111
000000000000000000000000111101110001010
000000000000000000000000111110010000101
000000000000000000000000111110110000000
000000000000000000000000111111001111011
000000000000000000000000111111101110110
000000000000000000000001000000001110001
000000000000000000000001000000101101100
000000000000000000000001000001001100111
000000000000000000000001000001101100010
000000000000000000000001000010001011101
000000000000000000000001000010101011000
000000000000000000000001000011001010011
000000000000000000000001000011101001110
000000000000000000000001000100001001001
000000000000000000000001000100101000100
000000000000000000000001000101000111111
000000000000000000000001000101100111010
000000000000000000000001000110000110101
000000000000000000000001000110100110000
000000000000000000000001000111000101011
000000000000000000000001000111100100110
000000000000000000000001001000000100001
000000000000000000000001001000100011100
000000000000000000000001001001000010111
000000000000000000000001001001100010010
000000000000000000000001001010000001101
000000000000000000000001001010100001000
000000000000000000000001001011000000011
000000000000000000000001001011011111110
000000000000000000000001001011111111001
000000000000000000000001001100011110100
000000000000000000000001001100111101111
000000000000000000000001001101011101010
000000000000000000000001001101111100101
000000000000000000000001001110011100000
000000000000000000000001001110111011011
000000000000000000000001001111011010110
000000000000000000000001001111111010001
000000000000000000000001010000011001100
000000000000000000000001010000111000111
000000000000000000000001010001011000010
000000000000000000000001010001110111101
000000000000000000000001010010010111000
000000000000000000000001010010110110011
000000000000000000000001010011010101110
000000000000000000000001010011110101001
000000000000000000000001010100010100100
000000000000000000000001010100110011111
000000000000000000000001010101010011010
000000000000000000000001010101110010101
000000000000000000000001010110010010000
000000000000000000000001010110110001011
000000000000000000000001010111010000110
000000000000000000000001010111110000001
000000000000000000000001011000001111100
000000000000000000000001011000101110111
000000000000000000000001011001001110010
000000000000000000000001011001101101101
000000000000000000000001011010001101000
000000000000000000000001011010101100011
000000000000000000000001011011001011110
000000000000000000000001011011101011001
000000000000000000000001011100001010100
000000000000000000000001011100101001111
000000000000000000000001011101001001010
000000000000000000000001011101101000101
000000000000000000000001011110001000000
000000000000000000000001011110100111011
000000000000000000000001011111000110110
000000000000000000000001011111100110001
000000000000000000000001100000000101100
000000000000000000000001100000100100111
000000000000000000000001100001000100010
000000000000000000000001100001100011101
000000000000000000000001100010000011000
000000000000000000000001100010100010011
000000000000000000000001100011000001110
000000000000000000000001100011100001001
000000000000000000000001100100000000100
000000000000000000000001100100011111111
000000000000000000000001100100111111010
000000000000000000000001100101011110101
000000000000000000000001100101111110000
000000000000000000000001100110011101011
000000000000000000000001100110111100110
000000000000000000000001100111011100001
000000000000000000000001100111111011100
000000000000000000000001101000011010111
000000000000000000000001101000111010010
000000000000000000000001101001011001101
000000000000000000000001101001111001000
000000000000000000000001101010011000011
000000000000000000000001101010110111110
000000000000000000000001101011010111001
000000000000000000000001101011110110100
000000000000000000000001101100010101111
000000000000000000000001101100110101010
000000000000000000000001101101010100101
000000000000000000000001101101110100000
000000000000000000000001101110010011011
000000000000000000000001101110110010110
000000000000000000000001101111010010001
000000000000000000000001101111110001100
000000000000000000000001110000010000111
000000000000000000000001110000110000010
000000000000000000000001110001001111101
000000000000000000000001110001101111000
000000000000000000000001110010001110011
000000000000000000000001110010101101110
000000000000000000000001110011001101001
000000000000000000000001110011101100100
000000000000000000000001110100001011111
000000000000000000000001110100101011010
000000000000000000000001110101001010101
000000000000000000000001110101101010000
000000000000000000000001110110001001011
000000000000000000000001110110101000110
000000000000000000000001110111001000001
000000000000000000000001110111100111100
000000000000000000000001111000000110111
000000000000000000000001111000100110010
000000000000000000000001111001000101101
000000000000000000000001111001100101000
000000000000000000000001111010000100011
000000000000000000000001111010100011110
000000000000000000000001111011000011001
000000000000000000000001111011100010100
000000000000000000000001111100000001111
000000000000000000000001111100100001010
000000000000000000000001111101000000101
