000000000000000000000000000000000000000
000000000000000000000000000000000101011
000000000000000000000000000000001010110
000000000000000000000000000000010000001
000000000000000000000000000000010101100
000000000000000000000000000000011010111
000000000000000000000000000000100000010
000000000000000000000000000000100101101
000000000000000000000000000000101011000
000000000000000000000000000000110000011
000000000000000000000000000000110101110
000000000000000000000000000000111011001
000000000000000000000000000001000000100
000000000000000000000000000001000101111
000000000000000000000000000001001011010
000000000000000000000000000001010000101
000000000000000000000000000001010110000
000000000000000000000000000001011011011
000000000000000000000000000001100000110
000000000000000000000000000001100110001
000000000000000000000000000001101011100
000000000000000000000000000001110000111
000000000000000000000000000001110110010
000000000000000000000000000001111011101
000000000000000000000000000010000001000
000000000000000000000000000010000110011
000000000000000000000000000010001011110
000000000000000000000000000010010001001
000000000000000000000000000010010110100
000000000000000000000000000010011011111
000000000000000000000000000010100001010
000000000000000000000000000010100110101
000000000000000000000000000010101100000
000000000000000000000000000010110001011
000000000000000000000000000010110110110
000000000000000000000000000010111100001
000000000000000000000000000011000001100
000000000000000000000000000011000110111
000000000000000000000000000011001100010
000000000000000000000000000011010001101
000000000000000000000000000011010111000
000000000000000000000000000011011100011
000000000000000000000000000011100001110
000000000000000000000000000011100111001
000000000000000000000000000011101100100
000000000000000000000000000011110001111
000000000000000000000000000011110111010
000000000000000000000000000011111100101
000000000000000000000000000100000010000
000000000000000000000000000100000111011
000000000000000000000000000100001100110
000000000000000000000000000100010010001
000000000000000000000000000100010111100
000000000000000000000000000100011100111
000000000000000000000000000100100010010
000000000000000000000000000100100111101
000000000000000000000000000100101101000
000000000000000000000000000100110010011
000000000000000000000000000100110111110
000000000000000000000000000100111101001
000000000000000000000000000101000010100
000000000000000000000000000101000111111
000000000000000000000000000101001101010
000000000000000000000000000101010010101
000000000000000000000000000101011000000
000000000000000000000000000101011101011
000000000000000000000000000101100010110
000000000000000000000000000101101000001
000000000000000000000000000101101101100
000000000000000000000000000101110010111
000000000000000000000000000101111000010
000000000000000000000000000101111101101
000000000000000000000000000110000011000
000000000000000000000000000110001000011
000000000000000000000000000110001101110
000000000000000000000000000110010011001
000000000000000000000000000110011000100
000000000000000000000000000110011101111
000000000000000000000000000110100011010
000000000000000000000000000110101000101
000000000000000000000000000110101110000
000000000000000000000000000110110011011
000000000000000000000000000110111000110
000000000000000000000000000110111110001
000000000000000000000000000111000011100
000000000000000000000000000111001000111
000000000000000000000000000111001110010
000000000000000000000000000111010011101
000000000000000000000000000111011001000
000000000000000000000000000111011110011
000000000000000000000000000111100011110
000000000000000000000000000111101001001
000000000000000000000000000111101110100
000000000000000000000000000111110011111
000000000000000000000000000111111001010
000000000000000000000000000111111110101
000000000000000000000000001000000100000
000000000000000000000000001000001001011
000000000000000000000000001000001110110
000000000000000000000000001000010100001
000000000000000000000000001000011001100
000000000000000000000000001000011110111
000000000000000000000000001000100100010
000000000000000000000000001000101001101
000000000000000000000000001000101111000
000000000000000000000000001000110100011
000000000000000000000000001000111001110
000000000000000000000000001000111111001
000000000000000000000000001001000100100
000000000000000000000000001001001001111
000000000000000000000000001001001111010
000000000000000000000000001001010100101
000000000000000000000000001001011010000
000000000000000000000000001001011111011
000000000000000000000000001001100100110
000000000000000000000000001001101010001
000000000000000000000000001001101111100
000000000000000000000000001001110100111
000000000000000000000000001001111010010
000000000000000000000000001001111111101
000000000000000000000000001010000101000
000000000000000000000000001010001010011
000000000000000000000000001010001111110
000000000000000000000000001010010101001
000000000000000000000000001010011010100
000000000000000000000000001010011111111
000000000000000000000000001010100101010
000000000000000000000000001010101010101
000000000000000000000000001010110000000
000000000000000000000000001010110101011
000000000000000000000000001010111010110
000000000000000000000000001011000000001
000000000000000000000000001011000101100
000000000000000000000000001011001010111
000000000000000000000000001011010000010
000000000000000000000000001011010101101
000000000000000000000000001011011011000
000000000000000000000000001011100000011
000000000000000000000000001011100101110
000000000000000000000000001011101011001
000000000000000000000000001011110000100
000000000000000000000000001011110101111
000000000000000000000000001011111011010
000000000000000000000000001100000000101
000000000000000000000000001100000110000
000000000000000000000000001100001011011
000000000000000000000000001100010000110
000000000000000000000000001100010110001
000000000000000000000000001100011011100
000000000000000000000000001100100000111
000000000000000000000000001100100110010
000000000000000000000000001100101011101
000000000000000000000000001100110001000
000000000000000000000000001100110110011
000000000000000000000000001100111011110
000000000000000000000000001101000001001
000000000000000000000000001101000110100
000000000000000000000000001101001011111
000000000000000000000000001101010001010
000000000000000000000000001101010110101
000000000000000000000000001101011100000
000000000000000000000000001101100001011
000000000000000000000000001101100110110
000000000000000000000000001101101100001
000000000000000000000000001101110001100
000000000000000000000000001101110110111
000000000000000000000000001101111100010
000000000000000000000000001110000001101
000000000000000000000000001110000111000
000000000000000000000000001110001100011
000000000000000000000000001110010001110
000000000000000000000000001110010111001
000000000000000000000000001110011100100
000000000000000000000000001110100001111
000000000000000000000000001110100111010
000000000000000000000000001110101100101
000000000000000000000000001110110010000
000000000000000000000000001110110111011
000000000000000000000000001110111100110
000000000000000000000000001111000010001
000000000000000000000000001111000111100
000000000000000000000000001111001100111
000000000000000000000000001111010010010
000000000000000000000000001111010111101
000000000000000000000000001111011101000
000000000000000000000000001111100010011
000000000000000000000000001111100111110
000000000000000000000000001111101101001
000000000000000000000000001111110010100
000000000000000000000000001111110111111
000000000000000000000000001111111101010
000000000000000000000000010000000010101
000000000000000000000000010000001000000
000000000000000000000000010000001101011
000000000000000000000000010000010010110
000000000000000000000000010000011000001
000000000000000000000000010000011101100
000000000000000000000000010000100010111
000000000000000000000000010000101000010
000000000000000000000000010000101101101
000000000000000000000000010000110011000
000000000000000000000000010000111000011
000000000000000000000000010000111101110
000000000000000000000000010001000011001
000000000000000000000000010001001000100
000000000000000000000000010001001101111
000000000000000000000000010001010011010
000000000000000000000000010001011000101
000000000000000000000000010001011110000
000000000000000000000000010001100011011
000000000000000000000000010001101000110
000000000000000000000000010001101110001
000000000000000000000000010001110011100
000000000000000000000000010001111000111
000000000000000000000000010001111110010
000000000000000000000000010010000011101
000000000000000000000000010010001001000
000000000000000000000000010010001110011
000000000000000000000000010010010011110
000000000000000000000000010010011001001
000000000000000000000000010010011110100
000000000000000000000000010010100011111
000000000000000000000000010010101001010
000000000000000000000000010010101110101
000000000000000000000000010010110100000
000000000000000000000000010010111001011
000000000000000000000000010010111110110
000000000000000000000000010011000100001
000000000000000000000000010011001001100
000000000000000000000000010011001110111
000000000000000000000000010011010100010
000000000000000000000000010011011001101
000000000000000000000000010011011111000
000000000000000000000000010011100100011
000000000000000000000000010011101001110
000000000000000000000000010011101111001
000000000000000000000000010011110100100
000000000000000000000000010011111001111
000000000000000000000000010011111111010
000000000000000000000000010100000100101
000000000000000000000000010100001010000
000000000000000000000000010100001111011
000000000000000000000000010100010100110
000000000000000000000000010100011010001
000000000000000000000000010100011111100
000000000000000000000000010100100100111
000000000000000000000000010100101010010
000000000000000000000000010100101111101
000000000000000000000000010100110101000
000000000000000000000000010100111010011
000000000000000000000000010100111111110
000000000000000000000000010101000101001
000000000000000000000000010101001010100
000000000000000000000000010101001111111
000000000000000000000000010101010101010
000000000000000000000000010101011010101
