000000000000000000000000000000000000000
111111111111111111111111111111100101011
111111111111111111111111111111001010110
111111111111111111111111111110110000001
111111111111111111111111111110010101100
111111111111111111111111111101111010111
111111111111111111111111111101100000010
111111111111111111111111111101000101101
111111111111111111111111111100101011000
111111111111111111111111111100010000011
111111111111111111111111111011110101110
111111111111111111111111111011011011001
111111111111111111111111111011000000100
111111111111111111111111111010100101111
111111111111111111111111111010001011010
111111111111111111111111111001110000101
111111111111111111111111111001010110000
111111111111111111111111111000111011011
111111111111111111111111111000100000110
111111111111111111111111111000000110001
111111111111111111111111110111101011100
111111111111111111111111110111010000111
111111111111111111111111110110110110010
111111111111111111111111110110011011101
111111111111111111111111110110000001000
111111111111111111111111110101100110011
111111111111111111111111110101001011110
111111111111111111111111110100110001001
111111111111111111111111110100010110100
111111111111111111111111110011111011111
111111111111111111111111110011100001010
111111111111111111111111110011000110101
111111111111111111111111110010101100000
111111111111111111111111110010010001011
111111111111111111111111110001110110110
111111111111111111111111110001011100001
111111111111111111111111110001000001100
111111111111111111111111110000100110111
111111111111111111111111110000001100010
111111111111111111111111101111110001101
111111111111111111111111101111010111000
111111111111111111111111101110111100011
111111111111111111111111101110100001110
111111111111111111111111101110000111001
111111111111111111111111101101101100100
111111111111111111111111101101010001111
111111111111111111111111101100110111010
111111111111111111111111101100011100101
111111111111111111111111101100000010000
111111111111111111111111101011100111011
111111111111111111111111101011001100110
111111111111111111111111101010110010001
111111111111111111111111101010010111100
111111111111111111111111101001111100111
111111111111111111111111101001100010010
111111111111111111111111101001000111101
111111111111111111111111101000101101000
111111111111111111111111101000010010011
111111111111111111111111100111110111110
111111111111111111111111100111011101001
111111111111111111111111100111000010100
111111111111111111111111100110100111111
111111111111111111111111100110001101010
111111111111111111111111100101110010101
111111111111111111111111100101011000000
111111111111111111111111100100111101011
111111111111111111111111100100100010110
111111111111111111111111100100001000001
111111111111111111111111100011101101100
111111111111111111111111100011010010111
111111111111111111111111100010111000010
111111111111111111111111100010011101101
111111111111111111111111100010000011000
111111111111111111111111100001101000011
111111111111111111111111100001001101110
111111111111111111111111100000110011001
111111111111111111111111100000011000100
111111111111111111111111011111111101111
111111111111111111111111011111100011010
111111111111111111111111011111001000101
111111111111111111111111011110101110000
111111111111111111111111011110010011011
111111111111111111111111011101111000110
111111111111111111111111011101011110001
111111111111111111111111011101000011100
111111111111111111111111011100101000111
111111111111111111111111011100001110010
111111111111111111111111011011110011101
111111111111111111111111011011011001000
111111111111111111111111011010111110011
111111111111111111111111011010100011110
111111111111111111111111011010001001001
111111111111111111111111011001101110100
111111111111111111111111011001010011111
111111111111111111111111011000111001010
111111111111111111111111011000011110101
111111111111111111111111011000000100000
111111111111111111111111010111101001011
111111111111111111111111010111001110110
111111111111111111111111010110110100001
111111111111111111111111010110011001100
111111111111111111111111010101111110111
111111111111111111111111010101100100010
111111111111111111111111010101001001101
111111111111111111111111010100101111000
111111111111111111111111010100010100011
111111111111111111111111010011111001110
111111111111111111111111010011011111001
111111111111111111111111010011000100100
111111111111111111111111010010101001111
111111111111111111111111010010001111010
111111111111111111111111010001110100101
111111111111111111111111010001011010000
111111111111111111111111010000111111011
111111111111111111111111010000100100110
111111111111111111111111010000001010001
111111111111111111111111001111101111100
111111111111111111111111001111010100111
111111111111111111111111001110111010010
111111111111111111111111001110011111101
111111111111111111111111001110000101000
111111111111111111111111001101101010011
111111111111111111111111001101001111110
111111111111111111111111001100110101001
111111111111111111111111001100011010100
111111111111111111111111001011111111111
111111111111111111111111001011100101010
111111111111111111111111001011001010101
111111111111111111111111001010110000000
111111111111111111111111001010010101011
111111111111111111111111001001111010110
111111111111111111111111001001100000001
111111111111111111111111001001000101100
111111111111111111111111001000101010111
111111111111111111111111001000010000010
111111111111111111111111000111110101101
111111111111111111111111000111011011000
111111111111111111111111000111000000011
111111111111111111111111000110100101110
111111111111111111111111000110001011001
111111111111111111111111000101110000100
111111111111111111111111000101010101111
111111111111111111111111000100111011010
111111111111111111111111000100100000101
111111111111111111111111000100000110000
111111111111111111111111000011101011011
111111111111111111111111000011010000110
111111111111111111111111000010110110001
111111111111111111111111000010011011100
111111111111111111111111000010000000111
111111111111111111111111000001100110010
111111111111111111111111000001001011101
111111111111111111111111000000110001000
111111111111111111111111000000010110011
111111111111111111111110111111111011110
111111111111111111111110111111100001001
111111111111111111111110111111000110100
111111111111111111111110111110101011111
111111111111111111111110111110010001010
111111111111111111111110111101110110101
111111111111111111111110111101011100000
111111111111111111111110111101000001011
111111111111111111111110111100100110110
111111111111111111111110111100001100001
111111111111111111111110111011110001100
111111111111111111111110111011010110111
111111111111111111111110111010111100010
111111111111111111111110111010100001101
111111111111111111111110111010000111000
111111111111111111111110111001101100011
111111111111111111111110111001010001110
111111111111111111111110111000110111001
111111111111111111111110111000011100100
111111111111111111111110111000000001111
111111111111111111111110110111100111010
111111111111111111111110110111001100101
111111111111111111111110110110110010000
111111111111111111111110110110010111011
111111111111111111111110110101111100110
111111111111111111111110110101100010001
111111111111111111111110110101000111100
111111111111111111111110110100101100111
111111111111111111111110110100010010010
111111111111111111111110110011110111101
111111111111111111111110110011011101000
111111111111111111111110110011000010011
111111111111111111111110110010100111110
111111111111111111111110110010001101001
111111111111111111111110110001110010100
111111111111111111111110110001010111111
111111111111111111111110110000111101010
111111111111111111111110110000100010101
111111111111111111111110110000001000000
111111111111111111111110101111101101011
111111111111111111111110101111010010110
111111111111111111111110101110111000001
111111111111111111111110101110011101100
111111111111111111111110101110000010111
111111111111111111111110101101101000010
111111111111111111111110101101001101101
111111111111111111111110101100110011000
111111111111111111111110101100011000011
111111111111111111111110101011111101110
111111111111111111111110101011100011001
111111111111111111111110101011001000100
111111111111111111111110101010101101111
111111111111111111111110101010010011010
111111111111111111111110101001111000101
111111111111111111111110101001011110000
111111111111111111111110101001000011011
111111111111111111111110101000101000110
111111111111111111111110101000001110001
111111111111111111111110100111110011100
111111111111111111111110100111011000111
111111111111111111111110100110111110010
111111111111111111111110100110100011101
111111111111111111111110100110001001000
111111111111111111111110100101101110011
111111111111111111111110100101010011110
111111111111111111111110100100111001001
111111111111111111111110100100011110100
111111111111111111111110100100000011111
111111111111111111111110100011101001010
111111111111111111111110100011001110101
111111111111111111111110100010110100000
111111111111111111111110100010011001011
111111111111111111111110100001111110110
111111111111111111111110100001100100001
111111111111111111111110100001001001100
111111111111111111111110100000101110111
111111111111111111111110100000010100010
111111111111111111111110011111111001101
111111111111111111111110011111011111000
111111111111111111111110011111000100011
111111111111111111111110011110101001110
111111111111111111111110011110001111001
111111111111111111111110011101110100100
111111111111111111111110011101011001111
111111111111111111111110011100111111010
111111111111111111111110011100100100101
111111111111111111111110011100001010000
111111111111111111111110011011101111011
111111111111111111111110011011010100110
111111111111111111111110011010111010001
111111111111111111111110011010011111100
111111111111111111111110011010000100111
111111111111111111111110011001101010010
111111111111111111111110011001001111101
111111111111111111111110011000110101000
111111111111111111111110011000011010011
111111111111111111111110010111111111110
111111111111111111111110010111100101001
111111111111111111111110010111001010100
111111111111111111111110010110101111111
111111111111111111111110010110010101010
111111111111111111111110010101111010101
