000000000000000000000000000000000000000
111111111111111111111111111111100110001
111111111111111111111111111111001100010
111111111111111111111111111110110010011
111111111111111111111111111110011000100
111111111111111111111111111101111110101
111111111111111111111111111101100100110
111111111111111111111111111101001010111
111111111111111111111111111100110001000
111111111111111111111111111100010111001
111111111111111111111111111011111101010
111111111111111111111111111011100011011
111111111111111111111111111011001001100
111111111111111111111111111010101111101
111111111111111111111111111010010101110
111111111111111111111111111001111011111
111111111111111111111111111001100010000
111111111111111111111111111001001000001
111111111111111111111111111000101110010
111111111111111111111111111000010100011
111111111111111111111111110111111010100
111111111111111111111111110111100000101
111111111111111111111111110111000110110
111111111111111111111111110110101100111
111111111111111111111111110110010011000
111111111111111111111111110101111001001
111111111111111111111111110101011111010
111111111111111111111111110101000101011
111111111111111111111111110100101011100
111111111111111111111111110100010001101
111111111111111111111111110011110111110
111111111111111111111111110011011101111
111111111111111111111111110011000100000
111111111111111111111111110010101010001
111111111111111111111111110010010000010
111111111111111111111111110001110110011
111111111111111111111111110001011100100
111111111111111111111111110001000010101
111111111111111111111111110000101000110
111111111111111111111111110000001110111
111111111111111111111111101111110101000
111111111111111111111111101111011011001
111111111111111111111111101111000001010
111111111111111111111111101110100111011
111111111111111111111111101110001101100
111111111111111111111111101101110011101
111111111111111111111111101101011001110
111111111111111111111111101100111111111
111111111111111111111111101100100110000
111111111111111111111111101100001100001
111111111111111111111111101011110010010
111111111111111111111111101011011000011
111111111111111111111111101010111110100
111111111111111111111111101010100100101
111111111111111111111111101010001010110
111111111111111111111111101001110000111
111111111111111111111111101001010111000
111111111111111111111111101000111101001
111111111111111111111111101000100011010
111111111111111111111111101000001001011
111111111111111111111111100111101111100
111111111111111111111111100111010101101
111111111111111111111111100110111011110
111111111111111111111111100110100001111
111111111111111111111111100110001000000
111111111111111111111111100101101110001
111111111111111111111111100101010100010
111111111111111111111111100100111010011
111111111111111111111111100100100000100
111111111111111111111111100100000110101
111111111111111111111111100011101100110
111111111111111111111111100011010010111
111111111111111111111111100010111001000
111111111111111111111111100010011111001
111111111111111111111111100010000101010
111111111111111111111111100001101011011
111111111111111111111111100001010001100
111111111111111111111111100000110111101
111111111111111111111111100000011101110
111111111111111111111111100000000011111
111111111111111111111111011111101010000
111111111111111111111111011111010000001
111111111111111111111111011110110110010
111111111111111111111111011110011100011
111111111111111111111111011110000010100
111111111111111111111111011101101000101
111111111111111111111111011101001110110
111111111111111111111111011100110100111
111111111111111111111111011100011011000
111111111111111111111111011100000001001
111111111111111111111111011011100111010
111111111111111111111111011011001101011
111111111111111111111111011010110011100
111111111111111111111111011010011001101
111111111111111111111111011001111111110
111111111111111111111111011001100101111
111111111111111111111111011001001100000
111111111111111111111111011000110010001
111111111111111111111111011000011000010
111111111111111111111111010111111110011
111111111111111111111111010111100100100
111111111111111111111111010111001010101
111111111111111111111111010110110000110
111111111111111111111111010110010110111
111111111111111111111111010101111101000
111111111111111111111111010101100011001
111111111111111111111111010101001001010
111111111111111111111111010100101111011
111111111111111111111111010100010101100
111111111111111111111111010011111011101
111111111111111111111111010011100001110
111111111111111111111111010011000111111
111111111111111111111111010010101110000
111111111111111111111111010010010100001
111111111111111111111111010001111010010
111111111111111111111111010001100000011
111111111111111111111111010001000110100
111111111111111111111111010000101100101
111111111111111111111111010000010010110
111111111111111111111111001111111000111
111111111111111111111111001111011111000
111111111111111111111111001111000101001
111111111111111111111111001110101011010
111111111111111111111111001110010001011
111111111111111111111111001101110111100
111111111111111111111111001101011101101
111111111111111111111111001101000011110
111111111111111111111111001100101001111
111111111111111111111111001100010000000
111111111111111111111111001011110110001
111111111111111111111111001011011100010
111111111111111111111111001011000010011
111111111111111111111111001010101000100
111111111111111111111111001010001110101
111111111111111111111111001001110100110
111111111111111111111111001001011010111
111111111111111111111111001001000001000
111111111111111111111111001000100111001
111111111111111111111111001000001101010
111111111111111111111111000111110011011
111111111111111111111111000111011001100
111111111111111111111111000110111111101
111111111111111111111111000110100101110
111111111111111111111111000110001011111
111111111111111111111111000101110010000
111111111111111111111111000101011000001
111111111111111111111111000100111110010
111111111111111111111111000100100100011
111111111111111111111111000100001010100
111111111111111111111111000011110000101
111111111111111111111111000011010110110
111111111111111111111111000010111100111
111111111111111111111111000010100011000
111111111111111111111111000010001001001
111111111111111111111111000001101111010
111111111111111111111111000001010101011
111111111111111111111111000000111011100
111111111111111111111111000000100001101
111111111111111111111111000000000111110
111111111111111111111110111111101101111
111111111111111111111110111111010100000
111111111111111111111110111110111010001
111111111111111111111110111110100000010
111111111111111111111110111110000110011
111111111111111111111110111101101100100
111111111111111111111110111101010010101
111111111111111111111110111100111000110
111111111111111111111110111100011110111
111111111111111111111110111100000101000
111111111111111111111110111011101011001
111111111111111111111110111011010001010
111111111111111111111110111010110111011
111111111111111111111110111010011101100
111111111111111111111110111010000011101
111111111111111111111110111001101001110
111111111111111111111110111001001111111
111111111111111111111110111000110110000
111111111111111111111110111000011100001
111111111111111111111110111000000010010
111111111111111111111110110111101000011
111111111111111111111110110111001110100
111111111111111111111110110110110100101
111111111111111111111110110110011010110
111111111111111111111110110110000000111
111111111111111111111110110101100111000
111111111111111111111110110101001101001
111111111111111111111110110100110011010
111111111111111111111110110100011001011
111111111111111111111110110011111111100
111111111111111111111110110011100101101
111111111111111111111110110011001011110
111111111111111111111110110010110001111
111111111111111111111110110010011000000
111111111111111111111110110001111110001
111111111111111111111110110001100100010
111111111111111111111110110001001010011
111111111111111111111110110000110000100
111111111111111111111110110000010110101
111111111111111111111110101111111100110
111111111111111111111110101111100010111
111111111111111111111110101111001001000
111111111111111111111110101110101111001
111111111111111111111110101110010101010
111111111111111111111110101101111011011
111111111111111111111110101101100001100
111111111111111111111110101101000111101
111111111111111111111110101100101101110
111111111111111111111110101100010011111
111111111111111111111110101011111010000
111111111111111111111110101011100000001
111111111111111111111110101011000110010
111111111111111111111110101010101100011
111111111111111111111110101010010010100
111111111111111111111110101001111000101
111111111111111111111110101001011110110
111111111111111111111110101001000100111
111111111111111111111110101000101011000
111111111111111111111110101000010001001
111111111111111111111110100111110111010
111111111111111111111110100111011101011
111111111111111111111110100111000011100
111111111111111111111110100110101001101
111111111111111111111110100110001111110
111111111111111111111110100101110101111
111111111111111111111110100101011100000
111111111111111111111110100101000010001
111111111111111111111110100100101000010
111111111111111111111110100100001110011
111111111111111111111110100011110100100
111111111111111111111110100011011010101
111111111111111111111110100011000000110
111111111111111111111110100010100110111
111111111111111111111110100010001101000
111111111111111111111110100001110011001
111111111111111111111110100001011001010
111111111111111111111110100000111111011
111111111111111111111110100000100101100
111111111111111111111110100000001011101
111111111111111111111110011111110001110
111111111111111111111110011111010111111
111111111111111111111110011110111110000
111111111111111111111110011110100100001
111111111111111111111110011110001010010
111111111111111111111110011101110000011
111111111111111111111110011101010110100
111111111111111111111110011100111100101
111111111111111111111110011100100010110
111111111111111111111110011100001000111
111111111111111111111110011011101111000
111111111111111111111110011011010101001
111111111111111111111110011010111011010
111111111111111111111110011010100001011
111111111111111111111110011010000111100
111111111111111111111110011001101101101
111111111111111111111110011001010011110
111111111111111111111110011000111001111
