000000000000000000000000000000000000000
000000000000000000000000000000000110000
000000000000000000000000000000001100000
000000000000000000000000000000010010000
000000000000000000000000000000011000000
000000000000000000000000000000011110000
000000000000000000000000000000100100000
000000000000000000000000000000101010000
000000000000000000000000000000110000000
000000000000000000000000000000110110000
000000000000000000000000000000111100000
000000000000000000000000000001000010000
000000000000000000000000000001001000000
000000000000000000000000000001001110000
000000000000000000000000000001010100000
000000000000000000000000000001011010000
000000000000000000000000000001100000000
000000000000000000000000000001100110000
000000000000000000000000000001101100000
000000000000000000000000000001110010000
000000000000000000000000000001111000000
000000000000000000000000000001111110000
000000000000000000000000000010000100000
000000000000000000000000000010001010000
000000000000000000000000000010010000000
000000000000000000000000000010010110000
000000000000000000000000000010011100000
000000000000000000000000000010100010000
000000000000000000000000000010101000000
000000000000000000000000000010101110000
000000000000000000000000000010110100000
000000000000000000000000000010111010000
000000000000000000000000000011000000000
000000000000000000000000000011000110000
000000000000000000000000000011001100000
000000000000000000000000000011010010000
000000000000000000000000000011011000000
000000000000000000000000000011011110000
000000000000000000000000000011100100000
000000000000000000000000000011101010000
000000000000000000000000000011110000000
000000000000000000000000000011110110000
000000000000000000000000000011111100000
000000000000000000000000000100000010000
000000000000000000000000000100001000000
000000000000000000000000000100001110000
000000000000000000000000000100010100000
000000000000000000000000000100011010000
000000000000000000000000000100100000000
000000000000000000000000000100100110000
000000000000000000000000000100101100000
000000000000000000000000000100110010000
000000000000000000000000000100111000000
000000000000000000000000000100111110000
000000000000000000000000000101000100000
000000000000000000000000000101001010000
000000000000000000000000000101010000000
000000000000000000000000000101010110000
000000000000000000000000000101011100000
000000000000000000000000000101100010000
000000000000000000000000000101101000000
000000000000000000000000000101101110000
000000000000000000000000000101110100000
000000000000000000000000000101111010000
000000000000000000000000000110000000000
000000000000000000000000000110000110000
000000000000000000000000000110001100000
000000000000000000000000000110010010000
000000000000000000000000000110011000000
000000000000000000000000000110011110000
000000000000000000000000000110100100000
000000000000000000000000000110101010000
000000000000000000000000000110110000000
000000000000000000000000000110110110000
000000000000000000000000000110111100000
000000000000000000000000000111000010000
000000000000000000000000000111001000000
000000000000000000000000000111001110000
000000000000000000000000000111010100000
000000000000000000000000000111011010000
000000000000000000000000000111100000000
000000000000000000000000000111100110000
000000000000000000000000000111101100000
000000000000000000000000000111110010000
000000000000000000000000000111111000000
000000000000000000000000000111111110000
000000000000000000000000001000000100000
000000000000000000000000001000001010000
000000000000000000000000001000010000000
000000000000000000000000001000010110000
000000000000000000000000001000011100000
000000000000000000000000001000100010000
000000000000000000000000001000101000000
000000000000000000000000001000101110000
000000000000000000000000001000110100000
000000000000000000000000001000111010000
000000000000000000000000001001000000000
000000000000000000000000001001000110000
000000000000000000000000001001001100000
000000000000000000000000001001010010000
000000000000000000000000001001011000000
000000000000000000000000001001011110000
000000000000000000000000001001100100000
000000000000000000000000001001101010000
000000000000000000000000001001110000000
000000000000000000000000001001110110000
000000000000000000000000001001111100000
000000000000000000000000001010000010000
000000000000000000000000001010001000000
000000000000000000000000001010001110000
000000000000000000000000001010010100000
000000000000000000000000001010011010000
000000000000000000000000001010100000000
000000000000000000000000001010100110000
000000000000000000000000001010101100000
000000000000000000000000001010110010000
000000000000000000000000001010111000000
000000000000000000000000001010111110000
000000000000000000000000001011000100000
000000000000000000000000001011001010000
000000000000000000000000001011010000000
000000000000000000000000001011010110000
000000000000000000000000001011011100000
000000000000000000000000001011100010000
000000000000000000000000001011101000000
000000000000000000000000001011101110000
000000000000000000000000001011110100000
000000000000000000000000001011111010000
000000000000000000000000001100000000000
000000000000000000000000001100000110000
000000000000000000000000001100001100000
000000000000000000000000001100010010000
000000000000000000000000001100011000000
000000000000000000000000001100011110000
000000000000000000000000001100100100000
000000000000000000000000001100101010000
000000000000000000000000001100110000000
000000000000000000000000001100110110000
000000000000000000000000001100111100000
000000000000000000000000001101000010000
000000000000000000000000001101001000000
000000000000000000000000001101001110000
000000000000000000000000001101010100000
000000000000000000000000001101011010000
000000000000000000000000001101100000000
000000000000000000000000001101100110000
000000000000000000000000001101101100000
000000000000000000000000001101110010000
000000000000000000000000001101111000000
000000000000000000000000001101111110000
000000000000000000000000001110000100000
000000000000000000000000001110001010000
000000000000000000000000001110010000000
000000000000000000000000001110010110000
000000000000000000000000001110011100000
000000000000000000000000001110100010000
000000000000000000000000001110101000000
000000000000000000000000001110101110000
000000000000000000000000001110110100000
000000000000000000000000001110111010000
000000000000000000000000001111000000000
000000000000000000000000001111000110000
000000000000000000000000001111001100000
000000000000000000000000001111010010000
000000000000000000000000001111011000000
000000000000000000000000001111011110000
000000000000000000000000001111100100000
000000000000000000000000001111101010000
000000000000000000000000001111110000000
000000000000000000000000001111110110000
000000000000000000000000001111111100000
000000000000000000000000010000000010000
000000000000000000000000010000001000000
000000000000000000000000010000001110000
000000000000000000000000010000010100000
000000000000000000000000010000011010000
000000000000000000000000010000100000000
000000000000000000000000010000100110000
000000000000000000000000010000101100000
000000000000000000000000010000110010000
000000000000000000000000010000111000000
000000000000000000000000010000111110000
000000000000000000000000010001000100000
000000000000000000000000010001001010000
000000000000000000000000010001010000000
000000000000000000000000010001010110000
000000000000000000000000010001011100000
000000000000000000000000010001100010000
000000000000000000000000010001101000000
000000000000000000000000010001101110000
000000000000000000000000010001110100000
000000000000000000000000010001111010000
000000000000000000000000010010000000000
000000000000000000000000010010000110000
000000000000000000000000010010001100000
000000000000000000000000010010010010000
000000000000000000000000010010011000000
000000000000000000000000010010011110000
000000000000000000000000010010100100000
000000000000000000000000010010101010000
000000000000000000000000010010110000000
000000000000000000000000010010110110000
000000000000000000000000010010111100000
000000000000000000000000010011000010000
000000000000000000000000010011001000000
000000000000000000000000010011001110000
000000000000000000000000010011010100000
000000000000000000000000010011011010000
000000000000000000000000010011100000000
000000000000000000000000010011100110000
000000000000000000000000010011101100000
000000000000000000000000010011110010000
000000000000000000000000010011111000000
000000000000000000000000010011111110000
000000000000000000000000010100000100000
000000000000000000000000010100001010000
000000000000000000000000010100010000000
000000000000000000000000010100010110000
000000000000000000000000010100011100000
000000000000000000000000010100100010000
000000000000000000000000010100101000000
000000000000000000000000010100101110000
000000000000000000000000010100110100000
000000000000000000000000010100111010000
000000000000000000000000010101000000000
000000000000000000000000010101000110000
000000000000000000000000010101001100000
000000000000000000000000010101010010000
000000000000000000000000010101011000000
000000000000000000000000010101011110000
000000000000000000000000010101100100000
000000000000000000000000010101101010000
000000000000000000000000010101110000000
000000000000000000000000010101110110000
000000000000000000000000010101111100000
000000000000000000000000010110000010000
000000000000000000000000010110001000000
000000000000000000000000010110001110000
000000000000000000000000010110010100000
000000000000000000000000010110011010000
000000000000000000000000010110100000000
000000000000000000000000010110100110000
000000000000000000000000010110101100000
000000000000000000000000010110110010000
000000000000000000000000010110111000000
000000000000000000000000010110111110000
000000000000000000000000010111000100000
000000000000000000000000010111001010000
000000000000000000000000010111010000000
000000000000000000000000010111010110000
000000000000000000000000010111011100000
000000000000000000000000010111100010000
000000000000000000000000010111101000000
000000000000000000000000010111101110000
000000000000000000000000010111110100000
000000000000000000000000010111111010000
