000000000000000000000000000000000000000
111111111111111111111111111111110001010
111111111111111111111111111111100010100
111111111111111111111111111111010011110
111111111111111111111111111111000101000
111111111111111111111111111110110110010
111111111111111111111111111110100111100
111111111111111111111111111110011000110
111111111111111111111111111110001010000
111111111111111111111111111101111011010
111111111111111111111111111101101100100
111111111111111111111111111101011101110
111111111111111111111111111101001111000
111111111111111111111111111101000000010
111111111111111111111111111100110001100
111111111111111111111111111100100010110
111111111111111111111111111100010100000
111111111111111111111111111100000101010
111111111111111111111111111011110110100
111111111111111111111111111011100111110
111111111111111111111111111011011001000
111111111111111111111111111011001010010
111111111111111111111111111010111011100
111111111111111111111111111010101100110
111111111111111111111111111010011110000
111111111111111111111111111010001111010
111111111111111111111111111010000000100
111111111111111111111111111001110001110
111111111111111111111111111001100011000
111111111111111111111111111001010100010
111111111111111111111111111001000101100
111111111111111111111111111000110110110
111111111111111111111111111000101000000
111111111111111111111111111000011001010
111111111111111111111111111000001010100
111111111111111111111111110111111011110
111111111111111111111111110111101101000
111111111111111111111111110111011110010
111111111111111111111111110111001111100
111111111111111111111111110111000000110
111111111111111111111111110110110010000
111111111111111111111111110110100011010
111111111111111111111111110110010100100
111111111111111111111111110110000101110
111111111111111111111111110101110111000
111111111111111111111111110101101000010
111111111111111111111111110101011001100
111111111111111111111111110101001010110
111111111111111111111111110100111100000
111111111111111111111111110100101101010
111111111111111111111111110100011110100
111111111111111111111111110100001111110
111111111111111111111111110100000001000
111111111111111111111111110011110010010
111111111111111111111111110011100011100
111111111111111111111111110011010100110
111111111111111111111111110011000110000
111111111111111111111111110010110111010
111111111111111111111111110010101000100
111111111111111111111111110010011001110
111111111111111111111111110010001011000
111111111111111111111111110001111100010
111111111111111111111111110001101101100
111111111111111111111111110001011110110
111111111111111111111111110001010000000
111111111111111111111111110001000001010
111111111111111111111111110000110010100
111111111111111111111111110000100011110
111111111111111111111111110000010101000
111111111111111111111111110000000110010
111111111111111111111111101111110111100
111111111111111111111111101111101000110
111111111111111111111111101111011010000
111111111111111111111111101111001011010
111111111111111111111111101110111100100
111111111111111111111111101110101101110
111111111111111111111111101110011111000
111111111111111111111111101110010000010
111111111111111111111111101110000001100
111111111111111111111111101101110010110
111111111111111111111111101101100100000
111111111111111111111111101101010101010
111111111111111111111111101101000110100
111111111111111111111111101100110111110
111111111111111111111111101100101001000
111111111111111111111111101100011010010
111111111111111111111111101100001011100
111111111111111111111111101011111100110
111111111111111111111111101011101110000
111111111111111111111111101011011111010
111111111111111111111111101011010000100
111111111111111111111111101011000001110
111111111111111111111111101010110011000
111111111111111111111111101010100100010
111111111111111111111111101010010101100
111111111111111111111111101010000110110
111111111111111111111111101001111000000
111111111111111111111111101001101001010
111111111111111111111111101001011010100
111111111111111111111111101001001011110
111111111111111111111111101000111101000
111111111111111111111111101000101110010
111111111111111111111111101000011111100
111111111111111111111111101000010000110
111111111111111111111111101000000010000
111111111111111111111111100111110011010
111111111111111111111111100111100100100
111111111111111111111111100111010101110
111111111111111111111111100111000111000
111111111111111111111111100110111000010
111111111111111111111111100110101001100
111111111111111111111111100110011010110
111111111111111111111111100110001100000
111111111111111111111111100101111101010
111111111111111111111111100101101110100
111111111111111111111111100101011111110
111111111111111111111111100101010001000
111111111111111111111111100101000010010
111111111111111111111111100100110011100
111111111111111111111111100100100100110
111111111111111111111111100100010110000
111111111111111111111111100100000111010
111111111111111111111111100011111000100
111111111111111111111111100011101001110
111111111111111111111111100011011011000
111111111111111111111111100011001100010
111111111111111111111111100010111101100
111111111111111111111111100010101110110
111111111111111111111111100010100000000
111111111111111111111111100010010001010
111111111111111111111111100010000010100
111111111111111111111111100001110011110
111111111111111111111111100001100101000
111111111111111111111111100001010110010
111111111111111111111111100001000111100
111111111111111111111111100000111000110
111111111111111111111111100000101010000
111111111111111111111111100000011011010
111111111111111111111111100000001100100
111111111111111111111111011111111101110
111111111111111111111111011111101111000
111111111111111111111111011111100000010
111111111111111111111111011111010001100
111111111111111111111111011111000010110
111111111111111111111111011110110100000
111111111111111111111111011110100101010
111111111111111111111111011110010110100
111111111111111111111111011110000111110
111111111111111111111111011101111001000
111111111111111111111111011101101010010
111111111111111111111111011101011011100
111111111111111111111111011101001100110
111111111111111111111111011100111110000
111111111111111111111111011100101111010
111111111111111111111111011100100000100
111111111111111111111111011100010001110
111111111111111111111111011100000011000
111111111111111111111111011011110100010
111111111111111111111111011011100101100
111111111111111111111111011011010110110
111111111111111111111111011011001000000
111111111111111111111111011010111001010
111111111111111111111111011010101010100
111111111111111111111111011010011011110
111111111111111111111111011010001101000
111111111111111111111111011001111110010
111111111111111111111111011001101111100
111111111111111111111111011001100000110
111111111111111111111111011001010010000
111111111111111111111111011001000011010
111111111111111111111111011000110100100
111111111111111111111111011000100101110
111111111111111111111111011000010111000
111111111111111111111111011000001000010
111111111111111111111111010111111001100
111111111111111111111111010111101010110
111111111111111111111111010111011100000
111111111111111111111111010111001101010
111111111111111111111111010110111110100
111111111111111111111111010110101111110
111111111111111111111111010110100001000
111111111111111111111111010110010010010
111111111111111111111111010110000011100
111111111111111111111111010101110100110
111111111111111111111111010101100110000
111111111111111111111111010101010111010
111111111111111111111111010101001000100
111111111111111111111111010100111001110
111111111111111111111111010100101011000
111111111111111111111111010100011100010
111111111111111111111111010100001101100
111111111111111111111111010011111110110
111111111111111111111111010011110000000
111111111111111111111111010011100001010
111111111111111111111111010011010010100
111111111111111111111111010011000011110
111111111111111111111111010010110101000
111111111111111111111111010010100110010
111111111111111111111111010010010111100
111111111111111111111111010010001000110
111111111111111111111111010001111010000
111111111111111111111111010001101011010
111111111111111111111111010001011100100
111111111111111111111111010001001101110
111111111111111111111111010000111111000
111111111111111111111111010000110000010
111111111111111111111111010000100001100
111111111111111111111111010000010010110
111111111111111111111111010000000100000
111111111111111111111111001111110101010
111111111111111111111111001111100110100
111111111111111111111111001111010111110
111111111111111111111111001111001001000
111111111111111111111111001110111010010
111111111111111111111111001110101011100
111111111111111111111111001110011100110
111111111111111111111111001110001110000
111111111111111111111111001101111111010
111111111111111111111111001101110000100
111111111111111111111111001101100001110
111111111111111111111111001101010011000
111111111111111111111111001101000100010
111111111111111111111111001100110101100
111111111111111111111111001100100110110
111111111111111111111111001100011000000
111111111111111111111111001100001001010
111111111111111111111111001011111010100
111111111111111111111111001011101011110
111111111111111111111111001011011101000
111111111111111111111111001011001110010
111111111111111111111111001010111111100
111111111111111111111111001010110000110
111111111111111111111111001010100010000
111111111111111111111111001010010011010
111111111111111111111111001010000100100
111111111111111111111111001001110101110
111111111111111111111111001001100111000
111111111111111111111111001001011000010
111111111111111111111111001001001001100
111111111111111111111111001000111010110
111111111111111111111111001000101100000
111111111111111111111111001000011101010
111111111111111111111111001000001110100
111111111111111111111111000111111111110
111111111111111111111111000111110001000
111111111111111111111111000111100010010
111111111111111111111111000111010011100
111111111111111111111111000111000100110
111111111111111111111111000110110110000
111111111111111111111111000110100111010
111111111111111111111111000110011000100
111111111111111111111111000110001001110
111111111111111111111111000101111011000
111111111111111111111111000101101100010
111111111111111111111111000101011101100
111111111111111111111111000101001110110
