000000000000000000000000000000000000000
111111111111111111111111111111110001011
111111111111111111111111111111100010110
111111111111111111111111111111010100001
111111111111111111111111111111000101100
111111111111111111111111111110110110111
111111111111111111111111111110101000010
111111111111111111111111111110011001101
111111111111111111111111111110001011000
111111111111111111111111111101111100011
111111111111111111111111111101101101110
111111111111111111111111111101011111001
111111111111111111111111111101010000100
111111111111111111111111111101000001111
111111111111111111111111111100110011010
111111111111111111111111111100100100101
111111111111111111111111111100010110000
111111111111111111111111111100000111011
111111111111111111111111111011111000110
111111111111111111111111111011101010001
111111111111111111111111111011011011100
111111111111111111111111111011001100111
111111111111111111111111111010111110010
111111111111111111111111111010101111101
111111111111111111111111111010100001000
111111111111111111111111111010010010011
111111111111111111111111111010000011110
111111111111111111111111111001110101001
111111111111111111111111111001100110100
111111111111111111111111111001010111111
111111111111111111111111111001001001010
111111111111111111111111111000111010101
111111111111111111111111111000101100000
111111111111111111111111111000011101011
111111111111111111111111111000001110110
111111111111111111111111111000000000001
111111111111111111111111110111110001100
111111111111111111111111110111100010111
111111111111111111111111110111010100010
111111111111111111111111110111000101101
111111111111111111111111110110110111000
111111111111111111111111110110101000011
111111111111111111111111110110011001110
111111111111111111111111110110001011001
111111111111111111111111110101111100100
111111111111111111111111110101101101111
111111111111111111111111110101011111010
111111111111111111111111110101010000101
111111111111111111111111110101000010000
111111111111111111111111110100110011011
111111111111111111111111110100100100110
111111111111111111111111110100010110001
111111111111111111111111110100000111100
111111111111111111111111110011111000111
111111111111111111111111110011101010010
111111111111111111111111110011011011101
111111111111111111111111110011001101000
111111111111111111111111110010111110011
111111111111111111111111110010101111110
111111111111111111111111110010100001001
111111111111111111111111110010010010100
111111111111111111111111110010000011111
111111111111111111111111110001110101010
111111111111111111111111110001100110101
111111111111111111111111110001011000000
111111111111111111111111110001001001011
111111111111111111111111110000111010110
111111111111111111111111110000101100001
111111111111111111111111110000011101100
111111111111111111111111110000001110111
111111111111111111111111110000000000010
111111111111111111111111101111110001101
111111111111111111111111101111100011000
111111111111111111111111101111010100011
111111111111111111111111101111000101110
111111111111111111111111101110110111001
111111111111111111111111101110101000100
111111111111111111111111101110011001111
111111111111111111111111101110001011010
111111111111111111111111101101111100101
111111111111111111111111101101101110000
111111111111111111111111101101011111011
111111111111111111111111101101010000110
111111111111111111111111101101000010001
111111111111111111111111101100110011100
111111111111111111111111101100100100111
111111111111111111111111101100010110010
111111111111111111111111101100000111101
111111111111111111111111101011111001000
111111111111111111111111101011101010011
111111111111111111111111101011011011110
111111111111111111111111101011001101001
111111111111111111111111101010111110100
111111111111111111111111101010101111111
111111111111111111111111101010100001010
111111111111111111111111101010010010101
111111111111111111111111101010000100000
111111111111111111111111101001110101011
111111111111111111111111101001100110110
111111111111111111111111101001011000001
111111111111111111111111101001001001100
111111111111111111111111101000111010111
111111111111111111111111101000101100010
111111111111111111111111101000011101101
111111111111111111111111101000001111000
111111111111111111111111101000000000011
111111111111111111111111100111110001110
111111111111111111111111100111100011001
111111111111111111111111100111010100100
111111111111111111111111100111000101111
111111111111111111111111100110110111010
111111111111111111111111100110101000101
111111111111111111111111100110011010000
111111111111111111111111100110001011011
111111111111111111111111100101111100110
111111111111111111111111100101101110001
111111111111111111111111100101011111100
111111111111111111111111100101010000111
111111111111111111111111100101000010010
111111111111111111111111100100110011101
111111111111111111111111100100100101000
111111111111111111111111100100010110011
111111111111111111111111100100000111110
111111111111111111111111100011111001001
111111111111111111111111100011101010100
111111111111111111111111100011011011111
111111111111111111111111100011001101010
111111111111111111111111100010111110101
111111111111111111111111100010110000000
111111111111111111111111100010100001011
111111111111111111111111100010010010110
111111111111111111111111100010000100001
111111111111111111111111100001110101100
111111111111111111111111100001100110111
111111111111111111111111100001011000010
111111111111111111111111100001001001101
111111111111111111111111100000111011000
111111111111111111111111100000101100011
111111111111111111111111100000011101110
111111111111111111111111100000001111001
111111111111111111111111100000000000100
111111111111111111111111011111110001111
111111111111111111111111011111100011010
111111111111111111111111011111010100101
111111111111111111111111011111000110000
111111111111111111111111011110110111011
111111111111111111111111011110101000110
111111111111111111111111011110011010001
111111111111111111111111011110001011100
111111111111111111111111011101111100111
111111111111111111111111011101101110010
111111111111111111111111011101011111101
111111111111111111111111011101010001000
111111111111111111111111011101000010011
111111111111111111111111011100110011110
111111111111111111111111011100100101001
111111111111111111111111011100010110100
111111111111111111111111011100000111111
111111111111111111111111011011111001010
111111111111111111111111011011101010101
111111111111111111111111011011011100000
111111111111111111111111011011001101011
111111111111111111111111011010111110110
111111111111111111111111011010110000001
111111111111111111111111011010100001100
111111111111111111111111011010010010111
111111111111111111111111011010000100010
111111111111111111111111011001110101101
111111111111111111111111011001100111000
111111111111111111111111011001011000011
111111111111111111111111011001001001110
111111111111111111111111011000111011001
111111111111111111111111011000101100100
111111111111111111111111011000011101111
111111111111111111111111011000001111010
111111111111111111111111011000000000101
111111111111111111111111010111110010000
111111111111111111111111010111100011011
111111111111111111111111010111010100110
111111111111111111111111010111000110001
111111111111111111111111010110110111100
111111111111111111111111010110101000111
111111111111111111111111010110011010010
111111111111111111111111010110001011101
111111111111111111111111010101111101000
111111111111111111111111010101101110011
111111111111111111111111010101011111110
111111111111111111111111010101010001001
111111111111111111111111010101000010100
111111111111111111111111010100110011111
111111111111111111111111010100100101010
111111111111111111111111010100010110101
111111111111111111111111010100001000000
111111111111111111111111010011111001011
111111111111111111111111010011101010110
111111111111111111111111010011011100001
111111111111111111111111010011001101100
111111111111111111111111010010111110111
111111111111111111111111010010110000010
111111111111111111111111010010100001101
111111111111111111111111010010010011000
111111111111111111111111010010000100011
111111111111111111111111010001110101110
111111111111111111111111010001100111001
111111111111111111111111010001011000100
111111111111111111111111010001001001111
111111111111111111111111010000111011010
111111111111111111111111010000101100101
111111111111111111111111010000011110000
111111111111111111111111010000001111011
111111111111111111111111010000000000110
111111111111111111111111001111110010001
111111111111111111111111001111100011100
111111111111111111111111001111010100111
111111111111111111111111001111000110010
111111111111111111111111001110110111101
111111111111111111111111001110101001000
111111111111111111111111001110011010011
111111111111111111111111001110001011110
111111111111111111111111001101111101001
111111111111111111111111001101101110100
111111111111111111111111001101011111111
111111111111111111111111001101010001010
111111111111111111111111001101000010101
111111111111111111111111001100110100000
111111111111111111111111001100100101011
111111111111111111111111001100010110110
111111111111111111111111001100001000001
111111111111111111111111001011111001100
111111111111111111111111001011101010111
111111111111111111111111001011011100010
111111111111111111111111001011001101101
111111111111111111111111001010111111000
111111111111111111111111001010110000011
111111111111111111111111001010100001110
111111111111111111111111001010010011001
111111111111111111111111001010000100100
111111111111111111111111001001110101111
111111111111111111111111001001100111010
111111111111111111111111001001011000101
111111111111111111111111001001001010000
111111111111111111111111001000111011011
111111111111111111111111001000101100110
111111111111111111111111001000011110001
111111111111111111111111001000001111100
111111111111111111111111001000000000111
111111111111111111111111000111110010010
111111111111111111111111000111100011101
111111111111111111111111000111010101000
111111111111111111111111000111000110011
111111111111111111111111000110110111110
111111111111111111111111000110101001001
111111111111111111111111000110011010100
111111111111111111111111000110001011111
111111111111111111111111000101111101010
111111111111111111111111000101101110101
