000000000000000000000000000000000000000
000000000000000000000000000000011000011
000000000000000000000000000000110000110
000000000000000000000000000001001001001
000000000000000000000000000001100001100
000000000000000000000000000001111001111
000000000000000000000000000010010010010
000000000000000000000000000010101010101
000000000000000000000000000011000011000
000000000000000000000000000011011011011
000000000000000000000000000011110011110
000000000000000000000000000100001100001
000000000000000000000000000100100100100
000000000000000000000000000100111100111
000000000000000000000000000101010101010
000000000000000000000000000101101101101
000000000000000000000000000110000110000
000000000000000000000000000110011110011
000000000000000000000000000110110110110
000000000000000000000000000111001111001
000000000000000000000000000111100111100
000000000000000000000000000111111111111
000000000000000000000000001000011000010
000000000000000000000000001000110000101
000000000000000000000000001001001001000
000000000000000000000000001001100001011
000000000000000000000000001001111001110
000000000000000000000000001010010010001
000000000000000000000000001010101010100
000000000000000000000000001011000010111
000000000000000000000000001011011011010
000000000000000000000000001011110011101
000000000000000000000000001100001100000
000000000000000000000000001100100100011
000000000000000000000000001100111100110
000000000000000000000000001101010101001
000000000000000000000000001101101101100
000000000000000000000000001110000101111
000000000000000000000000001110011110010
000000000000000000000000001110110110101
000000000000000000000000001111001111000
000000000000000000000000001111100111011
000000000000000000000000001111111111110
000000000000000000000000010000011000001
000000000000000000000000010000110000100
000000000000000000000000010001001000111
000000000000000000000000010001100001010
000000000000000000000000010001111001101
000000000000000000000000010010010010000
000000000000000000000000010010101010011
000000000000000000000000010011000010110
000000000000000000000000010011011011001
000000000000000000000000010011110011100
000000000000000000000000010100001011111
000000000000000000000000010100100100010
000000000000000000000000010100111100101
000000000000000000000000010101010101000
000000000000000000000000010101101101011
000000000000000000000000010110000101110
000000000000000000000000010110011110001
000000000000000000000000010110110110100
000000000000000000000000010111001110111
000000000000000000000000010111100111010
000000000000000000000000010111111111101
000000000000000000000000011000011000000
000000000000000000000000011000110000011
000000000000000000000000011001001000110
000000000000000000000000011001100001001
000000000000000000000000011001111001100
000000000000000000000000011010010001111
000000000000000000000000011010101010010
000000000000000000000000011011000010101
000000000000000000000000011011011011000
000000000000000000000000011011110011011
000000000000000000000000011100001011110
000000000000000000000000011100100100001
000000000000000000000000011100111100100
000000000000000000000000011101010100111
000000000000000000000000011101101101010
000000000000000000000000011110000101101
000000000000000000000000011110011110000
000000000000000000000000011110110110011
000000000000000000000000011111001110110
000000000000000000000000011111100111001
000000000000000000000000011111111111100
000000000000000000000000100000010111111
000000000000000000000000100000110000010
000000000000000000000000100001001000101
000000000000000000000000100001100001000
000000000000000000000000100001111001011
000000000000000000000000100010010001110
000000000000000000000000100010101010001
000000000000000000000000100011000010100
000000000000000000000000100011011010111
000000000000000000000000100011110011010
000000000000000000000000100100001011101
000000000000000000000000100100100100000
000000000000000000000000100100111100011
000000000000000000000000100101010100110
000000000000000000000000100101101101001
000000000000000000000000100110000101100
000000000000000000000000100110011101111
000000000000000000000000100110110110010
000000000000000000000000100111001110101
000000000000000000000000100111100111000
000000000000000000000000100111111111011
000000000000000000000000101000010111110
000000000000000000000000101000110000001
000000000000000000000000101001001000100
000000000000000000000000101001100000111
000000000000000000000000101001111001010
000000000000000000000000101010010001101
000000000000000000000000101010101010000
000000000000000000000000101011000010011
000000000000000000000000101011011010110
000000000000000000000000101011110011001
000000000000000000000000101100001011100
000000000000000000000000101100100011111
000000000000000000000000101100111100010
000000000000000000000000101101010100101
000000000000000000000000101101101101000
000000000000000000000000101110000101011
000000000000000000000000101110011101110
000000000000000000000000101110110110001
000000000000000000000000101111001110100
000000000000000000000000101111100110111
000000000000000000000000101111111111010
000000000000000000000000110000010111101
000000000000000000000000110000110000000
000000000000000000000000110001001000011
000000000000000000000000110001100000110
000000000000000000000000110001111001001
000000000000000000000000110010010001100
000000000000000000000000110010101001111
000000000000000000000000110011000010010
000000000000000000000000110011011010101
000000000000000000000000110011110011000
000000000000000000000000110100001011011
000000000000000000000000110100100011110
000000000000000000000000110100111100001
000000000000000000000000110101010100100
000000000000000000000000110101101100111
000000000000000000000000110110000101010
000000000000000000000000110110011101101
000000000000000000000000110110110110000
000000000000000000000000110111001110011
000000000000000000000000110111100110110
000000000000000000000000110111111111001
000000000000000000000000111000010111100
000000000000000000000000111000101111111
000000000000000000000000111001001000010
000000000000000000000000111001100000101
000000000000000000000000111001111001000
000000000000000000000000111010010001011
000000000000000000000000111010101001110
000000000000000000000000111011000010001
000000000000000000000000111011011010100
000000000000000000000000111011110010111
000000000000000000000000111100001011010
000000000000000000000000111100100011101
000000000000000000000000111100111100000
000000000000000000000000111101010100011
000000000000000000000000111101101100110
000000000000000000000000111110000101001
000000000000000000000000111110011101100
000000000000000000000000111110110101111
000000000000000000000000111111001110010
000000000000000000000000111111100110101
000000000000000000000000111111111111000
000000000000000000000001000000010111011
000000000000000000000001000000101111110
000000000000000000000001000001001000001
000000000000000000000001000001100000100
000000000000000000000001000001111000111
000000000000000000000001000010010001010
000000000000000000000001000010101001101
000000000000000000000001000011000010000
000000000000000000000001000011011010011
000000000000000000000001000011110010110
000000000000000000000001000100001011001
000000000000000000000001000100100011100
000000000000000000000001000100111011111
000000000000000000000001000101010100010
000000000000000000000001000101101100101
000000000000000000000001000110000101000
000000000000000000000001000110011101011
000000000000000000000001000110110101110
000000000000000000000001000111001110001
000000000000000000000001000111100110100
000000000000000000000001000111111110111
000000000000000000000001001000010111010
000000000000000000000001001000101111101
000000000000000000000001001001001000000
000000000000000000000001001001100000011
000000000000000000000001001001111000110
000000000000000000000001001010010001001
000000000000000000000001001010101001100
000000000000000000000001001011000001111
000000000000000000000001001011011010010
000000000000000000000001001011110010101
000000000000000000000001001100001011000
000000000000000000000001001100100011011
000000000000000000000001001100111011110
000000000000000000000001001101010100001
000000000000000000000001001101101100100
000000000000000000000001001110000100111
000000000000000000000001001110011101010
000000000000000000000001001110110101101
000000000000000000000001001111001110000
000000000000000000000001001111100110011
000000000000000000000001001111111110110
000000000000000000000001010000010111001
000000000000000000000001010000101111100
000000000000000000000001010001000111111
000000000000000000000001010001100000010
000000000000000000000001010001111000101
000000000000000000000001010010010001000
000000000000000000000001010010101001011
000000000000000000000001010011000001110
000000000000000000000001010011011010001
000000000000000000000001010011110010100
000000000000000000000001010100001010111
000000000000000000000001010100100011010
000000000000000000000001010100111011101
000000000000000000000001010101010100000
000000000000000000000001010101101100011
000000000000000000000001010110000100110
000000000000000000000001010110011101001
000000000000000000000001010110110101100
000000000000000000000001010111001101111
000000000000000000000001010111100110010
000000000000000000000001010111111110101
000000000000000000000001011000010111000
000000000000000000000001011000101111011
000000000000000000000001011001000111110
000000000000000000000001011001100000001
000000000000000000000001011001111000100
000000000000000000000001011010010000111
000000000000000000000001011010101001010
000000000000000000000001011011000001101
000000000000000000000001011011011010000
000000000000000000000001011011110010011
000000000000000000000001011100001010110
000000000000000000000001011100100011001
000000000000000000000001011100111011100
000000000000000000000001011101010011111
000000000000000000000001011101101100010
000000000000000000000001011110000100101
000000000000000000000001011110011101000
000000000000000000000001011110110101011
000000000000000000000001011111001101110
000000000000000000000001011111100110001
000000000000000000000001011111111110100
000000000000000000000001100000010110111
000000000000000000000001100000101111010
000000000000000000000001100001000111101
