000000000000000000000000000000000000000
000000000000000000000000000000010101100
000000000000000000000000000000101011000
000000000000000000000000000001000000100
000000000000000000000000000001010110000
000000000000000000000000000001101011100
000000000000000000000000000010000001000
000000000000000000000000000010010110100
000000000000000000000000000010101100000
000000000000000000000000000011000001100
000000000000000000000000000011010111000
000000000000000000000000000011101100100
000000000000000000000000000100000010000
000000000000000000000000000100010111100
000000000000000000000000000100101101000
000000000000000000000000000101000010100
000000000000000000000000000101011000000
000000000000000000000000000101101101100
000000000000000000000000000110000011000
000000000000000000000000000110011000100
000000000000000000000000000110101110000
000000000000000000000000000111000011100
000000000000000000000000000111011001000
000000000000000000000000000111101110100
000000000000000000000000001000000100000
000000000000000000000000001000011001100
000000000000000000000000001000101111000
000000000000000000000000001001000100100
000000000000000000000000001001011010000
000000000000000000000000001001101111100
000000000000000000000000001010000101000
000000000000000000000000001010011010100
000000000000000000000000001010110000000
000000000000000000000000001011000101100
000000000000000000000000001011011011000
000000000000000000000000001011110000100
000000000000000000000000001100000110000
000000000000000000000000001100011011100
000000000000000000000000001100110001000
000000000000000000000000001101000110100
000000000000000000000000001101011100000
000000000000000000000000001101110001100
000000000000000000000000001110000111000
000000000000000000000000001110011100100
000000000000000000000000001110110010000
000000000000000000000000001111000111100
000000000000000000000000001111011101000
000000000000000000000000001111110010100
000000000000000000000000010000001000000
000000000000000000000000010000011101100
000000000000000000000000010000110011000
000000000000000000000000010001001000100
000000000000000000000000010001011110000
000000000000000000000000010001110011100
000000000000000000000000010010001001000
000000000000000000000000010010011110100
000000000000000000000000010010110100000
000000000000000000000000010011001001100
000000000000000000000000010011011111000
000000000000000000000000010011110100100
000000000000000000000000010100001010000
000000000000000000000000010100011111100
000000000000000000000000010100110101000
000000000000000000000000010101001010100
000000000000000000000000010101100000000
000000000000000000000000010101110101100
000000000000000000000000010110001011000
000000000000000000000000010110100000100
000000000000000000000000010110110110000
000000000000000000000000010111001011100
000000000000000000000000010111100001000
000000000000000000000000010111110110100
000000000000000000000000011000001100000
000000000000000000000000011000100001100
000000000000000000000000011000110111000
000000000000000000000000011001001100100
000000000000000000000000011001100010000
000000000000000000000000011001110111100
000000000000000000000000011010001101000
000000000000000000000000011010100010100
000000000000000000000000011010111000000
000000000000000000000000011011001101100
000000000000000000000000011011100011000
000000000000000000000000011011111000100
000000000000000000000000011100001110000
000000000000000000000000011100100011100
000000000000000000000000011100111001000
000000000000000000000000011101001110100
000000000000000000000000011101100100000
000000000000000000000000011101111001100
000000000000000000000000011110001111000
000000000000000000000000011110100100100
000000000000000000000000011110111010000
000000000000000000000000011111001111100
000000000000000000000000011111100101000
000000000000000000000000011111111010100
000000000000000000000000100000010000000
000000000000000000000000100000100101100
000000000000000000000000100000111011000
000000000000000000000000100001010000100
000000000000000000000000100001100110000
000000000000000000000000100001111011100
000000000000000000000000100010010001000
000000000000000000000000100010100110100
000000000000000000000000100010111100000
000000000000000000000000100011010001100
000000000000000000000000100011100111000
000000000000000000000000100011111100100
000000000000000000000000100100010010000
000000000000000000000000100100100111100
000000000000000000000000100100111101000
000000000000000000000000100101010010100
000000000000000000000000100101101000000
000000000000000000000000100101111101100
000000000000000000000000100110010011000
000000000000000000000000100110101000100
000000000000000000000000100110111110000
000000000000000000000000100111010011100
000000000000000000000000100111101001000
000000000000000000000000100111111110100
000000000000000000000000101000010100000
000000000000000000000000101000101001100
000000000000000000000000101000111111000
000000000000000000000000101001010100100
000000000000000000000000101001101010000
000000000000000000000000101001111111100
000000000000000000000000101010010101000
000000000000000000000000101010101010100
000000000000000000000000101011000000000
000000000000000000000000101011010101100
000000000000000000000000101011101011000
000000000000000000000000101100000000100
000000000000000000000000101100010110000
000000000000000000000000101100101011100
000000000000000000000000101101000001000
000000000000000000000000101101010110100
000000000000000000000000101101101100000
000000000000000000000000101110000001100
000000000000000000000000101110010111000
000000000000000000000000101110101100100
000000000000000000000000101111000010000
000000000000000000000000101111010111100
000000000000000000000000101111101101000
000000000000000000000000110000000010100
000000000000000000000000110000011000000
000000000000000000000000110000101101100
000000000000000000000000110001000011000
000000000000000000000000110001011000100
000000000000000000000000110001101110000
000000000000000000000000110010000011100
000000000000000000000000110010011001000
000000000000000000000000110010101110100
000000000000000000000000110011000100000
000000000000000000000000110011011001100
000000000000000000000000110011101111000
000000000000000000000000110100000100100
000000000000000000000000110100011010000
000000000000000000000000110100101111100
000000000000000000000000110101000101000
000000000000000000000000110101011010100
000000000000000000000000110101110000000
000000000000000000000000110110000101100
000000000000000000000000110110011011000
000000000000000000000000110110110000100
000000000000000000000000110111000110000
000000000000000000000000110111011011100
000000000000000000000000110111110001000
000000000000000000000000111000000110100
000000000000000000000000111000011100000
000000000000000000000000111000110001100
000000000000000000000000111001000111000
000000000000000000000000111001011100100
000000000000000000000000111001110010000
000000000000000000000000111010000111100
000000000000000000000000111010011101000
000000000000000000000000111010110010100
000000000000000000000000111011001000000
000000000000000000000000111011011101100
000000000000000000000000111011110011000
000000000000000000000000111100001000100
000000000000000000000000111100011110000
000000000000000000000000111100110011100
000000000000000000000000111101001001000
000000000000000000000000111101011110100
000000000000000000000000111101110100000
000000000000000000000000111110001001100
000000000000000000000000111110011111000
000000000000000000000000111110110100100
000000000000000000000000111111001010000
000000000000000000000000111111011111100
000000000000000000000000111111110101000
000000000000000000000001000000001010100
000000000000000000000001000000100000000
000000000000000000000001000000110101100
000000000000000000000001000001001011000
000000000000000000000001000001100000100
000000000000000000000001000001110110000
000000000000000000000001000010001011100
000000000000000000000001000010100001000
000000000000000000000001000010110110100
000000000000000000000001000011001100000
000000000000000000000001000011100001100
000000000000000000000001000011110111000
000000000000000000000001000100001100100
000000000000000000000001000100100010000
000000000000000000000001000100110111100
000000000000000000000001000101001101000
000000000000000000000001000101100010100
000000000000000000000001000101111000000
000000000000000000000001000110001101100
000000000000000000000001000110100011000
000000000000000000000001000110111000100
000000000000000000000001000111001110000
000000000000000000000001000111100011100
000000000000000000000001000111111001000
000000000000000000000001001000001110100
000000000000000000000001001000100100000
000000000000000000000001001000111001100
000000000000000000000001001001001111000
000000000000000000000001001001100100100
000000000000000000000001001001111010000
000000000000000000000001001010001111100
000000000000000000000001001010100101000
000000000000000000000001001010111010100
000000000000000000000001001011010000000
000000000000000000000001001011100101100
000000000000000000000001001011111011000
000000000000000000000001001100010000100
000000000000000000000001001100100110000
000000000000000000000001001100111011100
000000000000000000000001001101010001000
000000000000000000000001001101100110100
000000000000000000000001001101111100000
000000000000000000000001001110010001100
000000000000000000000001001110100111000
000000000000000000000001001110111100100
000000000000000000000001001111010010000
000000000000000000000001001111100111100
000000000000000000000001001111111101000
000000000000000000000001010000010010100
000000000000000000000001010000101000000
000000000000000000000001010000111101100
000000000000000000000001010001010011000
000000000000000000000001010001101000100
000000000000000000000001010001111110000
000000000000000000000001010010010011100
000000000000000000000001010010101001000
000000000000000000000001010010111110100
000000000000000000000001010011010100000
000000000000000000000001010011101001100
000000000000000000000001010011111111000
000000000000000000000001010100010100100
000000000000000000000001010100101010000
000000000000000000000001010100111111100
000000000000000000000001010101010101000
000000000000000000000001010101101010100
