000000000000000000000000000000000000000
111111111111111111111111111111100000111
111111111111111111111111111111000001110
111111111111111111111111111110100010101
111111111111111111111111111110000011100
111111111111111111111111111101100100011
111111111111111111111111111101000101010
111111111111111111111111111100100110001
111111111111111111111111111100000111000
111111111111111111111111111011100111111
111111111111111111111111111011001000110
111111111111111111111111111010101001101
111111111111111111111111111010001010100
111111111111111111111111111001101011011
111111111111111111111111111001001100010
111111111111111111111111111000101101001
111111111111111111111111111000001110000
111111111111111111111111110111101110111
111111111111111111111111110111001111110
111111111111111111111111110110110000101
111111111111111111111111110110010001100
111111111111111111111111110101110010011
111111111111111111111111110101010011010
111111111111111111111111110100110100001
111111111111111111111111110100010101000
111111111111111111111111110011110101111
111111111111111111111111110011010110110
111111111111111111111111110010110111101
111111111111111111111111110010011000100
111111111111111111111111110001111001011
111111111111111111111111110001011010010
111111111111111111111111110000111011001
111111111111111111111111110000011100000
111111111111111111111111101111111100111
111111111111111111111111101111011101110
111111111111111111111111101110111110101
111111111111111111111111101110011111100
111111111111111111111111101110000000011
111111111111111111111111101101100001010
111111111111111111111111101101000010001
111111111111111111111111101100100011000
111111111111111111111111101100000011111
111111111111111111111111101011100100110
111111111111111111111111101011000101101
111111111111111111111111101010100110100
111111111111111111111111101010000111011
111111111111111111111111101001101000010
111111111111111111111111101001001001001
111111111111111111111111101000101010000
111111111111111111111111101000001010111
111111111111111111111111100111101011110
111111111111111111111111100111001100101
111111111111111111111111100110101101100
111111111111111111111111100110001110011
111111111111111111111111100101101111010
111111111111111111111111100101010000001
111111111111111111111111100100110001000
111111111111111111111111100100010001111
111111111111111111111111100011110010110
111111111111111111111111100011010011101
111111111111111111111111100010110100100
111111111111111111111111100010010101011
111111111111111111111111100001110110010
111111111111111111111111100001010111001
111111111111111111111111100000111000000
111111111111111111111111100000011000111
111111111111111111111111011111111001110
111111111111111111111111011111011010101
111111111111111111111111011110111011100
111111111111111111111111011110011100011
111111111111111111111111011101111101010
111111111111111111111111011101011110001
111111111111111111111111011100111111000
111111111111111111111111011100011111111
111111111111111111111111011100000000110
111111111111111111111111011011100001101
111111111111111111111111011011000010100
111111111111111111111111011010100011011
111111111111111111111111011010000100010
111111111111111111111111011001100101001
111111111111111111111111011001000110000
111111111111111111111111011000100110111
111111111111111111111111011000000111110
111111111111111111111111010111101000101
111111111111111111111111010111001001100
111111111111111111111111010110101010011
111111111111111111111111010110001011010
111111111111111111111111010101101100001
111111111111111111111111010101001101000
111111111111111111111111010100101101111
111111111111111111111111010100001110110
111111111111111111111111010011101111101
111111111111111111111111010011010000100
111111111111111111111111010010110001011
111111111111111111111111010010010010010
111111111111111111111111010001110011001
111111111111111111111111010001010100000
111111111111111111111111010000110100111
111111111111111111111111010000010101110
111111111111111111111111001111110110101
111111111111111111111111001111010111100
111111111111111111111111001110111000011
111111111111111111111111001110011001010
111111111111111111111111001101111010001
111111111111111111111111001101011011000
111111111111111111111111001100111011111
111111111111111111111111001100011100110
111111111111111111111111001011111101101
111111111111111111111111001011011110100
111111111111111111111111001010111111011
111111111111111111111111001010100000010
111111111111111111111111001010000001001
111111111111111111111111001001100010000
111111111111111111111111001001000010111
111111111111111111111111001000100011110
111111111111111111111111001000000100101
111111111111111111111111000111100101100
111111111111111111111111000111000110011
111111111111111111111111000110100111010
111111111111111111111111000110001000001
111111111111111111111111000101101001000
111111111111111111111111000101001001111
111111111111111111111111000100101010110
111111111111111111111111000100001011101
111111111111111111111111000011101100100
111111111111111111111111000011001101011
111111111111111111111111000010101110010
111111111111111111111111000010001111001
111111111111111111111111000001110000000
111111111111111111111111000001010000111
111111111111111111111111000000110001110
111111111111111111111111000000010010101
111111111111111111111110111111110011100
111111111111111111111110111111010100011
111111111111111111111110111110110101010
111111111111111111111110111110010110001
111111111111111111111110111101110111000
111111111111111111111110111101010111111
111111111111111111111110111100111000110
111111111111111111111110111100011001101
111111111111111111111110111011111010100
111111111111111111111110111011011011011
111111111111111111111110111010111100010
111111111111111111111110111010011101001
111111111111111111111110111001111110000
111111111111111111111110111001011110111
111111111111111111111110111000111111110
111111111111111111111110111000100000101
111111111111111111111110111000000001100
111111111111111111111110110111100010011
111111111111111111111110110111000011010
111111111111111111111110110110100100001
111111111111111111111110110110000101000
111111111111111111111110110101100101111
111111111111111111111110110101000110110
111111111111111111111110110100100111101
111111111111111111111110110100001000100
111111111111111111111110110011101001011
111111111111111111111110110011001010010
111111111111111111111110110010101011001
111111111111111111111110110010001100000
111111111111111111111110110001101100111
111111111111111111111110110001001101110
111111111111111111111110110000101110101
111111111111111111111110110000001111100
111111111111111111111110101111110000011
111111111111111111111110101111010001010
111111111111111111111110101110110010001
111111111111111111111110101110010011000
111111111111111111111110101101110011111
111111111111111111111110101101010100110
111111111111111111111110101100110101101
111111111111111111111110101100010110100
111111111111111111111110101011110111011
111111111111111111111110101011011000010
111111111111111111111110101010111001001
111111111111111111111110101010011010000
111111111111111111111110101001111010111
111111111111111111111110101001011011110
111111111111111111111110101000111100101
111111111111111111111110101000011101100
111111111111111111111110100111111110011
111111111111111111111110100111011111010
111111111111111111111110100111000000001
111111111111111111111110100110100001000
111111111111111111111110100110000001111
111111111111111111111110100101100010110
111111111111111111111110100101000011101
111111111111111111111110100100100100100
111111111111111111111110100100000101011
111111111111111111111110100011100110010
111111111111111111111110100011000111001
111111111111111111111110100010101000000
111111111111111111111110100010001000111
111111111111111111111110100001101001110
111111111111111111111110100001001010101
111111111111111111111110100000101011100
111111111111111111111110100000001100011
111111111111111111111110011111101101010
111111111111111111111110011111001110001
111111111111111111111110011110101111000
111111111111111111111110011110001111111
111111111111111111111110011101110000110
111111111111111111111110011101010001101
111111111111111111111110011100110010100
111111111111111111111110011100010011011
111111111111111111111110011011110100010
111111111111111111111110011011010101001
111111111111111111111110011010110110000
111111111111111111111110011010010110111
111111111111111111111110011001110111110
111111111111111111111110011001011000101
111111111111111111111110011000111001100
111111111111111111111110011000011010011
111111111111111111111110010111111011010
111111111111111111111110010111011100001
111111111111111111111110010110111101000
111111111111111111111110010110011101111
111111111111111111111110010101111110110
111111111111111111111110010101011111101
111111111111111111111110010101000000100
111111111111111111111110010100100001011
111111111111111111111110010100000010010
111111111111111111111110010011100011001
111111111111111111111110010011000100000
111111111111111111111110010010100100111
111111111111111111111110010010000101110
111111111111111111111110010001100110101
111111111111111111111110010001000111100
111111111111111111111110010000101000011
111111111111111111111110010000001001010
111111111111111111111110001111101010001
111111111111111111111110001111001011000
111111111111111111111110001110101011111
111111111111111111111110001110001100110
111111111111111111111110001101101101101
111111111111111111111110001101001110100
111111111111111111111110001100101111011
111111111111111111111110001100010000010
111111111111111111111110001011110001001
111111111111111111111110001011010010000
111111111111111111111110001010110010111
111111111111111111111110001010010011110
111111111111111111111110001001110100101
111111111111111111111110001001010101100
111111111111111111111110001000110110011
111111111111111111111110001000010111010
111111111111111111111110000111111000001
111111111111111111111110000111011001000
111111111111111111111110000110111001111
111111111111111111111110000110011010110
111111111111111111111110000101111011101
111111111111111111111110000101011100100
111111111111111111111110000100111101011
111111111111111111111110000100011110010
111111111111111111111110000011111111001
