000000000000000000000000000000000000000
111111111111111111111111111111100110010
111111111111111111111111111111001100100
111111111111111111111111111110110010110
111111111111111111111111111110011001000
111111111111111111111111111101111111010
111111111111111111111111111101100101100
111111111111111111111111111101001011110
111111111111111111111111111100110010000
111111111111111111111111111100011000010
111111111111111111111111111011111110100
111111111111111111111111111011100100110
111111111111111111111111111011001011000
111111111111111111111111111010110001010
111111111111111111111111111010010111100
111111111111111111111111111001111101110
111111111111111111111111111001100100000
111111111111111111111111111001001010010
111111111111111111111111111000110000100
111111111111111111111111111000010110110
111111111111111111111111110111111101000
111111111111111111111111110111100011010
111111111111111111111111110111001001100
111111111111111111111111110110101111110
111111111111111111111111110110010110000
111111111111111111111111110101111100010
111111111111111111111111110101100010100
111111111111111111111111110101001000110
111111111111111111111111110100101111000
111111111111111111111111110100010101010
111111111111111111111111110011111011100
111111111111111111111111110011100001110
111111111111111111111111110011001000000
111111111111111111111111110010101110010
111111111111111111111111110010010100100
111111111111111111111111110001111010110
111111111111111111111111110001100001000
111111111111111111111111110001000111010
111111111111111111111111110000101101100
111111111111111111111111110000010011110
111111111111111111111111101111111010000
111111111111111111111111101111100000010
111111111111111111111111101111000110100
111111111111111111111111101110101100110
111111111111111111111111101110010011000
111111111111111111111111101101111001010
111111111111111111111111101101011111100
111111111111111111111111101101000101110
111111111111111111111111101100101100000
111111111111111111111111101100010010010
111111111111111111111111101011111000100
111111111111111111111111101011011110110
111111111111111111111111101011000101000
111111111111111111111111101010101011010
111111111111111111111111101010010001100
111111111111111111111111101001110111110
111111111111111111111111101001011110000
111111111111111111111111101001000100010
111111111111111111111111101000101010100
111111111111111111111111101000010000110
111111111111111111111111100111110111000
111111111111111111111111100111011101010
111111111111111111111111100111000011100
111111111111111111111111100110101001110
111111111111111111111111100110010000000
111111111111111111111111100101110110010
111111111111111111111111100101011100100
111111111111111111111111100101000010110
111111111111111111111111100100101001000
111111111111111111111111100100001111010
111111111111111111111111100011110101100
111111111111111111111111100011011011110
111111111111111111111111100011000010000
111111111111111111111111100010101000010
111111111111111111111111100010001110100
111111111111111111111111100001110100110
111111111111111111111111100001011011000
111111111111111111111111100001000001010
111111111111111111111111100000100111100
111111111111111111111111100000001101110
111111111111111111111111011111110100000
111111111111111111111111011111011010010
111111111111111111111111011111000000100
111111111111111111111111011110100110110
111111111111111111111111011110001101000
111111111111111111111111011101110011010
111111111111111111111111011101011001100
111111111111111111111111011100111111110
111111111111111111111111011100100110000
111111111111111111111111011100001100010
111111111111111111111111011011110010100
111111111111111111111111011011011000110
111111111111111111111111011010111111000
111111111111111111111111011010100101010
111111111111111111111111011010001011100
111111111111111111111111011001110001110
111111111111111111111111011001011000000
111111111111111111111111011000111110010
111111111111111111111111011000100100100
111111111111111111111111011000001010110
111111111111111111111111010111110001000
111111111111111111111111010111010111010
111111111111111111111111010110111101100
111111111111111111111111010110100011110
111111111111111111111111010110001010000
111111111111111111111111010101110000010
111111111111111111111111010101010110100
111111111111111111111111010100111100110
111111111111111111111111010100100011000
111111111111111111111111010100001001010
111111111111111111111111010011101111100
111111111111111111111111010011010101110
111111111111111111111111010010111100000
111111111111111111111111010010100010010
111111111111111111111111010010001000100
111111111111111111111111010001101110110
111111111111111111111111010001010101000
111111111111111111111111010000111011010
111111111111111111111111010000100001100
111111111111111111111111010000000111110
111111111111111111111111001111101110000
111111111111111111111111001111010100010
111111111111111111111111001110111010100
111111111111111111111111001110100000110
111111111111111111111111001110000111000
111111111111111111111111001101101101010
111111111111111111111111001101010011100
111111111111111111111111001100111001110
111111111111111111111111001100100000000
111111111111111111111111001100000110010
111111111111111111111111001011101100100
111111111111111111111111001011010010110
111111111111111111111111001010111001000
111111111111111111111111001010011111010
111111111111111111111111001010000101100
111111111111111111111111001001101011110
111111111111111111111111001001010010000
111111111111111111111111001000111000010
111111111111111111111111001000011110100
111111111111111111111111001000000100110
111111111111111111111111000111101011000
111111111111111111111111000111010001010
111111111111111111111111000110110111100
111111111111111111111111000110011101110
111111111111111111111111000110000100000
111111111111111111111111000101101010010
111111111111111111111111000101010000100
111111111111111111111111000100110110110
111111111111111111111111000100011101000
111111111111111111111111000100000011010
111111111111111111111111000011101001100
111111111111111111111111000011001111110
111111111111111111111111000010110110000
111111111111111111111111000010011100010
111111111111111111111111000010000010100
111111111111111111111111000001101000110
111111111111111111111111000001001111000
111111111111111111111111000000110101010
111111111111111111111111000000011011100
111111111111111111111111000000000001110
111111111111111111111110111111101000000
111111111111111111111110111111001110010
111111111111111111111110111110110100100
111111111111111111111110111110011010110
111111111111111111111110111110000001000
111111111111111111111110111101100111010
111111111111111111111110111101001101100
111111111111111111111110111100110011110
111111111111111111111110111100011010000
111111111111111111111110111100000000010
111111111111111111111110111011100110100
111111111111111111111110111011001100110
111111111111111111111110111010110011000
111111111111111111111110111010011001010
111111111111111111111110111001111111100
111111111111111111111110111001100101110
111111111111111111111110111001001100000
111111111111111111111110111000110010010
111111111111111111111110111000011000100
111111111111111111111110110111111110110
111111111111111111111110110111100101000
111111111111111111111110110111001011010
111111111111111111111110110110110001100
111111111111111111111110110110010111110
111111111111111111111110110101111110000
111111111111111111111110110101100100010
111111111111111111111110110101001010100
111111111111111111111110110100110000110
111111111111111111111110110100010111000
111111111111111111111110110011111101010
111111111111111111111110110011100011100
111111111111111111111110110011001001110
111111111111111111111110110010110000000
111111111111111111111110110010010110010
111111111111111111111110110001111100100
111111111111111111111110110001100010110
111111111111111111111110110001001001000
111111111111111111111110110000101111010
111111111111111111111110110000010101100
111111111111111111111110101111111011110
111111111111111111111110101111100010000
111111111111111111111110101111001000010
111111111111111111111110101110101110100
111111111111111111111110101110010100110
111111111111111111111110101101111011000
111111111111111111111110101101100001010
111111111111111111111110101101000111100
111111111111111111111110101100101101110
111111111111111111111110101100010100000
111111111111111111111110101011111010010
111111111111111111111110101011100000100
111111111111111111111110101011000110110
111111111111111111111110101010101101000
111111111111111111111110101010010011010
111111111111111111111110101001111001100
111111111111111111111110101001011111110
111111111111111111111110101001000110000
111111111111111111111110101000101100010
111111111111111111111110101000010010100
111111111111111111111110100111111000110
111111111111111111111110100111011111000
111111111111111111111110100111000101010
111111111111111111111110100110101011100
111111111111111111111110100110010001110
111111111111111111111110100101111000000
111111111111111111111110100101011110010
111111111111111111111110100101000100100
111111111111111111111110100100101010110
111111111111111111111110100100010001000
111111111111111111111110100011110111010
111111111111111111111110100011011101100
111111111111111111111110100011000011110
111111111111111111111110100010101010000
111111111111111111111110100010010000010
111111111111111111111110100001110110100
111111111111111111111110100001011100110
111111111111111111111110100001000011000
111111111111111111111110100000101001010
111111111111111111111110100000001111100
111111111111111111111110011111110101110
111111111111111111111110011111011100000
111111111111111111111110011111000010010
111111111111111111111110011110101000100
111111111111111111111110011110001110110
111111111111111111111110011101110101000
111111111111111111111110011101011011010
111111111111111111111110011101000001100
111111111111111111111110011100100111110
111111111111111111111110011100001110000
111111111111111111111110011011110100010
111111111111111111111110011011011010100
111111111111111111111110011011000000110
111111111111111111111110011010100111000
111111111111111111111110011010001101010
111111111111111111111110011001110011100
111111111111111111111110011001011001110
