000000000000000000000000000000000000000
000000000000000000000000000000001001110
000000000000000000000000000000010011100
000000000000000000000000000000011101010
000000000000000000000000000000100111000
000000000000000000000000000000110000110
000000000000000000000000000000111010100
000000000000000000000000000001000100010
000000000000000000000000000001001110000
000000000000000000000000000001010111110
000000000000000000000000000001100001100
000000000000000000000000000001101011010
000000000000000000000000000001110101000
000000000000000000000000000001111110110
000000000000000000000000000010001000100
000000000000000000000000000010010010010
000000000000000000000000000010011100000
000000000000000000000000000010100101110
000000000000000000000000000010101111100
000000000000000000000000000010111001010
000000000000000000000000000011000011000
000000000000000000000000000011001100110
000000000000000000000000000011010110100
000000000000000000000000000011100000010
000000000000000000000000000011101010000
000000000000000000000000000011110011110
000000000000000000000000000011111101100
000000000000000000000000000100000111010
000000000000000000000000000100010001000
000000000000000000000000000100011010110
000000000000000000000000000100100100100
000000000000000000000000000100101110010
000000000000000000000000000100111000000
000000000000000000000000000101000001110
000000000000000000000000000101001011100
000000000000000000000000000101010101010
000000000000000000000000000101011111000
000000000000000000000000000101101000110
000000000000000000000000000101110010100
000000000000000000000000000101111100010
000000000000000000000000000110000110000
000000000000000000000000000110001111110
000000000000000000000000000110011001100
000000000000000000000000000110100011010
000000000000000000000000000110101101000
000000000000000000000000000110110110110
000000000000000000000000000111000000100
000000000000000000000000000111001010010
000000000000000000000000000111010100000
000000000000000000000000000111011101110
000000000000000000000000000111100111100
000000000000000000000000000111110001010
000000000000000000000000000111111011000
000000000000000000000000001000000100110
000000000000000000000000001000001110100
000000000000000000000000001000011000010
000000000000000000000000001000100010000
000000000000000000000000001000101011110
000000000000000000000000001000110101100
000000000000000000000000001000111111010
000000000000000000000000001001001001000
000000000000000000000000001001010010110
000000000000000000000000001001011100100
000000000000000000000000001001100110010
000000000000000000000000001001110000000
000000000000000000000000001001111001110
000000000000000000000000001010000011100
000000000000000000000000001010001101010
000000000000000000000000001010010111000
000000000000000000000000001010100000110
000000000000000000000000001010101010100
000000000000000000000000001010110100010
000000000000000000000000001010111110000
000000000000000000000000001011000111110
000000000000000000000000001011010001100
000000000000000000000000001011011011010
000000000000000000000000001011100101000
000000000000000000000000001011101110110
000000000000000000000000001011111000100
000000000000000000000000001100000010010
000000000000000000000000001100001100000
000000000000000000000000001100010101110
000000000000000000000000001100011111100
000000000000000000000000001100101001010
000000000000000000000000001100110011000
000000000000000000000000001100111100110
000000000000000000000000001101000110100
000000000000000000000000001101010000010
000000000000000000000000001101011010000
000000000000000000000000001101100011110
000000000000000000000000001101101101100
000000000000000000000000001101110111010
000000000000000000000000001110000001000
000000000000000000000000001110001010110
000000000000000000000000001110010100100
000000000000000000000000001110011110010
000000000000000000000000001110101000000
000000000000000000000000001110110001110
000000000000000000000000001110111011100
000000000000000000000000001111000101010
000000000000000000000000001111001111000
000000000000000000000000001111011000110
000000000000000000000000001111100010100
000000000000000000000000001111101100010
000000000000000000000000001111110110000
000000000000000000000000001111111111110
000000000000000000000000010000001001100
000000000000000000000000010000010011010
000000000000000000000000010000011101000
000000000000000000000000010000100110110
000000000000000000000000010000110000100
000000000000000000000000010000111010010
000000000000000000000000010001000100000
000000000000000000000000010001001101110
000000000000000000000000010001010111100
000000000000000000000000010001100001010
000000000000000000000000010001101011000
000000000000000000000000010001110100110
000000000000000000000000010001111110100
000000000000000000000000010010001000010
000000000000000000000000010010010010000
000000000000000000000000010010011011110
000000000000000000000000010010100101100
000000000000000000000000010010101111010
000000000000000000000000010010111001000
000000000000000000000000010011000010110
000000000000000000000000010011001100100
000000000000000000000000010011010110010
000000000000000000000000010011100000000
000000000000000000000000010011101001110
000000000000000000000000010011110011100
000000000000000000000000010011111101010
000000000000000000000000010100000111000
000000000000000000000000010100010000110
000000000000000000000000010100011010100
000000000000000000000000010100100100010
000000000000000000000000010100101110000
000000000000000000000000010100110111110
000000000000000000000000010101000001100
000000000000000000000000010101001011010
000000000000000000000000010101010101000
000000000000000000000000010101011110110
000000000000000000000000010101101000100
000000000000000000000000010101110010010
000000000000000000000000010101111100000
000000000000000000000000010110000101110
000000000000000000000000010110001111100
000000000000000000000000010110011001010
000000000000000000000000010110100011000
000000000000000000000000010110101100110
000000000000000000000000010110110110100
000000000000000000000000010111000000010
000000000000000000000000010111001010000
000000000000000000000000010111010011110
000000000000000000000000010111011101100
000000000000000000000000010111100111010
000000000000000000000000010111110001000
000000000000000000000000010111111010110
000000000000000000000000011000000100100
000000000000000000000000011000001110010
000000000000000000000000011000011000000
000000000000000000000000011000100001110
000000000000000000000000011000101011100
000000000000000000000000011000110101010
000000000000000000000000011000111111000
000000000000000000000000011001001000110
000000000000000000000000011001010010100
000000000000000000000000011001011100010
000000000000000000000000011001100110000
000000000000000000000000011001101111110
000000000000000000000000011001111001100
000000000000000000000000011010000011010
000000000000000000000000011010001101000
000000000000000000000000011010010110110
000000000000000000000000011010100000100
000000000000000000000000011010101010010
000000000000000000000000011010110100000
000000000000000000000000011010111101110
000000000000000000000000011011000111100
000000000000000000000000011011010001010
000000000000000000000000011011011011000
000000000000000000000000011011100100110
000000000000000000000000011011101110100
000000000000000000000000011011111000010
000000000000000000000000011100000010000
000000000000000000000000011100001011110
000000000000000000000000011100010101100
000000000000000000000000011100011111010
000000000000000000000000011100101001000
000000000000000000000000011100110010110
000000000000000000000000011100111100100
000000000000000000000000011101000110010
000000000000000000000000011101010000000
000000000000000000000000011101011001110
000000000000000000000000011101100011100
000000000000000000000000011101101101010
000000000000000000000000011101110111000
000000000000000000000000011110000000110
000000000000000000000000011110001010100
000000000000000000000000011110010100010
000000000000000000000000011110011110000
000000000000000000000000011110100111110
000000000000000000000000011110110001100
000000000000000000000000011110111011010
000000000000000000000000011111000101000
000000000000000000000000011111001110110
000000000000000000000000011111011000100
000000000000000000000000011111100010010
000000000000000000000000011111101100000
000000000000000000000000011111110101110
000000000000000000000000011111111111100
000000000000000000000000100000001001010
000000000000000000000000100000010011000
000000000000000000000000100000011100110
000000000000000000000000100000100110100
000000000000000000000000100000110000010
000000000000000000000000100000111010000
000000000000000000000000100001000011110
000000000000000000000000100001001101100
000000000000000000000000100001010111010
000000000000000000000000100001100001000
000000000000000000000000100001101010110
000000000000000000000000100001110100100
000000000000000000000000100001111110010
000000000000000000000000100010001000000
000000000000000000000000100010010001110
000000000000000000000000100010011011100
000000000000000000000000100010100101010
000000000000000000000000100010101111000
000000000000000000000000100010111000110
000000000000000000000000100011000010100
000000000000000000000000100011001100010
000000000000000000000000100011010110000
000000000000000000000000100011011111110
000000000000000000000000100011101001100
000000000000000000000000100011110011010
000000000000000000000000100011111101000
000000000000000000000000100100000110110
000000000000000000000000100100010000100
000000000000000000000000100100011010010
000000000000000000000000100100100100000
000000000000000000000000100100101101110
000000000000000000000000100100110111100
000000000000000000000000100101000001010
000000000000000000000000100101001011000
000000000000000000000000100101010100110
000000000000000000000000100101011110100
000000000000000000000000100101101000010
000000000000000000000000100101110010000
000000000000000000000000100101111011110
000000000000000000000000100110000101100
000000000000000000000000100110001111010
000000000000000000000000100110011001000
000000000000000000000000100110100010110
000000000000000000000000100110101100100
000000000000000000000000100110110110010
