000000000000000000000000000000000000000
000000000000000000000000000000001010011
000000000000000000000000000000010100110
000000000000000000000000000000011111001
000000000000000000000000000000101001100
000000000000000000000000000000110011111
000000000000000000000000000000111110010
000000000000000000000000000001001000101
000000000000000000000000000001010011000
000000000000000000000000000001011101011
000000000000000000000000000001100111110
000000000000000000000000000001110010001
000000000000000000000000000001111100100
000000000000000000000000000010000110111
000000000000000000000000000010010001010
000000000000000000000000000010011011101
000000000000000000000000000010100110000
000000000000000000000000000010110000011
000000000000000000000000000010111010110
000000000000000000000000000011000101001
000000000000000000000000000011001111100
000000000000000000000000000011011001111
000000000000000000000000000011100100010
000000000000000000000000000011101110101
000000000000000000000000000011111001000
000000000000000000000000000100000011011
000000000000000000000000000100001101110
000000000000000000000000000100011000001
000000000000000000000000000100100010100
000000000000000000000000000100101100111
000000000000000000000000000100110111010
000000000000000000000000000101000001101
000000000000000000000000000101001100000
000000000000000000000000000101010110011
000000000000000000000000000101100000110
000000000000000000000000000101101011001
000000000000000000000000000101110101100
000000000000000000000000000101111111111
000000000000000000000000000110001010010
000000000000000000000000000110010100101
000000000000000000000000000110011111000
000000000000000000000000000110101001011
000000000000000000000000000110110011110
000000000000000000000000000110111110001
000000000000000000000000000111001000100
000000000000000000000000000111010010111
000000000000000000000000000111011101010
000000000000000000000000000111100111101
000000000000000000000000000111110010000
000000000000000000000000000111111100011
000000000000000000000000001000000110110
000000000000000000000000001000010001001
000000000000000000000000001000011011100
000000000000000000000000001000100101111
000000000000000000000000001000110000010
000000000000000000000000001000111010101
000000000000000000000000001001000101000
000000000000000000000000001001001111011
000000000000000000000000001001011001110
000000000000000000000000001001100100001
000000000000000000000000001001101110100
000000000000000000000000001001111000111
000000000000000000000000001010000011010
000000000000000000000000001010001101101
000000000000000000000000001010011000000
000000000000000000000000001010100010011
000000000000000000000000001010101100110
000000000000000000000000001010110111001
000000000000000000000000001011000001100
000000000000000000000000001011001011111
000000000000000000000000001011010110010
000000000000000000000000001011100000101
000000000000000000000000001011101011000
000000000000000000000000001011110101011
000000000000000000000000001011111111110
000000000000000000000000001100001010001
000000000000000000000000001100010100100
000000000000000000000000001100011110111
000000000000000000000000001100101001010
000000000000000000000000001100110011101
000000000000000000000000001100111110000
000000000000000000000000001101001000011
000000000000000000000000001101010010110
000000000000000000000000001101011101001
000000000000000000000000001101100111100
000000000000000000000000001101110001111
000000000000000000000000001101111100010
000000000000000000000000001110000110101
000000000000000000000000001110010001000
000000000000000000000000001110011011011
000000000000000000000000001110100101110
000000000000000000000000001110110000001
000000000000000000000000001110111010100
000000000000000000000000001111000100111
000000000000000000000000001111001111010
000000000000000000000000001111011001101
000000000000000000000000001111100100000
000000000000000000000000001111101110011
000000000000000000000000001111111000110
000000000000000000000000010000000011001
000000000000000000000000010000001101100
000000000000000000000000010000010111111
000000000000000000000000010000100010010
000000000000000000000000010000101100101
000000000000000000000000010000110111000
000000000000000000000000010001000001011
000000000000000000000000010001001011110
000000000000000000000000010001010110001
000000000000000000000000010001100000100
000000000000000000000000010001101010111
000000000000000000000000010001110101010
000000000000000000000000010001111111101
000000000000000000000000010010001010000
000000000000000000000000010010010100011
000000000000000000000000010010011110110
000000000000000000000000010010101001001
000000000000000000000000010010110011100
000000000000000000000000010010111101111
000000000000000000000000010011001000010
000000000000000000000000010011010010101
000000000000000000000000010011011101000
000000000000000000000000010011100111011
000000000000000000000000010011110001110
000000000000000000000000010011111100001
000000000000000000000000010100000110100
000000000000000000000000010100010000111
000000000000000000000000010100011011010
000000000000000000000000010100100101101
000000000000000000000000010100110000000
000000000000000000000000010100111010011
000000000000000000000000010101000100110
000000000000000000000000010101001111001
000000000000000000000000010101011001100
000000000000000000000000010101100011111
000000000000000000000000010101101110010
000000000000000000000000010101111000101
000000000000000000000000010110000011000
000000000000000000000000010110001101011
000000000000000000000000010110010111110
000000000000000000000000010110100010001
000000000000000000000000010110101100100
000000000000000000000000010110110110111
000000000000000000000000010111000001010
000000000000000000000000010111001011101
000000000000000000000000010111010110000
000000000000000000000000010111100000011
000000000000000000000000010111101010110
000000000000000000000000010111110101001
000000000000000000000000010111111111100
000000000000000000000000011000001001111
000000000000000000000000011000010100010
000000000000000000000000011000011110101
000000000000000000000000011000101001000
000000000000000000000000011000110011011
000000000000000000000000011000111101110
000000000000000000000000011001001000001
000000000000000000000000011001010010100
000000000000000000000000011001011100111
000000000000000000000000011001100111010
000000000000000000000000011001110001101
000000000000000000000000011001111100000
000000000000000000000000011010000110011
000000000000000000000000011010010000110
000000000000000000000000011010011011001
000000000000000000000000011010100101100
000000000000000000000000011010101111111
000000000000000000000000011010111010010
000000000000000000000000011011000100101
000000000000000000000000011011001111000
000000000000000000000000011011011001011
000000000000000000000000011011100011110
000000000000000000000000011011101110001
000000000000000000000000011011111000100
000000000000000000000000011100000010111
000000000000000000000000011100001101010
000000000000000000000000011100010111101
000000000000000000000000011100100010000
000000000000000000000000011100101100011
000000000000000000000000011100110110110
000000000000000000000000011101000001001
000000000000000000000000011101001011100
000000000000000000000000011101010101111
000000000000000000000000011101100000010
000000000000000000000000011101101010101
000000000000000000000000011101110101000
000000000000000000000000011101111111011
000000000000000000000000011110001001110
000000000000000000000000011110010100001
000000000000000000000000011110011110100
000000000000000000000000011110101000111
000000000000000000000000011110110011010
000000000000000000000000011110111101101
000000000000000000000000011111001000000
000000000000000000000000011111010010011
000000000000000000000000011111011100110
000000000000000000000000011111100111001
000000000000000000000000011111110001100
000000000000000000000000011111111011111
000000000000000000000000100000000110010
000000000000000000000000100000010000101
000000000000000000000000100000011011000
000000000000000000000000100000100101011
000000000000000000000000100000101111110
000000000000000000000000100000111010001
000000000000000000000000100001000100100
000000000000000000000000100001001110111
000000000000000000000000100001011001010
000000000000000000000000100001100011101
000000000000000000000000100001101110000
000000000000000000000000100001111000011
000000000000000000000000100010000010110
000000000000000000000000100010001101001
000000000000000000000000100010010111100
000000000000000000000000100010100001111
000000000000000000000000100010101100010
000000000000000000000000100010110110101
000000000000000000000000100011000001000
000000000000000000000000100011001011011
000000000000000000000000100011010101110
000000000000000000000000100011100000001
000000000000000000000000100011101010100
000000000000000000000000100011110100111
000000000000000000000000100011111111010
000000000000000000000000100100001001101
000000000000000000000000100100010100000
000000000000000000000000100100011110011
000000000000000000000000100100101000110
000000000000000000000000100100110011001
000000000000000000000000100100111101100
000000000000000000000000100101000111111
000000000000000000000000100101010010010
000000000000000000000000100101011100101
000000000000000000000000100101100111000
000000000000000000000000100101110001011
000000000000000000000000100101111011110
000000000000000000000000100110000110001
000000000000000000000000100110010000100
000000000000000000000000100110011010111
000000000000000000000000100110100101010
000000000000000000000000100110101111101
000000000000000000000000100110111010000
000000000000000000000000100111000100011
000000000000000000000000100111001110110
000000000000000000000000100111011001001
000000000000000000000000100111100011100
000000000000000000000000100111101101111
000000000000000000000000100111111000010
000000000000000000000000101000000010101
000000000000000000000000101000001101000
000000000000000000000000101000010111011
000000000000000000000000101000100001110
000000000000000000000000101000101100001
000000000000000000000000101000110110100
000000000000000000000000101001000000111
000000000000000000000000101001001011010
000000000000000000000000101001010101101
