000000000000000000000000000000000000000
000000000000000000000000000000000111100
000000000000000000000000000000001111000
000000000000000000000000000000010110100
000000000000000000000000000000011110000
000000000000000000000000000000100101100
000000000000000000000000000000101101000
000000000000000000000000000000110100100
000000000000000000000000000000111100000
000000000000000000000000000001000011100
000000000000000000000000000001001011000
000000000000000000000000000001010010100
000000000000000000000000000001011010000
000000000000000000000000000001100001100
000000000000000000000000000001101001000
000000000000000000000000000001110000100
000000000000000000000000000001111000000
000000000000000000000000000001111111100
000000000000000000000000000010000111000
000000000000000000000000000010001110100
000000000000000000000000000010010110000
000000000000000000000000000010011101100
000000000000000000000000000010100101000
000000000000000000000000000010101100100
000000000000000000000000000010110100000
000000000000000000000000000010111011100
000000000000000000000000000011000011000
000000000000000000000000000011001010100
000000000000000000000000000011010010000
000000000000000000000000000011011001100
000000000000000000000000000011100001000
000000000000000000000000000011101000100
000000000000000000000000000011110000000
000000000000000000000000000011110111100
000000000000000000000000000011111111000
000000000000000000000000000100000110100
000000000000000000000000000100001110000
000000000000000000000000000100010101100
000000000000000000000000000100011101000
000000000000000000000000000100100100100
000000000000000000000000000100101100000
000000000000000000000000000100110011100
000000000000000000000000000100111011000
000000000000000000000000000101000010100
000000000000000000000000000101001010000
000000000000000000000000000101010001100
000000000000000000000000000101011001000
000000000000000000000000000101100000100
000000000000000000000000000101101000000
000000000000000000000000000101101111100
000000000000000000000000000101110111000
000000000000000000000000000101111110100
000000000000000000000000000110000110000
000000000000000000000000000110001101100
000000000000000000000000000110010101000
000000000000000000000000000110011100100
000000000000000000000000000110100100000
000000000000000000000000000110101011100
000000000000000000000000000110110011000
000000000000000000000000000110111010100
000000000000000000000000000111000010000
000000000000000000000000000111001001100
000000000000000000000000000111010001000
000000000000000000000000000111011000100
000000000000000000000000000111100000000
000000000000000000000000000111100111100
000000000000000000000000000111101111000
000000000000000000000000000111110110100
000000000000000000000000000111111110000
000000000000000000000000001000000101100
000000000000000000000000001000001101000
000000000000000000000000001000010100100
000000000000000000000000001000011100000
000000000000000000000000001000100011100
000000000000000000000000001000101011000
000000000000000000000000001000110010100
000000000000000000000000001000111010000
000000000000000000000000001001000001100
000000000000000000000000001001001001000
000000000000000000000000001001010000100
000000000000000000000000001001011000000
000000000000000000000000001001011111100
000000000000000000000000001001100111000
000000000000000000000000001001101110100
000000000000000000000000001001110110000
000000000000000000000000001001111101100
000000000000000000000000001010000101000
000000000000000000000000001010001100100
000000000000000000000000001010010100000
000000000000000000000000001010011011100
000000000000000000000000001010100011000
000000000000000000000000001010101010100
000000000000000000000000001010110010000
000000000000000000000000001010111001100
000000000000000000000000001011000001000
000000000000000000000000001011001000100
000000000000000000000000001011010000000
000000000000000000000000001011010111100
000000000000000000000000001011011111000
000000000000000000000000001011100110100
000000000000000000000000001011101110000
000000000000000000000000001011110101100
000000000000000000000000001011111101000
000000000000000000000000001100000100100
000000000000000000000000001100001100000
000000000000000000000000001100010011100
000000000000000000000000001100011011000
000000000000000000000000001100100010100
000000000000000000000000001100101010000
000000000000000000000000001100110001100
000000000000000000000000001100111001000
000000000000000000000000001101000000100
000000000000000000000000001101001000000
000000000000000000000000001101001111100
000000000000000000000000001101010111000
000000000000000000000000001101011110100
000000000000000000000000001101100110000
000000000000000000000000001101101101100
000000000000000000000000001101110101000
000000000000000000000000001101111100100
000000000000000000000000001110000100000
000000000000000000000000001110001011100
000000000000000000000000001110010011000
000000000000000000000000001110011010100
000000000000000000000000001110100010000
000000000000000000000000001110101001100
000000000000000000000000001110110001000
000000000000000000000000001110111000100
000000000000000000000000001111000000000
000000000000000000000000001111000111100
000000000000000000000000001111001111000
000000000000000000000000001111010110100
000000000000000000000000001111011110000
000000000000000000000000001111100101100
000000000000000000000000001111101101000
000000000000000000000000001111110100100
000000000000000000000000001111111100000
000000000000000000000000010000000011100
000000000000000000000000010000001011000
000000000000000000000000010000010010100
000000000000000000000000010000011010000
000000000000000000000000010000100001100
000000000000000000000000010000101001000
000000000000000000000000010000110000100
000000000000000000000000010000111000000
000000000000000000000000010000111111100
000000000000000000000000010001000111000
000000000000000000000000010001001110100
000000000000000000000000010001010110000
000000000000000000000000010001011101100
000000000000000000000000010001100101000
000000000000000000000000010001101100100
000000000000000000000000010001110100000
000000000000000000000000010001111011100
000000000000000000000000010010000011000
000000000000000000000000010010001010100
000000000000000000000000010010010010000
000000000000000000000000010010011001100
000000000000000000000000010010100001000
000000000000000000000000010010101000100
000000000000000000000000010010110000000
000000000000000000000000010010110111100
000000000000000000000000010010111111000
000000000000000000000000010011000110100
000000000000000000000000010011001110000
000000000000000000000000010011010101100
000000000000000000000000010011011101000
000000000000000000000000010011100100100
000000000000000000000000010011101100000
000000000000000000000000010011110011100
000000000000000000000000010011111011000
000000000000000000000000010100000010100
000000000000000000000000010100001010000
000000000000000000000000010100010001100
000000000000000000000000010100011001000
000000000000000000000000010100100000100
000000000000000000000000010100101000000
000000000000000000000000010100101111100
000000000000000000000000010100110111000
000000000000000000000000010100111110100
000000000000000000000000010101000110000
000000000000000000000000010101001101100
000000000000000000000000010101010101000
000000000000000000000000010101011100100
000000000000000000000000010101100100000
000000000000000000000000010101101011100
000000000000000000000000010101110011000
000000000000000000000000010101111010100
000000000000000000000000010110000010000
000000000000000000000000010110001001100
000000000000000000000000010110010001000
000000000000000000000000010110011000100
000000000000000000000000010110100000000
000000000000000000000000010110100111100
000000000000000000000000010110101111000
000000000000000000000000010110110110100
000000000000000000000000010110111110000
000000000000000000000000010111000101100
000000000000000000000000010111001101000
000000000000000000000000010111010100100
000000000000000000000000010111011100000
000000000000000000000000010111100011100
000000000000000000000000010111101011000
000000000000000000000000010111110010100
000000000000000000000000010111111010000
000000000000000000000000011000000001100
000000000000000000000000011000001001000
000000000000000000000000011000010000100
000000000000000000000000011000011000000
000000000000000000000000011000011111100
000000000000000000000000011000100111000
000000000000000000000000011000101110100
000000000000000000000000011000110110000
000000000000000000000000011000111101100
000000000000000000000000011001000101000
000000000000000000000000011001001100100
000000000000000000000000011001010100000
000000000000000000000000011001011011100
000000000000000000000000011001100011000
000000000000000000000000011001101010100
000000000000000000000000011001110010000
000000000000000000000000011001111001100
000000000000000000000000011010000001000
000000000000000000000000011010001000100
000000000000000000000000011010010000000
000000000000000000000000011010010111100
000000000000000000000000011010011111000
000000000000000000000000011010100110100
000000000000000000000000011010101110000
000000000000000000000000011010110101100
000000000000000000000000011010111101000
000000000000000000000000011011000100100
000000000000000000000000011011001100000
000000000000000000000000011011010011100
000000000000000000000000011011011011000
000000000000000000000000011011100010100
000000000000000000000000011011101010000
000000000000000000000000011011110001100
000000000000000000000000011011111001000
000000000000000000000000011100000000100
000000000000000000000000011100001000000
000000000000000000000000011100001111100
000000000000000000000000011100010111000
000000000000000000000000011100011110100
000000000000000000000000011100100110000
000000000000000000000000011100101101100
000000000000000000000000011100110101000
000000000000000000000000011100111100100
000000000000000000000000011101000100000
000000000000000000000000011101001011100
000000000000000000000000011101010011000
000000000000000000000000011101011010100
000000000000000000000000011101100010000
000000000000000000000000011101101001100
000000000000000000000000011101110001000
000000000000000000000000011101111000100
