000000000000000000000000000000000000000
000000000000000000000000000000011010101
000000000000000000000000000000110101010
000000000000000000000000000001001111111
000000000000000000000000000001101010100
000000000000000000000000000010000101001
000000000000000000000000000010011111110
000000000000000000000000000010111010011
000000000000000000000000000011010101000
000000000000000000000000000011101111101
000000000000000000000000000100001010010
000000000000000000000000000100100100111
000000000000000000000000000100111111100
000000000000000000000000000101011010001
000000000000000000000000000101110100110
000000000000000000000000000110001111011
000000000000000000000000000110101010000
000000000000000000000000000111000100101
000000000000000000000000000111011111010
000000000000000000000000000111111001111
000000000000000000000000001000010100100
000000000000000000000000001000101111001
000000000000000000000000001001001001110
000000000000000000000000001001100100011
000000000000000000000000001001111111000
000000000000000000000000001010011001101
000000000000000000000000001010110100010
000000000000000000000000001011001110111
000000000000000000000000001011101001100
000000000000000000000000001100000100001
000000000000000000000000001100011110110
000000000000000000000000001100111001011
000000000000000000000000001101010100000
000000000000000000000000001101101110101
000000000000000000000000001110001001010
000000000000000000000000001110100011111
000000000000000000000000001110111110100
000000000000000000000000001111011001001
000000000000000000000000001111110011110
000000000000000000000000010000001110011
000000000000000000000000010000101001000
000000000000000000000000010001000011101
000000000000000000000000010001011110010
000000000000000000000000010001111000111
000000000000000000000000010010010011100
000000000000000000000000010010101110001
000000000000000000000000010011001000110
000000000000000000000000010011100011011
000000000000000000000000010011111110000
000000000000000000000000010100011000101
000000000000000000000000010100110011010
000000000000000000000000010101001101111
000000000000000000000000010101101000100
000000000000000000000000010110000011001
000000000000000000000000010110011101110
000000000000000000000000010110111000011
000000000000000000000000010111010011000
000000000000000000000000010111101101101
000000000000000000000000011000001000010
000000000000000000000000011000100010111
000000000000000000000000011000111101100
000000000000000000000000011001011000001
000000000000000000000000011001110010110
000000000000000000000000011010001101011
000000000000000000000000011010101000000
000000000000000000000000011011000010101
000000000000000000000000011011011101010
000000000000000000000000011011110111111
000000000000000000000000011100010010100
000000000000000000000000011100101101001
000000000000000000000000011101000111110
000000000000000000000000011101100010011
000000000000000000000000011101111101000
000000000000000000000000011110010111101
000000000000000000000000011110110010010
000000000000000000000000011111001100111
000000000000000000000000011111100111100
000000000000000000000000100000000010001
000000000000000000000000100000011100110
000000000000000000000000100000110111011
000000000000000000000000100001010010000
000000000000000000000000100001101100101
000000000000000000000000100010000111010
000000000000000000000000100010100001111
000000000000000000000000100010111100100
000000000000000000000000100011010111001
000000000000000000000000100011110001110
000000000000000000000000100100001100011
000000000000000000000000100100100111000
000000000000000000000000100101000001101
000000000000000000000000100101011100010
000000000000000000000000100101110110111
000000000000000000000000100110010001100
000000000000000000000000100110101100001
000000000000000000000000100111000110110
000000000000000000000000100111100001011
000000000000000000000000100111111100000
000000000000000000000000101000010110101
000000000000000000000000101000110001010
000000000000000000000000101001001011111
000000000000000000000000101001100110100
000000000000000000000000101010000001001
000000000000000000000000101010011011110
000000000000000000000000101010110110011
000000000000000000000000101011010001000
000000000000000000000000101011101011101
000000000000000000000000101100000110010
000000000000000000000000101100100000111
000000000000000000000000101100111011100
000000000000000000000000101101010110001
000000000000000000000000101101110000110
000000000000000000000000101110001011011
000000000000000000000000101110100110000
000000000000000000000000101111000000101
000000000000000000000000101111011011010
000000000000000000000000101111110101111
000000000000000000000000110000010000100
000000000000000000000000110000101011001
000000000000000000000000110001000101110
000000000000000000000000110001100000011
000000000000000000000000110001111011000
000000000000000000000000110010010101101
000000000000000000000000110010110000010
000000000000000000000000110011001010111
000000000000000000000000110011100101100
000000000000000000000000110100000000001
000000000000000000000000110100011010110
000000000000000000000000110100110101011
000000000000000000000000110101010000000
000000000000000000000000110101101010101
000000000000000000000000110110000101010
000000000000000000000000110110011111111
000000000000000000000000110110111010100
000000000000000000000000110111010101001
000000000000000000000000110111101111110
000000000000000000000000111000001010011
000000000000000000000000111000100101000
000000000000000000000000111000111111101
000000000000000000000000111001011010010
000000000000000000000000111001110100111
000000000000000000000000111010001111100
000000000000000000000000111010101010001
000000000000000000000000111011000100110
000000000000000000000000111011011111011
000000000000000000000000111011111010000
000000000000000000000000111100010100101
000000000000000000000000111100101111010
000000000000000000000000111101001001111
000000000000000000000000111101100100100
000000000000000000000000111101111111001
000000000000000000000000111110011001110
000000000000000000000000111110110100011
000000000000000000000000111111001111000
000000000000000000000000111111101001101
000000000000000000000001000000000100010
000000000000000000000001000000011110111
000000000000000000000001000000111001100
000000000000000000000001000001010100001
000000000000000000000001000001101110110
000000000000000000000001000010001001011
000000000000000000000001000010100100000
000000000000000000000001000010111110101
000000000000000000000001000011011001010
000000000000000000000001000011110011111
000000000000000000000001000100001110100
000000000000000000000001000100101001001
000000000000000000000001000101000011110
000000000000000000000001000101011110011
000000000000000000000001000101111001000
000000000000000000000001000110010011101
000000000000000000000001000110101110010
000000000000000000000001000111001000111
000000000000000000000001000111100011100
000000000000000000000001000111111110001
000000000000000000000001001000011000110
000000000000000000000001001000110011011
000000000000000000000001001001001110000
000000000000000000000001001001101000101
000000000000000000000001001010000011010
000000000000000000000001001010011101111
000000000000000000000001001010111000100
000000000000000000000001001011010011001
000000000000000000000001001011101101110
000000000000000000000001001100001000011
000000000000000000000001001100100011000
000000000000000000000001001100111101101
000000000000000000000001001101011000010
000000000000000000000001001101110010111
000000000000000000000001001110001101100
000000000000000000000001001110101000001
000000000000000000000001001111000010110
000000000000000000000001001111011101011
000000000000000000000001001111111000000
000000000000000000000001010000010010101
000000000000000000000001010000101101010
000000000000000000000001010001000111111
000000000000000000000001010001100010100
000000000000000000000001010001111101001
000000000000000000000001010010010111110
000000000000000000000001010010110010011
000000000000000000000001010011001101000
000000000000000000000001010011100111101
000000000000000000000001010100000010010
000000000000000000000001010100011100111
000000000000000000000001010100110111100
000000000000000000000001010101010010001
000000000000000000000001010101101100110
000000000000000000000001010110000111011
000000000000000000000001010110100010000
000000000000000000000001010110111100101
000000000000000000000001010111010111010
000000000000000000000001010111110001111
000000000000000000000001011000001100100
000000000000000000000001011000100111001
000000000000000000000001011001000001110
000000000000000000000001011001011100011
000000000000000000000001011001110111000
000000000000000000000001011010010001101
000000000000000000000001011010101100010
000000000000000000000001011011000110111
000000000000000000000001011011100001100
000000000000000000000001011011111100001
000000000000000000000001011100010110110
000000000000000000000001011100110001011
000000000000000000000001011101001100000
000000000000000000000001011101100110101
000000000000000000000001011110000001010
000000000000000000000001011110011011111
000000000000000000000001011110110110100
000000000000000000000001011111010001001
000000000000000000000001011111101011110
000000000000000000000001100000000110011
000000000000000000000001100000100001000
000000000000000000000001100000111011101
000000000000000000000001100001010110010
000000000000000000000001100001110000111
000000000000000000000001100010001011100
000000000000000000000001100010100110001
000000000000000000000001100011000000110
000000000000000000000001100011011011011
000000000000000000000001100011110110000
000000000000000000000001100100010000101
000000000000000000000001100100101011010
000000000000000000000001100101000101111
000000000000000000000001100101100000100
000000000000000000000001100101111011001
000000000000000000000001100110010101110
000000000000000000000001100110110000011
000000000000000000000001100111001011000
000000000000000000000001100111100101101
000000000000000000000001101000000000010
000000000000000000000001101000011010111
000000000000000000000001101000110101100
000000000000000000000001101001010000001
000000000000000000000001101001101010110
000000000000000000000001101010000101011
