000000000000000000000000000000000000000
111111111111111111111111111111100101001
111111111111111111111111111111001010010
111111111111111111111111111110101111011
111111111111111111111111111110010100100
111111111111111111111111111101111001101
111111111111111111111111111101011110110
111111111111111111111111111101000011111
111111111111111111111111111100101001000
111111111111111111111111111100001110001
111111111111111111111111111011110011010
111111111111111111111111111011011000011
111111111111111111111111111010111101100
111111111111111111111111111010100010101
111111111111111111111111111010000111110
111111111111111111111111111001101100111
111111111111111111111111111001010010000
111111111111111111111111111000110111001
111111111111111111111111111000011100010
111111111111111111111111111000000001011
111111111111111111111111110111100110100
111111111111111111111111110111001011101
111111111111111111111111110110110000110
111111111111111111111111110110010101111
111111111111111111111111110101111011000
111111111111111111111111110101100000001
111111111111111111111111110101000101010
111111111111111111111111110100101010011
111111111111111111111111110100001111100
111111111111111111111111110011110100101
111111111111111111111111110011011001110
111111111111111111111111110010111110111
111111111111111111111111110010100100000
111111111111111111111111110010001001001
111111111111111111111111110001101110010
111111111111111111111111110001010011011
111111111111111111111111110000111000100
111111111111111111111111110000011101101
111111111111111111111111110000000010110
111111111111111111111111101111100111111
111111111111111111111111101111001101000
111111111111111111111111101110110010001
111111111111111111111111101110010111010
111111111111111111111111101101111100011
111111111111111111111111101101100001100
111111111111111111111111101101000110101
111111111111111111111111101100101011110
111111111111111111111111101100010000111
111111111111111111111111101011110110000
111111111111111111111111101011011011001
111111111111111111111111101011000000010
111111111111111111111111101010100101011
111111111111111111111111101010001010100
111111111111111111111111101001101111101
111111111111111111111111101001010100110
111111111111111111111111101000111001111
111111111111111111111111101000011111000
111111111111111111111111101000000100001
111111111111111111111111100111101001010
111111111111111111111111100111001110011
111111111111111111111111100110110011100
111111111111111111111111100110011000101
111111111111111111111111100101111101110
111111111111111111111111100101100010111
111111111111111111111111100101001000000
111111111111111111111111100100101101001
111111111111111111111111100100010010010
111111111111111111111111100011110111011
111111111111111111111111100011011100100
111111111111111111111111100011000001101
111111111111111111111111100010100110110
111111111111111111111111100010001011111
111111111111111111111111100001110001000
111111111111111111111111100001010110001
111111111111111111111111100000111011010
111111111111111111111111100000100000011
111111111111111111111111100000000101100
111111111111111111111111011111101010101
111111111111111111111111011111001111110
111111111111111111111111011110110100111
111111111111111111111111011110011010000
111111111111111111111111011101111111001
111111111111111111111111011101100100010
111111111111111111111111011101001001011
111111111111111111111111011100101110100
111111111111111111111111011100010011101
111111111111111111111111011011111000110
111111111111111111111111011011011101111
111111111111111111111111011011000011000
111111111111111111111111011010101000001
111111111111111111111111011010001101010
111111111111111111111111011001110010011
111111111111111111111111011001010111100
111111111111111111111111011000111100101
111111111111111111111111011000100001110
111111111111111111111111011000000110111
111111111111111111111111010111101100000
111111111111111111111111010111010001001
111111111111111111111111010110110110010
111111111111111111111111010110011011011
111111111111111111111111010110000000100
111111111111111111111111010101100101101
111111111111111111111111010101001010110
111111111111111111111111010100101111111
111111111111111111111111010100010101000
111111111111111111111111010011111010001
111111111111111111111111010011011111010
111111111111111111111111010011000100011
111111111111111111111111010010101001100
111111111111111111111111010010001110101
111111111111111111111111010001110011110
111111111111111111111111010001011000111
111111111111111111111111010000111110000
111111111111111111111111010000100011001
111111111111111111111111010000001000010
111111111111111111111111001111101101011
111111111111111111111111001111010010100
111111111111111111111111001110110111101
111111111111111111111111001110011100110
111111111111111111111111001110000001111
111111111111111111111111001101100111000
111111111111111111111111001101001100001
111111111111111111111111001100110001010
111111111111111111111111001100010110011
111111111111111111111111001011111011100
111111111111111111111111001011100000101
111111111111111111111111001011000101110
111111111111111111111111001010101010111
111111111111111111111111001010010000000
111111111111111111111111001001110101001
111111111111111111111111001001011010010
111111111111111111111111001000111111011
111111111111111111111111001000100100100
111111111111111111111111001000001001101
111111111111111111111111000111101110110
111111111111111111111111000111010011111
111111111111111111111111000110111001000
111111111111111111111111000110011110001
111111111111111111111111000110000011010
111111111111111111111111000101101000011
111111111111111111111111000101001101100
111111111111111111111111000100110010101
111111111111111111111111000100010111110
111111111111111111111111000011111100111
111111111111111111111111000011100010000
111111111111111111111111000011000111001
111111111111111111111111000010101100010
111111111111111111111111000010010001011
111111111111111111111111000001110110100
111111111111111111111111000001011011101
111111111111111111111111000001000000110
111111111111111111111111000000100101111
111111111111111111111111000000001011000
111111111111111111111110111111110000001
111111111111111111111110111111010101010
111111111111111111111110111110111010011
111111111111111111111110111110011111100
111111111111111111111110111110000100101
111111111111111111111110111101101001110
111111111111111111111110111101001110111
111111111111111111111110111100110100000
111111111111111111111110111100011001001
111111111111111111111110111011111110010
111111111111111111111110111011100011011
111111111111111111111110111011001000100
111111111111111111111110111010101101101
111111111111111111111110111010010010110
111111111111111111111110111001110111111
111111111111111111111110111001011101000
111111111111111111111110111001000010001
111111111111111111111110111000100111010
111111111111111111111110111000001100011
111111111111111111111110110111110001100
111111111111111111111110110111010110101
111111111111111111111110110110111011110
111111111111111111111110110110100000111
111111111111111111111110110110000110000
111111111111111111111110110101101011001
111111111111111111111110110101010000010
111111111111111111111110110100110101011
111111111111111111111110110100011010100
111111111111111111111110110011111111101
111111111111111111111110110011100100110
111111111111111111111110110011001001111
111111111111111111111110110010101111000
111111111111111111111110110010010100001
111111111111111111111110110001111001010
111111111111111111111110110001011110011
111111111111111111111110110001000011100
111111111111111111111110110000101000101
111111111111111111111110110000001101110
111111111111111111111110101111110010111
111111111111111111111110101111011000000
111111111111111111111110101110111101001
111111111111111111111110101110100010010
111111111111111111111110101110000111011
111111111111111111111110101101101100100
111111111111111111111110101101010001101
111111111111111111111110101100110110110
111111111111111111111110101100011011111
111111111111111111111110101100000001000
111111111111111111111110101011100110001
111111111111111111111110101011001011010
111111111111111111111110101010110000011
111111111111111111111110101010010101100
111111111111111111111110101001111010101
111111111111111111111110101001011111110
111111111111111111111110101001000100111
111111111111111111111110101000101010000
111111111111111111111110101000001111001
111111111111111111111110100111110100010
111111111111111111111110100111011001011
111111111111111111111110100110111110100
111111111111111111111110100110100011101
111111111111111111111110100110001000110
111111111111111111111110100101101101111
111111111111111111111110100101010011000
111111111111111111111110100100111000001
111111111111111111111110100100011101010
111111111111111111111110100100000010011
111111111111111111111110100011100111100
111111111111111111111110100011001100101
111111111111111111111110100010110001110
111111111111111111111110100010010110111
111111111111111111111110100001111100000
111111111111111111111110100001100001001
111111111111111111111110100001000110010
111111111111111111111110100000101011011
111111111111111111111110100000010000100
111111111111111111111110011111110101101
111111111111111111111110011111011010110
111111111111111111111110011110111111111
111111111111111111111110011110100101000
111111111111111111111110011110001010001
111111111111111111111110011101101111010
111111111111111111111110011101010100011
111111111111111111111110011100111001100
111111111111111111111110011100011110101
111111111111111111111110011100000011110
111111111111111111111110011011101000111
111111111111111111111110011011001110000
111111111111111111111110011010110011001
111111111111111111111110011010011000010
111111111111111111111110011001111101011
111111111111111111111110011001100010100
111111111111111111111110011001000111101
111111111111111111111110011000101100110
111111111111111111111110011000010001111
111111111111111111111110010111110111000
111111111111111111111110010111011100001
111111111111111111111110010111000001010
111111111111111111111110010110100110011
111111111111111111111110010110001011100
111111111111111111111110010101110000101
111111111111111111111110010101010101110
111111111111111111111110010100111010111
