000000000000000000000000000000000000000
111111111111111111111111111111110111101
111111111111111111111111111111101111010
111111111111111111111111111111100110111
111111111111111111111111111111011110100
111111111111111111111111111111010110001
111111111111111111111111111111001101110
111111111111111111111111111111000101011
111111111111111111111111111110111101000
111111111111111111111111111110110100101
111111111111111111111111111110101100010
111111111111111111111111111110100011111
111111111111111111111111111110011011100
111111111111111111111111111110010011001
111111111111111111111111111110001010110
111111111111111111111111111110000010011
111111111111111111111111111101111010000
111111111111111111111111111101110001101
111111111111111111111111111101101001010
111111111111111111111111111101100000111
111111111111111111111111111101011000100
111111111111111111111111111101010000001
111111111111111111111111111101000111110
111111111111111111111111111100111111011
111111111111111111111111111100110111000
111111111111111111111111111100101110101
111111111111111111111111111100100110010
111111111111111111111111111100011101111
111111111111111111111111111100010101100
111111111111111111111111111100001101001
111111111111111111111111111100000100110
111111111111111111111111111011111100011
111111111111111111111111111011110100000
111111111111111111111111111011101011101
111111111111111111111111111011100011010
111111111111111111111111111011011010111
111111111111111111111111111011010010100
111111111111111111111111111011001010001
111111111111111111111111111011000001110
111111111111111111111111111010111001011
111111111111111111111111111010110001000
111111111111111111111111111010101000101
111111111111111111111111111010100000010
111111111111111111111111111010010111111
111111111111111111111111111010001111100
111111111111111111111111111010000111001
111111111111111111111111111001111110110
111111111111111111111111111001110110011
111111111111111111111111111001101110000
111111111111111111111111111001100101101
111111111111111111111111111001011101010
111111111111111111111111111001010100111
111111111111111111111111111001001100100
111111111111111111111111111001000100001
111111111111111111111111111000111011110
111111111111111111111111111000110011011
111111111111111111111111111000101011000
111111111111111111111111111000100010101
111111111111111111111111111000011010010
111111111111111111111111111000010001111
111111111111111111111111111000001001100
111111111111111111111111111000000001001
111111111111111111111111110111111000110
111111111111111111111111110111110000011
111111111111111111111111110111101000000
111111111111111111111111110111011111101
111111111111111111111111110111010111010
111111111111111111111111110111001110111
111111111111111111111111110111000110100
111111111111111111111111110110111110001
111111111111111111111111110110110101110
111111111111111111111111110110101101011
111111111111111111111111110110100101000
111111111111111111111111110110011100101
111111111111111111111111110110010100010
111111111111111111111111110110001011111
111111111111111111111111110110000011100
111111111111111111111111110101111011001
111111111111111111111111110101110010110
111111111111111111111111110101101010011
111111111111111111111111110101100010000
111111111111111111111111110101011001101
111111111111111111111111110101010001010
111111111111111111111111110101001000111
111111111111111111111111110101000000100
111111111111111111111111110100111000001
111111111111111111111111110100101111110
111111111111111111111111110100100111011
111111111111111111111111110100011111000
111111111111111111111111110100010110101
111111111111111111111111110100001110010
111111111111111111111111110100000101111
111111111111111111111111110011111101100
111111111111111111111111110011110101001
111111111111111111111111110011101100110
111111111111111111111111110011100100011
111111111111111111111111110011011100000
111111111111111111111111110011010011101
111111111111111111111111110011001011010
111111111111111111111111110011000010111
111111111111111111111111110010111010100
111111111111111111111111110010110010001
111111111111111111111111110010101001110
111111111111111111111111110010100001011
111111111111111111111111110010011001000
111111111111111111111111110010010000101
111111111111111111111111110010001000010
111111111111111111111111110001111111111
111111111111111111111111110001110111100
111111111111111111111111110001101111001
111111111111111111111111110001100110110
111111111111111111111111110001011110011
111111111111111111111111110001010110000
111111111111111111111111110001001101101
111111111111111111111111110001000101010
111111111111111111111111110000111100111
111111111111111111111111110000110100100
111111111111111111111111110000101100001
111111111111111111111111110000100011110
111111111111111111111111110000011011011
111111111111111111111111110000010011000
111111111111111111111111110000001010101
111111111111111111111111110000000010010
111111111111111111111111101111111001111
111111111111111111111111101111110001100
111111111111111111111111101111101001001
111111111111111111111111101111100000110
111111111111111111111111101111011000011
111111111111111111111111101111010000000
111111111111111111111111101111000111101
111111111111111111111111101110111111010
111111111111111111111111101110110110111
111111111111111111111111101110101110100
111111111111111111111111101110100110001
111111111111111111111111101110011101110
111111111111111111111111101110010101011
111111111111111111111111101110001101000
111111111111111111111111101110000100101
111111111111111111111111101101111100010
111111111111111111111111101101110011111
111111111111111111111111101101101011100
111111111111111111111111101101100011001
111111111111111111111111101101011010110
111111111111111111111111101101010010011
111111111111111111111111101101001010000
111111111111111111111111101101000001101
111111111111111111111111101100111001010
111111111111111111111111101100110000111
111111111111111111111111101100101000100
111111111111111111111111101100100000001
111111111111111111111111101100010111110
111111111111111111111111101100001111011
111111111111111111111111101100000111000
111111111111111111111111101011111110101
111111111111111111111111101011110110010
111111111111111111111111101011101101111
111111111111111111111111101011100101100
111111111111111111111111101011011101001
111111111111111111111111101011010100110
111111111111111111111111101011001100011
111111111111111111111111101011000100000
111111111111111111111111101010111011101
111111111111111111111111101010110011010
111111111111111111111111101010101010111
111111111111111111111111101010100010100
111111111111111111111111101010011010001
111111111111111111111111101010010001110
111111111111111111111111101010001001011
111111111111111111111111101010000001000
111111111111111111111111101001111000101
111111111111111111111111101001110000010
111111111111111111111111101001100111111
111111111111111111111111101001011111100
111111111111111111111111101001010111001
111111111111111111111111101001001110110
111111111111111111111111101001000110011
111111111111111111111111101000111110000
111111111111111111111111101000110101101
111111111111111111111111101000101101010
111111111111111111111111101000100100111
111111111111111111111111101000011100100
111111111111111111111111101000010100001
111111111111111111111111101000001011110
111111111111111111111111101000000011011
111111111111111111111111100111111011000
111111111111111111111111100111110010101
111111111111111111111111100111101010010
111111111111111111111111100111100001111
111111111111111111111111100111011001100
111111111111111111111111100111010001001
111111111111111111111111100111001000110
111111111111111111111111100111000000011
111111111111111111111111100110111000000
111111111111111111111111100110101111101
111111111111111111111111100110100111010
111111111111111111111111100110011110111
111111111111111111111111100110010110100
111111111111111111111111100110001110001
111111111111111111111111100110000101110
111111111111111111111111100101111101011
111111111111111111111111100101110101000
111111111111111111111111100101101100101
111111111111111111111111100101100100010
111111111111111111111111100101011011111
111111111111111111111111100101010011100
111111111111111111111111100101001011001
111111111111111111111111100101000010110
111111111111111111111111100100111010011
111111111111111111111111100100110010000
111111111111111111111111100100101001101
111111111111111111111111100100100001010
111111111111111111111111100100011000111
111111111111111111111111100100010000100
111111111111111111111111100100001000001
111111111111111111111111100011111111110
111111111111111111111111100011110111011
111111111111111111111111100011101111000
111111111111111111111111100011100110101
111111111111111111111111100011011110010
111111111111111111111111100011010101111
111111111111111111111111100011001101100
111111111111111111111111100011000101001
111111111111111111111111100010111100110
111111111111111111111111100010110100011
111111111111111111111111100010101100000
111111111111111111111111100010100011101
111111111111111111111111100010011011010
111111111111111111111111100010010010111
111111111111111111111111100010001010100
111111111111111111111111100010000010001
111111111111111111111111100001111001110
111111111111111111111111100001110001011
111111111111111111111111100001101001000
111111111111111111111111100001100000101
111111111111111111111111100001011000010
111111111111111111111111100001001111111
111111111111111111111111100001000111100
111111111111111111111111100000111111001
111111111111111111111111100000110110110
111111111111111111111111100000101110011
111111111111111111111111100000100110000
111111111111111111111111100000011101101
111111111111111111111111100000010101010
111111111111111111111111100000001100111
111111111111111111111111100000000100100
111111111111111111111111011111111100001
111111111111111111111111011111110011110
111111111111111111111111011111101011011
111111111111111111111111011111100011000
111111111111111111111111011111011010101
111111111111111111111111011111010010010
111111111111111111111111011111001001111
111111111111111111111111011111000001100
111111111111111111111111011110111001001
111111111111111111111111011110110000110
111111111111111111111111011110101000011
