000000000000000000000000000000000000000
000000000000000000000000000000001000111
000000000000000000000000000000010001110
000000000000000000000000000000011010101
000000000000000000000000000000100011100
000000000000000000000000000000101100011
000000000000000000000000000000110101010
000000000000000000000000000000111110001
000000000000000000000000000001000111000
000000000000000000000000000001001111111
000000000000000000000000000001011000110
000000000000000000000000000001100001101
000000000000000000000000000001101010100
000000000000000000000000000001110011011
000000000000000000000000000001111100010
000000000000000000000000000010000101001
000000000000000000000000000010001110000
000000000000000000000000000010010110111
000000000000000000000000000010011111110
000000000000000000000000000010101000101
000000000000000000000000000010110001100
000000000000000000000000000010111010011
000000000000000000000000000011000011010
000000000000000000000000000011001100001
000000000000000000000000000011010101000
000000000000000000000000000011011101111
000000000000000000000000000011100110110
000000000000000000000000000011101111101
000000000000000000000000000011111000100
000000000000000000000000000100000001011
000000000000000000000000000100001010010
000000000000000000000000000100010011001
000000000000000000000000000100011100000
000000000000000000000000000100100100111
000000000000000000000000000100101101110
000000000000000000000000000100110110101
000000000000000000000000000100111111100
000000000000000000000000000101001000011
000000000000000000000000000101010001010
000000000000000000000000000101011010001
000000000000000000000000000101100011000
000000000000000000000000000101101011111
000000000000000000000000000101110100110
000000000000000000000000000101111101101
000000000000000000000000000110000110100
000000000000000000000000000110001111011
000000000000000000000000000110011000010
000000000000000000000000000110100001001
000000000000000000000000000110101010000
000000000000000000000000000110110010111
000000000000000000000000000110111011110
000000000000000000000000000111000100101
000000000000000000000000000111001101100
000000000000000000000000000111010110011
000000000000000000000000000111011111010
000000000000000000000000000111101000001
000000000000000000000000000111110001000
000000000000000000000000000111111001111
000000000000000000000000001000000010110
000000000000000000000000001000001011101
000000000000000000000000001000010100100
000000000000000000000000001000011101011
000000000000000000000000001000100110010
000000000000000000000000001000101111001
000000000000000000000000001000111000000
000000000000000000000000001001000000111
000000000000000000000000001001001001110
000000000000000000000000001001010010101
000000000000000000000000001001011011100
000000000000000000000000001001100100011
000000000000000000000000001001101101010
000000000000000000000000001001110110001
000000000000000000000000001001111111000
000000000000000000000000001010000111111
000000000000000000000000001010010000110
000000000000000000000000001010011001101
000000000000000000000000001010100010100
000000000000000000000000001010101011011
000000000000000000000000001010110100010
000000000000000000000000001010111101001
000000000000000000000000001011000110000
000000000000000000000000001011001110111
000000000000000000000000001011010111110
000000000000000000000000001011100000101
000000000000000000000000001011101001100
000000000000000000000000001011110010011
000000000000000000000000001011111011010
000000000000000000000000001100000100001
000000000000000000000000001100001101000
000000000000000000000000001100010101111
000000000000000000000000001100011110110
000000000000000000000000001100100111101
000000000000000000000000001100110000100
000000000000000000000000001100111001011
000000000000000000000000001101000010010
000000000000000000000000001101001011001
000000000000000000000000001101010100000
000000000000000000000000001101011100111
000000000000000000000000001101100101110
000000000000000000000000001101101110101
000000000000000000000000001101110111100
000000000000000000000000001110000000011
000000000000000000000000001110001001010
000000000000000000000000001110010010001
000000000000000000000000001110011011000
000000000000000000000000001110100011111
000000000000000000000000001110101100110
000000000000000000000000001110110101101
000000000000000000000000001110111110100
000000000000000000000000001111000111011
000000000000000000000000001111010000010
000000000000000000000000001111011001001
000000000000000000000000001111100010000
000000000000000000000000001111101010111
000000000000000000000000001111110011110
000000000000000000000000001111111100101
000000000000000000000000010000000101100
000000000000000000000000010000001110011
000000000000000000000000010000010111010
000000000000000000000000010000100000001
000000000000000000000000010000101001000
000000000000000000000000010000110001111
000000000000000000000000010000111010110
000000000000000000000000010001000011101
000000000000000000000000010001001100100
000000000000000000000000010001010101011
000000000000000000000000010001011110010
000000000000000000000000010001100111001
000000000000000000000000010001110000000
000000000000000000000000010001111000111
000000000000000000000000010010000001110
000000000000000000000000010010001010101
000000000000000000000000010010010011100
000000000000000000000000010010011100011
000000000000000000000000010010100101010
000000000000000000000000010010101110001
000000000000000000000000010010110111000
000000000000000000000000010010111111111
000000000000000000000000010011001000110
000000000000000000000000010011010001101
000000000000000000000000010011011010100
000000000000000000000000010011100011011
000000000000000000000000010011101100010
000000000000000000000000010011110101001
000000000000000000000000010011111110000
000000000000000000000000010100000110111
000000000000000000000000010100001111110
000000000000000000000000010100011000101
000000000000000000000000010100100001100
000000000000000000000000010100101010011
000000000000000000000000010100110011010
000000000000000000000000010100111100001
000000000000000000000000010101000101000
000000000000000000000000010101001101111
000000000000000000000000010101010110110
000000000000000000000000010101011111101
000000000000000000000000010101101000100
000000000000000000000000010101110001011
000000000000000000000000010101111010010
000000000000000000000000010110000011001
000000000000000000000000010110001100000
000000000000000000000000010110010100111
000000000000000000000000010110011101110
000000000000000000000000010110100110101
000000000000000000000000010110101111100
000000000000000000000000010110111000011
000000000000000000000000010111000001010
000000000000000000000000010111001010001
000000000000000000000000010111010011000
000000000000000000000000010111011011111
000000000000000000000000010111100100110
000000000000000000000000010111101101101
000000000000000000000000010111110110100
000000000000000000000000010111111111011
000000000000000000000000011000001000010
000000000000000000000000011000010001001
000000000000000000000000011000011010000
000000000000000000000000011000100010111
000000000000000000000000011000101011110
000000000000000000000000011000110100101
000000000000000000000000011000111101100
000000000000000000000000011001000110011
000000000000000000000000011001001111010
000000000000000000000000011001011000001
000000000000000000000000011001100001000
000000000000000000000000011001101001111
000000000000000000000000011001110010110
000000000000000000000000011001111011101
000000000000000000000000011010000100100
000000000000000000000000011010001101011
000000000000000000000000011010010110010
000000000000000000000000011010011111001
000000000000000000000000011010101000000
000000000000000000000000011010110000111
000000000000000000000000011010111001110
000000000000000000000000011011000010101
000000000000000000000000011011001011100
000000000000000000000000011011010100011
000000000000000000000000011011011101010
000000000000000000000000011011100110001
000000000000000000000000011011101111000
000000000000000000000000011011110111111
000000000000000000000000011100000000110
000000000000000000000000011100001001101
000000000000000000000000011100010010100
000000000000000000000000011100011011011
000000000000000000000000011100100100010
000000000000000000000000011100101101001
000000000000000000000000011100110110000
000000000000000000000000011100111110111
000000000000000000000000011101000111110
000000000000000000000000011101010000101
000000000000000000000000011101011001100
000000000000000000000000011101100010011
000000000000000000000000011101101011010
000000000000000000000000011101110100001
000000000000000000000000011101111101000
000000000000000000000000011110000101111
000000000000000000000000011110001110110
000000000000000000000000011110010111101
000000000000000000000000011110100000100
000000000000000000000000011110101001011
000000000000000000000000011110110010010
000000000000000000000000011110111011001
000000000000000000000000011111000100000
000000000000000000000000011111001100111
000000000000000000000000011111010101110
000000000000000000000000011111011110101
000000000000000000000000011111100111100
000000000000000000000000011111110000011
000000000000000000000000011111111001010
000000000000000000000000100000000010001
000000000000000000000000100000001011000
000000000000000000000000100000010011111
000000000000000000000000100000011100110
000000000000000000000000100000100101101
000000000000000000000000100000101110100
000000000000000000000000100000110111011
000000000000000000000000100001000000010
000000000000000000000000100001001001001
000000000000000000000000100001010010000
000000000000000000000000100001011010111
000000000000000000000000100001100011110
000000000000000000000000100001101100101
000000000000000000000000100001110101100
000000000000000000000000100001111110011
000000000000000000000000100010000111010
000000000000000000000000100010010000001
000000000000000000000000100010011001000
000000000000000000000000100010100001111
000000000000000000000000100010101010110
000000000000000000000000100010110011101
000000000000000000000000100010111100100
000000000000000000000000100011000101011
000000000000000000000000100011001110010
000000000000000000000000100011010111001
