000000000000000000000000000000000000000
000000000000000000000000000000000001011
000000000000000000000000000000000010110
000000000000000000000000000000000100001
000000000000000000000000000000000101100
000000000000000000000000000000000110111
000000000000000000000000000000001000010
000000000000000000000000000000001001101
000000000000000000000000000000001011000
000000000000000000000000000000001100011
000000000000000000000000000000001101110
000000000000000000000000000000001111001
000000000000000000000000000000010000100
000000000000000000000000000000010001111
000000000000000000000000000000010011010
000000000000000000000000000000010100101
000000000000000000000000000000010110000
000000000000000000000000000000010111011
000000000000000000000000000000011000110
000000000000000000000000000000011010001
000000000000000000000000000000011011100
000000000000000000000000000000011100111
000000000000000000000000000000011110010
000000000000000000000000000000011111101
000000000000000000000000000000100001000
000000000000000000000000000000100010011
000000000000000000000000000000100011110
000000000000000000000000000000100101001
000000000000000000000000000000100110100
000000000000000000000000000000100111111
000000000000000000000000000000101001010
000000000000000000000000000000101010101
000000000000000000000000000000101100000
000000000000000000000000000000101101011
000000000000000000000000000000101110110
000000000000000000000000000000110000001
000000000000000000000000000000110001100
000000000000000000000000000000110010111
000000000000000000000000000000110100010
000000000000000000000000000000110101101
000000000000000000000000000000110111000
000000000000000000000000000000111000011
000000000000000000000000000000111001110
000000000000000000000000000000111011001
000000000000000000000000000000111100100
000000000000000000000000000000111101111
000000000000000000000000000000111111010
000000000000000000000000000001000000101
000000000000000000000000000001000010000
000000000000000000000000000001000011011
000000000000000000000000000001000100110
000000000000000000000000000001000110001
000000000000000000000000000001000111100
000000000000000000000000000001001000111
000000000000000000000000000001001010010
000000000000000000000000000001001011101
000000000000000000000000000001001101000
000000000000000000000000000001001110011
000000000000000000000000000001001111110
000000000000000000000000000001010001001
000000000000000000000000000001010010100
000000000000000000000000000001010011111
000000000000000000000000000001010101010
000000000000000000000000000001010110101
000000000000000000000000000001011000000
000000000000000000000000000001011001011
000000000000000000000000000001011010110
000000000000000000000000000001011100001
000000000000000000000000000001011101100
000000000000000000000000000001011110111
000000000000000000000000000001100000010
000000000000000000000000000001100001101
000000000000000000000000000001100011000
000000000000000000000000000001100100011
000000000000000000000000000001100101110
000000000000000000000000000001100111001
000000000000000000000000000001101000100
000000000000000000000000000001101001111
000000000000000000000000000001101011010
000000000000000000000000000001101100101
000000000000000000000000000001101110000
000000000000000000000000000001101111011
000000000000000000000000000001110000110
000000000000000000000000000001110010001
000000000000000000000000000001110011100
000000000000000000000000000001110100111
000000000000000000000000000001110110010
000000000000000000000000000001110111101
000000000000000000000000000001111001000
000000000000000000000000000001111010011
000000000000000000000000000001111011110
000000000000000000000000000001111101001
000000000000000000000000000001111110100
000000000000000000000000000001111111111
000000000000000000000000000010000001010
000000000000000000000000000010000010101
000000000000000000000000000010000100000
000000000000000000000000000010000101011
000000000000000000000000000010000110110
000000000000000000000000000010001000001
000000000000000000000000000010001001100
000000000000000000000000000010001010111
000000000000000000000000000010001100010
000000000000000000000000000010001101101
000000000000000000000000000010001111000
000000000000000000000000000010010000011
000000000000000000000000000010010001110
000000000000000000000000000010010011001
000000000000000000000000000010010100100
000000000000000000000000000010010101111
000000000000000000000000000010010111010
000000000000000000000000000010011000101
000000000000000000000000000010011010000
000000000000000000000000000010011011011
000000000000000000000000000010011100110
000000000000000000000000000010011110001
000000000000000000000000000010011111100
000000000000000000000000000010100000111
000000000000000000000000000010100010010
000000000000000000000000000010100011101
000000000000000000000000000010100101000
000000000000000000000000000010100110011
000000000000000000000000000010100111110
000000000000000000000000000010101001001
000000000000000000000000000010101010100
000000000000000000000000000010101011111
000000000000000000000000000010101101010
000000000000000000000000000010101110101
000000000000000000000000000010110000000
000000000000000000000000000010110001011
000000000000000000000000000010110010110
000000000000000000000000000010110100001
000000000000000000000000000010110101100
000000000000000000000000000010110110111
000000000000000000000000000010111000010
000000000000000000000000000010111001101
000000000000000000000000000010111011000
000000000000000000000000000010111100011
000000000000000000000000000010111101110
000000000000000000000000000010111111001
000000000000000000000000000011000000100
000000000000000000000000000011000001111
000000000000000000000000000011000011010
000000000000000000000000000011000100101
000000000000000000000000000011000110000
000000000000000000000000000011000111011
000000000000000000000000000011001000110
000000000000000000000000000011001010001
000000000000000000000000000011001011100
000000000000000000000000000011001100111
000000000000000000000000000011001110010
000000000000000000000000000011001111101
000000000000000000000000000011010001000
000000000000000000000000000011010010011
000000000000000000000000000011010011110
000000000000000000000000000011010101001
000000000000000000000000000011010110100
000000000000000000000000000011010111111
000000000000000000000000000011011001010
000000000000000000000000000011011010101
000000000000000000000000000011011100000
000000000000000000000000000011011101011
000000000000000000000000000011011110110
000000000000000000000000000011100000001
000000000000000000000000000011100001100
000000000000000000000000000011100010111
000000000000000000000000000011100100010
000000000000000000000000000011100101101
000000000000000000000000000011100111000
000000000000000000000000000011101000011
000000000000000000000000000011101001110
000000000000000000000000000011101011001
000000000000000000000000000011101100100
000000000000000000000000000011101101111
000000000000000000000000000011101111010
000000000000000000000000000011110000101
000000000000000000000000000011110010000
000000000000000000000000000011110011011
000000000000000000000000000011110100110
000000000000000000000000000011110110001
000000000000000000000000000011110111100
000000000000000000000000000011111000111
000000000000000000000000000011111010010
000000000000000000000000000011111011101
000000000000000000000000000011111101000
000000000000000000000000000011111110011
000000000000000000000000000011111111110
000000000000000000000000000100000001001
000000000000000000000000000100000010100
000000000000000000000000000100000011111
000000000000000000000000000100000101010
000000000000000000000000000100000110101
000000000000000000000000000100001000000
000000000000000000000000000100001001011
000000000000000000000000000100001010110
000000000000000000000000000100001100001
000000000000000000000000000100001101100
000000000000000000000000000100001110111
000000000000000000000000000100010000010
000000000000000000000000000100010001101
000000000000000000000000000100010011000
000000000000000000000000000100010100011
000000000000000000000000000100010101110
000000000000000000000000000100010111001
000000000000000000000000000100011000100
000000000000000000000000000100011001111
000000000000000000000000000100011011010
000000000000000000000000000100011100101
000000000000000000000000000100011110000
000000000000000000000000000100011111011
000000000000000000000000000100100000110
000000000000000000000000000100100010001
000000000000000000000000000100100011100
000000000000000000000000000100100100111
000000000000000000000000000100100110010
000000000000000000000000000100100111101
000000000000000000000000000100101001000
000000000000000000000000000100101010011
000000000000000000000000000100101011110
000000000000000000000000000100101101001
000000000000000000000000000100101110100
000000000000000000000000000100101111111
000000000000000000000000000100110001010
000000000000000000000000000100110010101
000000000000000000000000000100110100000
000000000000000000000000000100110101011
000000000000000000000000000100110110110
000000000000000000000000000100111000001
000000000000000000000000000100111001100
000000000000000000000000000100111010111
000000000000000000000000000100111100010
000000000000000000000000000100111101101
000000000000000000000000000100111111000
000000000000000000000000000101000000011
000000000000000000000000000101000001110
000000000000000000000000000101000011001
000000000000000000000000000101000100100
000000000000000000000000000101000101111
000000000000000000000000000101000111010
000000000000000000000000000101001000101
000000000000000000000000000101001010000
000000000000000000000000000101001011011
000000000000000000000000000101001100110
000000000000000000000000000101001110001
000000000000000000000000000101001111100
000000000000000000000000000101010000111
000000000000000000000000000101010010010
000000000000000000000000000101010011101
000000000000000000000000000101010101000
000000000000000000000000000101010110011
000000000000000000000000000101010111110
000000000000000000000000000101011001001
000000000000000000000000000101011010100
000000000000000000000000000101011011111
000000000000000000000000000101011101010
000000000000000000000000000101011110101
