000000000000000000000000000000000000000
111111111111111111111111111111111110011
111111111111111111111111111111111100110
111111111111111111111111111111111011001
111111111111111111111111111111111001100
111111111111111111111111111111110111111
111111111111111111111111111111110110010
111111111111111111111111111111110100101
111111111111111111111111111111110011000
111111111111111111111111111111110001011
111111111111111111111111111111101111110
111111111111111111111111111111101110001
111111111111111111111111111111101100100
111111111111111111111111111111101010111
111111111111111111111111111111101001010
111111111111111111111111111111100111101
111111111111111111111111111111100110000
111111111111111111111111111111100100011
111111111111111111111111111111100010110
111111111111111111111111111111100001001
111111111111111111111111111111011111100
111111111111111111111111111111011101111
111111111111111111111111111111011100010
111111111111111111111111111111011010101
111111111111111111111111111111011001000
111111111111111111111111111111010111011
111111111111111111111111111111010101110
111111111111111111111111111111010100001
111111111111111111111111111111010010100
111111111111111111111111111111010000111
111111111111111111111111111111001111010
111111111111111111111111111111001101101
111111111111111111111111111111001100000
111111111111111111111111111111001010011
111111111111111111111111111111001000110
111111111111111111111111111111000111001
111111111111111111111111111111000101100
111111111111111111111111111111000011111
111111111111111111111111111111000010010
111111111111111111111111111111000000101
111111111111111111111111111110111111000
111111111111111111111111111110111101011
111111111111111111111111111110111011110
111111111111111111111111111110111010001
111111111111111111111111111110111000100
111111111111111111111111111110110110111
111111111111111111111111111110110101010
111111111111111111111111111110110011101
111111111111111111111111111110110010000
111111111111111111111111111110110000011
111111111111111111111111111110101110110
111111111111111111111111111110101101001
111111111111111111111111111110101011100
111111111111111111111111111110101001111
111111111111111111111111111110101000010
111111111111111111111111111110100110101
111111111111111111111111111110100101000
111111111111111111111111111110100011011
111111111111111111111111111110100001110
111111111111111111111111111110100000001
111111111111111111111111111110011110100
111111111111111111111111111110011100111
111111111111111111111111111110011011010
111111111111111111111111111110011001101
111111111111111111111111111110011000000
111111111111111111111111111110010110011
111111111111111111111111111110010100110
111111111111111111111111111110010011001
111111111111111111111111111110010001100
111111111111111111111111111110001111111
111111111111111111111111111110001110010
111111111111111111111111111110001100101
111111111111111111111111111110001011000
111111111111111111111111111110001001011
111111111111111111111111111110000111110
111111111111111111111111111110000110001
111111111111111111111111111110000100100
111111111111111111111111111110000010111
111111111111111111111111111110000001010
111111111111111111111111111101111111101
111111111111111111111111111101111110000
111111111111111111111111111101111100011
111111111111111111111111111101111010110
111111111111111111111111111101111001001
111111111111111111111111111101110111100
111111111111111111111111111101110101111
111111111111111111111111111101110100010
111111111111111111111111111101110010101
111111111111111111111111111101110001000
111111111111111111111111111101101111011
111111111111111111111111111101101101110
111111111111111111111111111101101100001
111111111111111111111111111101101010100
111111111111111111111111111101101000111
111111111111111111111111111101100111010
111111111111111111111111111101100101101
111111111111111111111111111101100100000
111111111111111111111111111101100010011
111111111111111111111111111101100000110
111111111111111111111111111101011111001
111111111111111111111111111101011101100
111111111111111111111111111101011011111
111111111111111111111111111101011010010
111111111111111111111111111101011000101
111111111111111111111111111101010111000
111111111111111111111111111101010101011
111111111111111111111111111101010011110
111111111111111111111111111101010010001
111111111111111111111111111101010000100
111111111111111111111111111101001110111
111111111111111111111111111101001101010
111111111111111111111111111101001011101
111111111111111111111111111101001010000
111111111111111111111111111101001000011
111111111111111111111111111101000110110
111111111111111111111111111101000101001
111111111111111111111111111101000011100
111111111111111111111111111101000001111
111111111111111111111111111101000000010
111111111111111111111111111100111110101
111111111111111111111111111100111101000
111111111111111111111111111100111011011
111111111111111111111111111100111001110
111111111111111111111111111100111000001
111111111111111111111111111100110110100
111111111111111111111111111100110100111
111111111111111111111111111100110011010
111111111111111111111111111100110001101
111111111111111111111111111100110000000
111111111111111111111111111100101110011
111111111111111111111111111100101100110
111111111111111111111111111100101011001
111111111111111111111111111100101001100
111111111111111111111111111100100111111
111111111111111111111111111100100110010
111111111111111111111111111100100100101
111111111111111111111111111100100011000
111111111111111111111111111100100001011
111111111111111111111111111100011111110
111111111111111111111111111100011110001
111111111111111111111111111100011100100
111111111111111111111111111100011010111
111111111111111111111111111100011001010
111111111111111111111111111100010111101
111111111111111111111111111100010110000
111111111111111111111111111100010100011
111111111111111111111111111100010010110
111111111111111111111111111100010001001
111111111111111111111111111100001111100
111111111111111111111111111100001101111
111111111111111111111111111100001100010
111111111111111111111111111100001010101
111111111111111111111111111100001001000
111111111111111111111111111100000111011
111111111111111111111111111100000101110
111111111111111111111111111100000100001
111111111111111111111111111100000010100
111111111111111111111111111100000000111
111111111111111111111111111011111111010
111111111111111111111111111011111101101
111111111111111111111111111011111100000
111111111111111111111111111011111010011
111111111111111111111111111011111000110
111111111111111111111111111011110111001
111111111111111111111111111011110101100
111111111111111111111111111011110011111
111111111111111111111111111011110010010
111111111111111111111111111011110000101
111111111111111111111111111011101111000
111111111111111111111111111011101101011
111111111111111111111111111011101011110
111111111111111111111111111011101010001
111111111111111111111111111011101000100
111111111111111111111111111011100110111
111111111111111111111111111011100101010
111111111111111111111111111011100011101
111111111111111111111111111011100010000
111111111111111111111111111011100000011
111111111111111111111111111011011110110
111111111111111111111111111011011101001
111111111111111111111111111011011011100
111111111111111111111111111011011001111
111111111111111111111111111011011000010
111111111111111111111111111011010110101
111111111111111111111111111011010101000
111111111111111111111111111011010011011
111111111111111111111111111011010001110
111111111111111111111111111011010000001
111111111111111111111111111011001110100
111111111111111111111111111011001100111
111111111111111111111111111011001011010
111111111111111111111111111011001001101
111111111111111111111111111011001000000
111111111111111111111111111011000110011
111111111111111111111111111011000100110
111111111111111111111111111011000011001
111111111111111111111111111011000001100
111111111111111111111111111010111111111
111111111111111111111111111010111110010
111111111111111111111111111010111100101
111111111111111111111111111010111011000
111111111111111111111111111010111001011
111111111111111111111111111010110111110
111111111111111111111111111010110110001
111111111111111111111111111010110100100
111111111111111111111111111010110010111
111111111111111111111111111010110001010
111111111111111111111111111010101111101
111111111111111111111111111010101110000
111111111111111111111111111010101100011
111111111111111111111111111010101010110
111111111111111111111111111010101001001
111111111111111111111111111010100111100
111111111111111111111111111010100101111
111111111111111111111111111010100100010
111111111111111111111111111010100010101
111111111111111111111111111010100001000
111111111111111111111111111010011111011
111111111111111111111111111010011101110
111111111111111111111111111010011100001
111111111111111111111111111010011010100
111111111111111111111111111010011000111
111111111111111111111111111010010111010
111111111111111111111111111010010101101
111111111111111111111111111010010100000
111111111111111111111111111010010010011
111111111111111111111111111010010000110
111111111111111111111111111010001111001
111111111111111111111111111010001101100
111111111111111111111111111010001011111
111111111111111111111111111010001010010
111111111111111111111111111010001000101
111111111111111111111111111010000111000
111111111111111111111111111010000101011
111111111111111111111111111010000011110
111111111111111111111111111010000010001
111111111111111111111111111010000000100
111111111111111111111111111001111110111
111111111111111111111111111001111101010
111111111111111111111111111001111011101
111111111111111111111111111001111010000
111111111111111111111111111001111000011
111111111111111111111111111001110110110
111111111111111111111111111001110101001
111111111111111111111111111001110011100
111111111111111111111111111001110001111
111111111111111111111111111001110000010
111111111111111111111111111001101110101
111111111111111111111111111001101101000
111111111111111111111111111001101011011
111111111111111111111111111001101001110
111111111111111111111111111001101000001
111111111111111111111111111001100110100
111111111111111111111111111001100100111
111111111111111111111111111001100011010
111111111111111111111111111001100001101
