000000000000000000000000000000000000000
111111111111111111111111111111100101000
111111111111111111111111111111001010000
111111111111111111111111111110101111000
111111111111111111111111111110010100000
111111111111111111111111111101111001000
111111111111111111111111111101011110000
111111111111111111111111111101000011000
111111111111111111111111111100101000000
111111111111111111111111111100001101000
111111111111111111111111111011110010000
111111111111111111111111111011010111000
111111111111111111111111111010111100000
111111111111111111111111111010100001000
111111111111111111111111111010000110000
111111111111111111111111111001101011000
111111111111111111111111111001010000000
111111111111111111111111111000110101000
111111111111111111111111111000011010000
111111111111111111111111110111111111000
111111111111111111111111110111100100000
111111111111111111111111110111001001000
111111111111111111111111110110101110000
111111111111111111111111110110010011000
111111111111111111111111110101111000000
111111111111111111111111110101011101000
111111111111111111111111110101000010000
111111111111111111111111110100100111000
111111111111111111111111110100001100000
111111111111111111111111110011110001000
111111111111111111111111110011010110000
111111111111111111111111110010111011000
111111111111111111111111110010100000000
111111111111111111111111110010000101000
111111111111111111111111110001101010000
111111111111111111111111110001001111000
111111111111111111111111110000110100000
111111111111111111111111110000011001000
111111111111111111111111101111111110000
111111111111111111111111101111100011000
111111111111111111111111101111001000000
111111111111111111111111101110101101000
111111111111111111111111101110010010000
111111111111111111111111101101110111000
111111111111111111111111101101011100000
111111111111111111111111101101000001000
111111111111111111111111101100100110000
111111111111111111111111101100001011000
111111111111111111111111101011110000000
111111111111111111111111101011010101000
111111111111111111111111101010111010000
111111111111111111111111101010011111000
111111111111111111111111101010000100000
111111111111111111111111101001101001000
111111111111111111111111101001001110000
111111111111111111111111101000110011000
111111111111111111111111101000011000000
111111111111111111111111100111111101000
111111111111111111111111100111100010000
111111111111111111111111100111000111000
111111111111111111111111100110101100000
111111111111111111111111100110010001000
111111111111111111111111100101110110000
111111111111111111111111100101011011000
111111111111111111111111100101000000000
111111111111111111111111100100100101000
111111111111111111111111100100001010000
111111111111111111111111100011101111000
111111111111111111111111100011010100000
111111111111111111111111100010111001000
111111111111111111111111100010011110000
111111111111111111111111100010000011000
111111111111111111111111100001101000000
111111111111111111111111100001001101000
111111111111111111111111100000110010000
111111111111111111111111100000010111000
111111111111111111111111011111111100000
111111111111111111111111011111100001000
111111111111111111111111011111000110000
111111111111111111111111011110101011000
111111111111111111111111011110010000000
111111111111111111111111011101110101000
111111111111111111111111011101011010000
111111111111111111111111011100111111000
111111111111111111111111011100100100000
111111111111111111111111011100001001000
111111111111111111111111011011101110000
111111111111111111111111011011010011000
111111111111111111111111011010111000000
111111111111111111111111011010011101000
111111111111111111111111011010000010000
111111111111111111111111011001100111000
111111111111111111111111011001001100000
111111111111111111111111011000110001000
111111111111111111111111011000010110000
111111111111111111111111010111111011000
111111111111111111111111010111100000000
111111111111111111111111010111000101000
111111111111111111111111010110101010000
111111111111111111111111010110001111000
111111111111111111111111010101110100000
111111111111111111111111010101011001000
111111111111111111111111010100111110000
111111111111111111111111010100100011000
111111111111111111111111010100001000000
111111111111111111111111010011101101000
111111111111111111111111010011010010000
111111111111111111111111010010110111000
111111111111111111111111010010011100000
111111111111111111111111010010000001000
111111111111111111111111010001100110000
111111111111111111111111010001001011000
111111111111111111111111010000110000000
111111111111111111111111010000010101000
111111111111111111111111001111111010000
111111111111111111111111001111011111000
111111111111111111111111001111000100000
111111111111111111111111001110101001000
111111111111111111111111001110001110000
111111111111111111111111001101110011000
111111111111111111111111001101011000000
111111111111111111111111001100111101000
111111111111111111111111001100100010000
111111111111111111111111001100000111000
111111111111111111111111001011101100000
111111111111111111111111001011010001000
111111111111111111111111001010110110000
111111111111111111111111001010011011000
111111111111111111111111001010000000000
111111111111111111111111001001100101000
111111111111111111111111001001001010000
111111111111111111111111001000101111000
111111111111111111111111001000010100000
111111111111111111111111000111111001000
111111111111111111111111000111011110000
111111111111111111111111000111000011000
111111111111111111111111000110101000000
111111111111111111111111000110001101000
111111111111111111111111000101110010000
111111111111111111111111000101010111000
111111111111111111111111000100111100000
111111111111111111111111000100100001000
111111111111111111111111000100000110000
111111111111111111111111000011101011000
111111111111111111111111000011010000000
111111111111111111111111000010110101000
111111111111111111111111000010011010000
111111111111111111111111000001111111000
111111111111111111111111000001100100000
111111111111111111111111000001001001000
111111111111111111111111000000101110000
111111111111111111111111000000010011000
111111111111111111111110111111111000000
111111111111111111111110111111011101000
111111111111111111111110111111000010000
111111111111111111111110111110100111000
111111111111111111111110111110001100000
111111111111111111111110111101110001000
111111111111111111111110111101010110000
111111111111111111111110111100111011000
111111111111111111111110111100100000000
111111111111111111111110111100000101000
111111111111111111111110111011101010000
111111111111111111111110111011001111000
111111111111111111111110111010110100000
111111111111111111111110111010011001000
111111111111111111111110111001111110000
111111111111111111111110111001100011000
111111111111111111111110111001001000000
111111111111111111111110111000101101000
111111111111111111111110111000010010000
111111111111111111111110110111110111000
111111111111111111111110110111011100000
111111111111111111111110110111000001000
111111111111111111111110110110100110000
111111111111111111111110110110001011000
111111111111111111111110110101110000000
111111111111111111111110110101010101000
111111111111111111111110110100111010000
111111111111111111111110110100011111000
111111111111111111111110110100000100000
111111111111111111111110110011101001000
111111111111111111111110110011001110000
111111111111111111111110110010110011000
111111111111111111111110110010011000000
111111111111111111111110110001111101000
111111111111111111111110110001100010000
111111111111111111111110110001000111000
111111111111111111111110110000101100000
111111111111111111111110110000010001000
111111111111111111111110101111110110000
111111111111111111111110101111011011000
111111111111111111111110101111000000000
111111111111111111111110101110100101000
111111111111111111111110101110001010000
111111111111111111111110101101101111000
111111111111111111111110101101010100000
111111111111111111111110101100111001000
111111111111111111111110101100011110000
111111111111111111111110101100000011000
111111111111111111111110101011101000000
111111111111111111111110101011001101000
111111111111111111111110101010110010000
111111111111111111111110101010010111000
111111111111111111111110101001111100000
111111111111111111111110101001100001000
111111111111111111111110101001000110000
111111111111111111111110101000101011000
111111111111111111111110101000010000000
111111111111111111111110100111110101000
111111111111111111111110100111011010000
111111111111111111111110100110111111000
111111111111111111111110100110100100000
111111111111111111111110100110001001000
111111111111111111111110100101101110000
111111111111111111111110100101010011000
111111111111111111111110100100111000000
111111111111111111111110100100011101000
111111111111111111111110100100000010000
111111111111111111111110100011100111000
111111111111111111111110100011001100000
111111111111111111111110100010110001000
111111111111111111111110100010010110000
111111111111111111111110100001111011000
111111111111111111111110100001100000000
111111111111111111111110100001000101000
111111111111111111111110100000101010000
111111111111111111111110100000001111000
111111111111111111111110011111110100000
111111111111111111111110011111011001000
111111111111111111111110011110111110000
111111111111111111111110011110100011000
111111111111111111111110011110001000000
111111111111111111111110011101101101000
111111111111111111111110011101010010000
111111111111111111111110011100110111000
111111111111111111111110011100011100000
111111111111111111111110011100000001000
111111111111111111111110011011100110000
111111111111111111111110011011001011000
111111111111111111111110011010110000000
111111111111111111111110011010010101000
111111111111111111111110011001111010000
111111111111111111111110011001011111000
111111111111111111111110011001000100000
111111111111111111111110011000101001000
111111111111111111111110011000001110000
111111111111111111111110010111110011000
111111111111111111111110010111011000000
111111111111111111111110010110111101000
111111111111111111111110010110100010000
111111111111111111111110010110000111000
111111111111111111111110010101101100000
111111111111111111111110010101010001000
111111111111111111111110010100110110000
111111111111111111111110010100011011000
