000000000000000000000000000000000000000
111111111111111111111111111111111010000
111111111111111111111111111111110100000
111111111111111111111111111111101110000
111111111111111111111111111111101000000
111111111111111111111111111111100010000
111111111111111111111111111111011100000
111111111111111111111111111111010110000
111111111111111111111111111111010000000
111111111111111111111111111111001010000
111111111111111111111111111111000100000
111111111111111111111111111110111110000
111111111111111111111111111110111000000
111111111111111111111111111110110010000
111111111111111111111111111110101100000
111111111111111111111111111110100110000
111111111111111111111111111110100000000
111111111111111111111111111110011010000
111111111111111111111111111110010100000
111111111111111111111111111110001110000
111111111111111111111111111110001000000
111111111111111111111111111110000010000
111111111111111111111111111101111100000
111111111111111111111111111101110110000
111111111111111111111111111101110000000
111111111111111111111111111101101010000
111111111111111111111111111101100100000
111111111111111111111111111101011110000
111111111111111111111111111101011000000
111111111111111111111111111101010010000
111111111111111111111111111101001100000
111111111111111111111111111101000110000
111111111111111111111111111101000000000
111111111111111111111111111100111010000
111111111111111111111111111100110100000
111111111111111111111111111100101110000
111111111111111111111111111100101000000
111111111111111111111111111100100010000
111111111111111111111111111100011100000
111111111111111111111111111100010110000
111111111111111111111111111100010000000
111111111111111111111111111100001010000
111111111111111111111111111100000100000
111111111111111111111111111011111110000
111111111111111111111111111011111000000
111111111111111111111111111011110010000
111111111111111111111111111011101100000
111111111111111111111111111011100110000
111111111111111111111111111011100000000
111111111111111111111111111011011010000
111111111111111111111111111011010100000
111111111111111111111111111011001110000
111111111111111111111111111011001000000
111111111111111111111111111011000010000
111111111111111111111111111010111100000
111111111111111111111111111010110110000
111111111111111111111111111010110000000
111111111111111111111111111010101010000
111111111111111111111111111010100100000
111111111111111111111111111010011110000
111111111111111111111111111010011000000
111111111111111111111111111010010010000
111111111111111111111111111010001100000
111111111111111111111111111010000110000
111111111111111111111111111010000000000
111111111111111111111111111001111010000
111111111111111111111111111001110100000
111111111111111111111111111001101110000
111111111111111111111111111001101000000
111111111111111111111111111001100010000
111111111111111111111111111001011100000
111111111111111111111111111001010110000
111111111111111111111111111001010000000
111111111111111111111111111001001010000
111111111111111111111111111001000100000
111111111111111111111111111000111110000
111111111111111111111111111000111000000
111111111111111111111111111000110010000
111111111111111111111111111000101100000
111111111111111111111111111000100110000
111111111111111111111111111000100000000
111111111111111111111111111000011010000
111111111111111111111111111000010100000
111111111111111111111111111000001110000
111111111111111111111111111000001000000
111111111111111111111111111000000010000
111111111111111111111111110111111100000
111111111111111111111111110111110110000
111111111111111111111111110111110000000
111111111111111111111111110111101010000
111111111111111111111111110111100100000
111111111111111111111111110111011110000
111111111111111111111111110111011000000
111111111111111111111111110111010010000
111111111111111111111111110111001100000
111111111111111111111111110111000110000
111111111111111111111111110111000000000
111111111111111111111111110110111010000
111111111111111111111111110110110100000
111111111111111111111111110110101110000
111111111111111111111111110110101000000
111111111111111111111111110110100010000
111111111111111111111111110110011100000
111111111111111111111111110110010110000
111111111111111111111111110110010000000
111111111111111111111111110110001010000
111111111111111111111111110110000100000
111111111111111111111111110101111110000
111111111111111111111111110101111000000
111111111111111111111111110101110010000
111111111111111111111111110101101100000
111111111111111111111111110101100110000
111111111111111111111111110101100000000
111111111111111111111111110101011010000
111111111111111111111111110101010100000
111111111111111111111111110101001110000
111111111111111111111111110101001000000
111111111111111111111111110101000010000
111111111111111111111111110100111100000
111111111111111111111111110100110110000
111111111111111111111111110100110000000
111111111111111111111111110100101010000
111111111111111111111111110100100100000
111111111111111111111111110100011110000
111111111111111111111111110100011000000
111111111111111111111111110100010010000
111111111111111111111111110100001100000
111111111111111111111111110100000110000
111111111111111111111111110100000000000
111111111111111111111111110011111010000
111111111111111111111111110011110100000
111111111111111111111111110011101110000
111111111111111111111111110011101000000
111111111111111111111111110011100010000
111111111111111111111111110011011100000
111111111111111111111111110011010110000
111111111111111111111111110011010000000
111111111111111111111111110011001010000
111111111111111111111111110011000100000
111111111111111111111111110010111110000
111111111111111111111111110010111000000
111111111111111111111111110010110010000
111111111111111111111111110010101100000
111111111111111111111111110010100110000
111111111111111111111111110010100000000
111111111111111111111111110010011010000
111111111111111111111111110010010100000
111111111111111111111111110010001110000
111111111111111111111111110010001000000
111111111111111111111111110010000010000
111111111111111111111111110001111100000
111111111111111111111111110001110110000
111111111111111111111111110001110000000
111111111111111111111111110001101010000
111111111111111111111111110001100100000
111111111111111111111111110001011110000
111111111111111111111111110001011000000
111111111111111111111111110001010010000
111111111111111111111111110001001100000
111111111111111111111111110001000110000
111111111111111111111111110001000000000
111111111111111111111111110000111010000
111111111111111111111111110000110100000
111111111111111111111111110000101110000
111111111111111111111111110000101000000
111111111111111111111111110000100010000
111111111111111111111111110000011100000
111111111111111111111111110000010110000
111111111111111111111111110000010000000
111111111111111111111111110000001010000
111111111111111111111111110000000100000
111111111111111111111111101111111110000
111111111111111111111111101111111000000
111111111111111111111111101111110010000
111111111111111111111111101111101100000
111111111111111111111111101111100110000
111111111111111111111111101111100000000
111111111111111111111111101111011010000
111111111111111111111111101111010100000
111111111111111111111111101111001110000
111111111111111111111111101111001000000
111111111111111111111111101111000010000
111111111111111111111111101110111100000
111111111111111111111111101110110110000
111111111111111111111111101110110000000
111111111111111111111111101110101010000
111111111111111111111111101110100100000
111111111111111111111111101110011110000
111111111111111111111111101110011000000
111111111111111111111111101110010010000
111111111111111111111111101110001100000
111111111111111111111111101110000110000
111111111111111111111111101110000000000
111111111111111111111111101101111010000
111111111111111111111111101101110100000
111111111111111111111111101101101110000
111111111111111111111111101101101000000
111111111111111111111111101101100010000
111111111111111111111111101101011100000
111111111111111111111111101101010110000
111111111111111111111111101101010000000
111111111111111111111111101101001010000
111111111111111111111111101101000100000
111111111111111111111111101100111110000
111111111111111111111111101100111000000
111111111111111111111111101100110010000
111111111111111111111111101100101100000
111111111111111111111111101100100110000
111111111111111111111111101100100000000
111111111111111111111111101100011010000
111111111111111111111111101100010100000
111111111111111111111111101100001110000
111111111111111111111111101100001000000
111111111111111111111111101100000010000
111111111111111111111111101011111100000
111111111111111111111111101011110110000
111111111111111111111111101011110000000
111111111111111111111111101011101010000
111111111111111111111111101011100100000
111111111111111111111111101011011110000
111111111111111111111111101011011000000
111111111111111111111111101011010010000
111111111111111111111111101011001100000
111111111111111111111111101011000110000
111111111111111111111111101011000000000
111111111111111111111111101010111010000
111111111111111111111111101010110100000
111111111111111111111111101010101110000
111111111111111111111111101010101000000
111111111111111111111111101010100010000
111111111111111111111111101010011100000
111111111111111111111111101010010110000
111111111111111111111111101010010000000
111111111111111111111111101010001010000
111111111111111111111111101010000100000
111111111111111111111111101001111110000
111111111111111111111111101001111000000
111111111111111111111111101001110010000
111111111111111111111111101001101100000
111111111111111111111111101001100110000
111111111111111111111111101001100000000
111111111111111111111111101001011010000
111111111111111111111111101001010100000
111111111111111111111111101001001110000
111111111111111111111111101001001000000
111111111111111111111111101001000010000
111111111111111111111111101000111100000
111111111111111111111111101000110110000
111111111111111111111111101000110000000
111111111111111111111111101000101010000
111111111111111111111111101000100100000
111111111111111111111111101000011110000
111111111111111111111111101000011000000
111111111111111111111111101000010010000
111111111111111111111111101000001100000
111111111111111111111111101000000110000
