000000000000000000000000000000000000000
000000000000000000000000000000001110101
000000000000000000000000000000011101010
000000000000000000000000000000101011111
000000000000000000000000000000111010100
000000000000000000000000000001001001001
000000000000000000000000000001010111110
000000000000000000000000000001100110011
000000000000000000000000000001110101000
000000000000000000000000000010000011101
000000000000000000000000000010010010010
000000000000000000000000000010100000111
000000000000000000000000000010101111100
000000000000000000000000000010111110001
000000000000000000000000000011001100110
000000000000000000000000000011011011011
000000000000000000000000000011101010000
000000000000000000000000000011111000101
000000000000000000000000000100000111010
000000000000000000000000000100010101111
000000000000000000000000000100100100100
000000000000000000000000000100110011001
000000000000000000000000000101000001110
000000000000000000000000000101010000011
000000000000000000000000000101011111000
000000000000000000000000000101101101101
000000000000000000000000000101111100010
000000000000000000000000000110001010111
000000000000000000000000000110011001100
000000000000000000000000000110101000001
000000000000000000000000000110110110110
000000000000000000000000000111000101011
000000000000000000000000000111010100000
000000000000000000000000000111100010101
000000000000000000000000000111110001010
000000000000000000000000000111111111111
000000000000000000000000001000001110100
000000000000000000000000001000011101001
000000000000000000000000001000101011110
000000000000000000000000001000111010011
000000000000000000000000001001001001000
000000000000000000000000001001010111101
000000000000000000000000001001100110010
000000000000000000000000001001110100111
000000000000000000000000001010000011100
000000000000000000000000001010010010001
000000000000000000000000001010100000110
000000000000000000000000001010101111011
000000000000000000000000001010111110000
000000000000000000000000001011001100101
000000000000000000000000001011011011010
000000000000000000000000001011101001111
000000000000000000000000001011111000100
000000000000000000000000001100000111001
000000000000000000000000001100010101110
000000000000000000000000001100100100011
000000000000000000000000001100110011000
000000000000000000000000001101000001101
000000000000000000000000001101010000010
000000000000000000000000001101011110111
000000000000000000000000001101101101100
000000000000000000000000001101111100001
000000000000000000000000001110001010110
000000000000000000000000001110011001011
000000000000000000000000001110101000000
000000000000000000000000001110110110101
000000000000000000000000001111000101010
000000000000000000000000001111010011111
000000000000000000000000001111100010100
000000000000000000000000001111110001001
000000000000000000000000001111111111110
000000000000000000000000010000001110011
000000000000000000000000010000011101000
000000000000000000000000010000101011101
000000000000000000000000010000111010010
000000000000000000000000010001001000111
000000000000000000000000010001010111100
000000000000000000000000010001100110001
000000000000000000000000010001110100110
000000000000000000000000010010000011011
000000000000000000000000010010010010000
000000000000000000000000010010100000101
000000000000000000000000010010101111010
000000000000000000000000010010111101111
000000000000000000000000010011001100100
000000000000000000000000010011011011001
000000000000000000000000010011101001110
000000000000000000000000010011111000011
000000000000000000000000010100000111000
000000000000000000000000010100010101101
000000000000000000000000010100100100010
000000000000000000000000010100110010111
000000000000000000000000010101000001100
000000000000000000000000010101010000001
000000000000000000000000010101011110110
000000000000000000000000010101101101011
000000000000000000000000010101111100000
000000000000000000000000010110001010101
000000000000000000000000010110011001010
000000000000000000000000010110100111111
000000000000000000000000010110110110100
000000000000000000000000010111000101001
000000000000000000000000010111010011110
000000000000000000000000010111100010011
000000000000000000000000010111110001000
000000000000000000000000010111111111101
000000000000000000000000011000001110010
000000000000000000000000011000011100111
000000000000000000000000011000101011100
000000000000000000000000011000111010001
000000000000000000000000011001001000110
000000000000000000000000011001010111011
000000000000000000000000011001100110000
000000000000000000000000011001110100101
000000000000000000000000011010000011010
000000000000000000000000011010010001111
000000000000000000000000011010100000100
000000000000000000000000011010101111001
000000000000000000000000011010111101110
000000000000000000000000011011001100011
000000000000000000000000011011011011000
000000000000000000000000011011101001101
000000000000000000000000011011111000010
000000000000000000000000011100000110111
000000000000000000000000011100010101100
000000000000000000000000011100100100001
000000000000000000000000011100110010110
000000000000000000000000011101000001011
000000000000000000000000011101010000000
000000000000000000000000011101011110101
000000000000000000000000011101101101010
000000000000000000000000011101111011111
000000000000000000000000011110001010100
000000000000000000000000011110011001001
000000000000000000000000011110100111110
000000000000000000000000011110110110011
000000000000000000000000011111000101000
000000000000000000000000011111010011101
000000000000000000000000011111100010010
000000000000000000000000011111110000111
000000000000000000000000011111111111100
000000000000000000000000100000001110001
000000000000000000000000100000011100110
000000000000000000000000100000101011011
000000000000000000000000100000111010000
000000000000000000000000100001001000101
000000000000000000000000100001010111010
000000000000000000000000100001100101111
000000000000000000000000100001110100100
000000000000000000000000100010000011001
000000000000000000000000100010010001110
000000000000000000000000100010100000011
000000000000000000000000100010101111000
000000000000000000000000100010111101101
000000000000000000000000100011001100010
000000000000000000000000100011011010111
000000000000000000000000100011101001100
000000000000000000000000100011111000001
000000000000000000000000100100000110110
000000000000000000000000100100010101011
000000000000000000000000100100100100000
000000000000000000000000100100110010101
000000000000000000000000100101000001010
000000000000000000000000100101001111111
000000000000000000000000100101011110100
000000000000000000000000100101101101001
000000000000000000000000100101111011110
000000000000000000000000100110001010011
000000000000000000000000100110011001000
000000000000000000000000100110100111101
000000000000000000000000100110110110010
000000000000000000000000100111000100111
000000000000000000000000100111010011100
000000000000000000000000100111100010001
000000000000000000000000100111110000110
000000000000000000000000100111111111011
000000000000000000000000101000001110000
000000000000000000000000101000011100101
000000000000000000000000101000101011010
000000000000000000000000101000111001111
000000000000000000000000101001001000100
000000000000000000000000101001010111001
000000000000000000000000101001100101110
000000000000000000000000101001110100011
000000000000000000000000101010000011000
000000000000000000000000101010010001101
000000000000000000000000101010100000010
000000000000000000000000101010101110111
000000000000000000000000101010111101100
000000000000000000000000101011001100001
000000000000000000000000101011011010110
000000000000000000000000101011101001011
000000000000000000000000101011111000000
000000000000000000000000101100000110101
000000000000000000000000101100010101010
000000000000000000000000101100100011111
000000000000000000000000101100110010100
000000000000000000000000101101000001001
000000000000000000000000101101001111110
000000000000000000000000101101011110011
000000000000000000000000101101101101000
000000000000000000000000101101111011101
000000000000000000000000101110001010010
000000000000000000000000101110011000111
000000000000000000000000101110100111100
000000000000000000000000101110110110001
000000000000000000000000101111000100110
000000000000000000000000101111010011011
000000000000000000000000101111100010000
000000000000000000000000101111110000101
000000000000000000000000101111111111010
000000000000000000000000110000001101111
000000000000000000000000110000011100100
000000000000000000000000110000101011001
000000000000000000000000110000111001110
000000000000000000000000110001001000011
000000000000000000000000110001010111000
000000000000000000000000110001100101101
000000000000000000000000110001110100010
000000000000000000000000110010000010111
000000000000000000000000110010010001100
000000000000000000000000110010100000001
000000000000000000000000110010101110110
000000000000000000000000110010111101011
000000000000000000000000110011001100000
000000000000000000000000110011011010101
000000000000000000000000110011101001010
000000000000000000000000110011110111111
000000000000000000000000110100000110100
000000000000000000000000110100010101001
000000000000000000000000110100100011110
000000000000000000000000110100110010011
000000000000000000000000110101000001000
000000000000000000000000110101001111101
000000000000000000000000110101011110010
000000000000000000000000110101101100111
000000000000000000000000110101111011100
000000000000000000000000110110001010001
000000000000000000000000110110011000110
000000000000000000000000110110100111011
000000000000000000000000110110110110000
000000000000000000000000110111000100101
000000000000000000000000110111010011010
000000000000000000000000110111100001111
000000000000000000000000110111110000100
000000000000000000000000110111111111001
000000000000000000000000111000001101110
000000000000000000000000111000011100011
000000000000000000000000111000101011000
000000000000000000000000111000111001101
000000000000000000000000111001001000010
000000000000000000000000111001010110111
000000000000000000000000111001100101100
000000000000000000000000111001110100001
000000000000000000000000111010000010110
000000000000000000000000111010010001011
