000000000000000000000000000000000000000
000000000000000000000000000000011101000
000000000000000000000000000000111010000
000000000000000000000000000001010111000
000000000000000000000000000001110100000
000000000000000000000000000010010001000
000000000000000000000000000010101110000
000000000000000000000000000011001011000
000000000000000000000000000011101000000
000000000000000000000000000100000101000
000000000000000000000000000100100010000
000000000000000000000000000100111111000
000000000000000000000000000101011100000
000000000000000000000000000101111001000
000000000000000000000000000110010110000
000000000000000000000000000110110011000
000000000000000000000000000111010000000
000000000000000000000000000111101101000
000000000000000000000000001000001010000
000000000000000000000000001000100111000
000000000000000000000000001001000100000
000000000000000000000000001001100001000
000000000000000000000000001001111110000
000000000000000000000000001010011011000
000000000000000000000000001010111000000
000000000000000000000000001011010101000
000000000000000000000000001011110010000
000000000000000000000000001100001111000
000000000000000000000000001100101100000
000000000000000000000000001101001001000
000000000000000000000000001101100110000
000000000000000000000000001110000011000
000000000000000000000000001110100000000
000000000000000000000000001110111101000
000000000000000000000000001111011010000
000000000000000000000000001111110111000
000000000000000000000000010000010100000
000000000000000000000000010000110001000
000000000000000000000000010001001110000
000000000000000000000000010001101011000
000000000000000000000000010010001000000
000000000000000000000000010010100101000
000000000000000000000000010011000010000
000000000000000000000000010011011111000
000000000000000000000000010011111100000
000000000000000000000000010100011001000
000000000000000000000000010100110110000
000000000000000000000000010101010011000
000000000000000000000000010101110000000
000000000000000000000000010110001101000
000000000000000000000000010110101010000
000000000000000000000000010111000111000
000000000000000000000000010111100100000
000000000000000000000000011000000001000
000000000000000000000000011000011110000
000000000000000000000000011000111011000
000000000000000000000000011001011000000
000000000000000000000000011001110101000
000000000000000000000000011010010010000
000000000000000000000000011010101111000
000000000000000000000000011011001100000
000000000000000000000000011011101001000
000000000000000000000000011100000110000
000000000000000000000000011100100011000
000000000000000000000000011101000000000
000000000000000000000000011101011101000
000000000000000000000000011101111010000
000000000000000000000000011110010111000
000000000000000000000000011110110100000
000000000000000000000000011111010001000
000000000000000000000000011111101110000
000000000000000000000000100000001011000
000000000000000000000000100000101000000
000000000000000000000000100001000101000
000000000000000000000000100001100010000
000000000000000000000000100001111111000
000000000000000000000000100010011100000
000000000000000000000000100010111001000
000000000000000000000000100011010110000
000000000000000000000000100011110011000
000000000000000000000000100100010000000
000000000000000000000000100100101101000
000000000000000000000000100101001010000
000000000000000000000000100101100111000
000000000000000000000000100110000100000
000000000000000000000000100110100001000
000000000000000000000000100110111110000
000000000000000000000000100111011011000
000000000000000000000000100111111000000
000000000000000000000000101000010101000
000000000000000000000000101000110010000
000000000000000000000000101001001111000
000000000000000000000000101001101100000
000000000000000000000000101010001001000
000000000000000000000000101010100110000
000000000000000000000000101011000011000
000000000000000000000000101011100000000
000000000000000000000000101011111101000
000000000000000000000000101100011010000
000000000000000000000000101100110111000
000000000000000000000000101101010100000
000000000000000000000000101101110001000
000000000000000000000000101110001110000
000000000000000000000000101110101011000
000000000000000000000000101111001000000
000000000000000000000000101111100101000
000000000000000000000000110000000010000
000000000000000000000000110000011111000
000000000000000000000000110000111100000
000000000000000000000000110001011001000
000000000000000000000000110001110110000
000000000000000000000000110010010011000
000000000000000000000000110010110000000
000000000000000000000000110011001101000
000000000000000000000000110011101010000
000000000000000000000000110100000111000
000000000000000000000000110100100100000
000000000000000000000000110101000001000
000000000000000000000000110101011110000
000000000000000000000000110101111011000
000000000000000000000000110110011000000
000000000000000000000000110110110101000
000000000000000000000000110111010010000
000000000000000000000000110111101111000
000000000000000000000000111000001100000
000000000000000000000000111000101001000
000000000000000000000000111001000110000
000000000000000000000000111001100011000
000000000000000000000000111010000000000
000000000000000000000000111010011101000
000000000000000000000000111010111010000
000000000000000000000000111011010111000
000000000000000000000000111011110100000
000000000000000000000000111100010001000
000000000000000000000000111100101110000
000000000000000000000000111101001011000
000000000000000000000000111101101000000
000000000000000000000000111110000101000
000000000000000000000000111110100010000
000000000000000000000000111110111111000
000000000000000000000000111111011100000
000000000000000000000000111111111001000
000000000000000000000001000000010110000
000000000000000000000001000000110011000
000000000000000000000001000001010000000
000000000000000000000001000001101101000
000000000000000000000001000010001010000
000000000000000000000001000010100111000
000000000000000000000001000011000100000
000000000000000000000001000011100001000
000000000000000000000001000011111110000
000000000000000000000001000100011011000
000000000000000000000001000100111000000
000000000000000000000001000101010101000
000000000000000000000001000101110010000
000000000000000000000001000110001111000
000000000000000000000001000110101100000
000000000000000000000001000111001001000
000000000000000000000001000111100110000
000000000000000000000001001000000011000
000000000000000000000001001000100000000
000000000000000000000001001000111101000
000000000000000000000001001001011010000
000000000000000000000001001001110111000
000000000000000000000001001010010100000
000000000000000000000001001010110001000
000000000000000000000001001011001110000
000000000000000000000001001011101011000
000000000000000000000001001100001000000
000000000000000000000001001100100101000
000000000000000000000001001101000010000
000000000000000000000001001101011111000
000000000000000000000001001101111100000
000000000000000000000001001110011001000
000000000000000000000001001110110110000
000000000000000000000001001111010011000
000000000000000000000001001111110000000
000000000000000000000001010000001101000
000000000000000000000001010000101010000
000000000000000000000001010001000111000
000000000000000000000001010001100100000
000000000000000000000001010010000001000
000000000000000000000001010010011110000
000000000000000000000001010010111011000
000000000000000000000001010011011000000
000000000000000000000001010011110101000
000000000000000000000001010100010010000
000000000000000000000001010100101111000
000000000000000000000001010101001100000
000000000000000000000001010101101001000
000000000000000000000001010110000110000
000000000000000000000001010110100011000
000000000000000000000001010111000000000
000000000000000000000001010111011101000
000000000000000000000001010111111010000
000000000000000000000001011000010111000
000000000000000000000001011000110100000
000000000000000000000001011001010001000
000000000000000000000001011001101110000
000000000000000000000001011010001011000
000000000000000000000001011010101000000
000000000000000000000001011011000101000
000000000000000000000001011011100010000
000000000000000000000001011011111111000
000000000000000000000001011100011100000
000000000000000000000001011100111001000
000000000000000000000001011101010110000
000000000000000000000001011101110011000
000000000000000000000001011110010000000
000000000000000000000001011110101101000
000000000000000000000001011111001010000
000000000000000000000001011111100111000
000000000000000000000001100000000100000
000000000000000000000001100000100001000
000000000000000000000001100000111110000
000000000000000000000001100001011011000
000000000000000000000001100001111000000
000000000000000000000001100010010101000
000000000000000000000001100010110010000
000000000000000000000001100011001111000
000000000000000000000001100011101100000
000000000000000000000001100100001001000
000000000000000000000001100100100110000
000000000000000000000001100101000011000
000000000000000000000001100101100000000
000000000000000000000001100101111101000
000000000000000000000001100110011010000
000000000000000000000001100110110111000
000000000000000000000001100111010100000
000000000000000000000001100111110001000
000000000000000000000001101000001110000
000000000000000000000001101000101011000
000000000000000000000001101001001000000
000000000000000000000001101001100101000
000000000000000000000001101010000010000
000000000000000000000001101010011111000
000000000000000000000001101010111100000
000000000000000000000001101011011001000
000000000000000000000001101011110110000
000000000000000000000001101100010011000
000000000000000000000001101100110000000
000000000000000000000001101101001101000
000000000000000000000001101101101010000
000000000000000000000001101110000111000
000000000000000000000001101110100100000
000000000000000000000001101111000001000
000000000000000000000001101111011110000
000000000000000000000001101111111011000
000000000000000000000001110000011000000
000000000000000000000001110000110101000
000000000000000000000001110001010010000
000000000000000000000001110001101111000
000000000000000000000001110010001100000
000000000000000000000001110010101001000
000000000000000000000001110011000110000
000000000000000000000001110011100011000
