000000000000000000000000000000000000000
000000000000000000000000000000001110001
000000000000000000000000000000011100010
000000000000000000000000000000101010011
000000000000000000000000000000111000100
000000000000000000000000000001000110101
000000000000000000000000000001010100110
000000000000000000000000000001100010111
000000000000000000000000000001110001000
000000000000000000000000000001111111001
000000000000000000000000000010001101010
000000000000000000000000000010011011011
000000000000000000000000000010101001100
000000000000000000000000000010110111101
000000000000000000000000000011000101110
000000000000000000000000000011010011111
000000000000000000000000000011100010000
000000000000000000000000000011110000001
000000000000000000000000000011111110010
000000000000000000000000000100001100011
000000000000000000000000000100011010100
000000000000000000000000000100101000101
000000000000000000000000000100110110110
000000000000000000000000000101000100111
000000000000000000000000000101010011000
000000000000000000000000000101100001001
000000000000000000000000000101101111010
000000000000000000000000000101111101011
000000000000000000000000000110001011100
000000000000000000000000000110011001101
000000000000000000000000000110100111110
000000000000000000000000000110110101111
000000000000000000000000000111000100000
000000000000000000000000000111010010001
000000000000000000000000000111100000010
000000000000000000000000000111101110011
000000000000000000000000000111111100100
000000000000000000000000001000001010101
000000000000000000000000001000011000110
000000000000000000000000001000100110111
000000000000000000000000001000110101000
000000000000000000000000001001000011001
000000000000000000000000001001010001010
000000000000000000000000001001011111011
000000000000000000000000001001101101100
000000000000000000000000001001111011101
000000000000000000000000001010001001110
000000000000000000000000001010010111111
000000000000000000000000001010100110000
000000000000000000000000001010110100001
000000000000000000000000001011000010010
000000000000000000000000001011010000011
000000000000000000000000001011011110100
000000000000000000000000001011101100101
000000000000000000000000001011111010110
000000000000000000000000001100001000111
000000000000000000000000001100010111000
000000000000000000000000001100100101001
000000000000000000000000001100110011010
000000000000000000000000001101000001011
000000000000000000000000001101001111100
000000000000000000000000001101011101101
000000000000000000000000001101101011110
000000000000000000000000001101111001111
000000000000000000000000001110001000000
000000000000000000000000001110010110001
000000000000000000000000001110100100010
000000000000000000000000001110110010011
000000000000000000000000001111000000100
000000000000000000000000001111001110101
000000000000000000000000001111011100110
000000000000000000000000001111101010111
000000000000000000000000001111111001000
000000000000000000000000010000000111001
000000000000000000000000010000010101010
000000000000000000000000010000100011011
000000000000000000000000010000110001100
000000000000000000000000010000111111101
000000000000000000000000010001001101110
000000000000000000000000010001011011111
000000000000000000000000010001101010000
000000000000000000000000010001111000001
000000000000000000000000010010000110010
000000000000000000000000010010010100011
000000000000000000000000010010100010100
000000000000000000000000010010110000101
000000000000000000000000010010111110110
000000000000000000000000010011001100111
000000000000000000000000010011011011000
000000000000000000000000010011101001001
000000000000000000000000010011110111010
000000000000000000000000010100000101011
000000000000000000000000010100010011100
000000000000000000000000010100100001101
000000000000000000000000010100101111110
000000000000000000000000010100111101111
000000000000000000000000010101001100000
000000000000000000000000010101011010001
000000000000000000000000010101101000010
000000000000000000000000010101110110011
000000000000000000000000010110000100100
000000000000000000000000010110010010101
000000000000000000000000010110100000110
000000000000000000000000010110101110111
000000000000000000000000010110111101000
000000000000000000000000010111001011001
000000000000000000000000010111011001010
000000000000000000000000010111100111011
000000000000000000000000010111110101100
000000000000000000000000011000000011101
000000000000000000000000011000010001110
000000000000000000000000011000011111111
000000000000000000000000011000101110000
000000000000000000000000011000111100001
000000000000000000000000011001001010010
000000000000000000000000011001011000011
000000000000000000000000011001100110100
000000000000000000000000011001110100101
000000000000000000000000011010000010110
000000000000000000000000011010010000111
000000000000000000000000011010011111000
000000000000000000000000011010101101001
000000000000000000000000011010111011010
000000000000000000000000011011001001011
000000000000000000000000011011010111100
000000000000000000000000011011100101101
000000000000000000000000011011110011110
000000000000000000000000011100000001111
000000000000000000000000011100010000000
000000000000000000000000011100011110001
000000000000000000000000011100101100010
000000000000000000000000011100111010011
000000000000000000000000011101001000100
000000000000000000000000011101010110101
000000000000000000000000011101100100110
000000000000000000000000011101110010111
000000000000000000000000011110000001000
000000000000000000000000011110001111001
000000000000000000000000011110011101010
000000000000000000000000011110101011011
000000000000000000000000011110111001100
000000000000000000000000011111000111101
000000000000000000000000011111010101110
000000000000000000000000011111100011111
000000000000000000000000011111110010000
000000000000000000000000100000000000001
000000000000000000000000100000001110010
000000000000000000000000100000011100011
000000000000000000000000100000101010100
000000000000000000000000100000111000101
000000000000000000000000100001000110110
000000000000000000000000100001010100111
000000000000000000000000100001100011000
000000000000000000000000100001110001001
000000000000000000000000100001111111010
000000000000000000000000100010001101011
000000000000000000000000100010011011100
000000000000000000000000100010101001101
000000000000000000000000100010110111110
000000000000000000000000100011000101111
000000000000000000000000100011010100000
000000000000000000000000100011100010001
000000000000000000000000100011110000010
000000000000000000000000100011111110011
000000000000000000000000100100001100100
000000000000000000000000100100011010101
000000000000000000000000100100101000110
000000000000000000000000100100110110111
000000000000000000000000100101000101000
000000000000000000000000100101010011001
000000000000000000000000100101100001010
000000000000000000000000100101101111011
000000000000000000000000100101111101100
000000000000000000000000100110001011101
000000000000000000000000100110011001110
000000000000000000000000100110100111111
000000000000000000000000100110110110000
000000000000000000000000100111000100001
000000000000000000000000100111010010010
000000000000000000000000100111100000011
000000000000000000000000100111101110100
000000000000000000000000100111111100101
000000000000000000000000101000001010110
000000000000000000000000101000011000111
000000000000000000000000101000100111000
000000000000000000000000101000110101001
000000000000000000000000101001000011010
000000000000000000000000101001010001011
000000000000000000000000101001011111100
000000000000000000000000101001101101101
000000000000000000000000101001111011110
000000000000000000000000101010001001111
000000000000000000000000101010011000000
000000000000000000000000101010100110001
000000000000000000000000101010110100010
000000000000000000000000101011000010011
000000000000000000000000101011010000100
000000000000000000000000101011011110101
000000000000000000000000101011101100110
000000000000000000000000101011111010111
000000000000000000000000101100001001000
000000000000000000000000101100010111001
000000000000000000000000101100100101010
000000000000000000000000101100110011011
000000000000000000000000101101000001100
000000000000000000000000101101001111101
000000000000000000000000101101011101110
000000000000000000000000101101101011111
000000000000000000000000101101111010000
000000000000000000000000101110001000001
000000000000000000000000101110010110010
000000000000000000000000101110100100011
000000000000000000000000101110110010100
000000000000000000000000101111000000101
000000000000000000000000101111001110110
000000000000000000000000101111011100111
000000000000000000000000101111101011000
000000000000000000000000101111111001001
000000000000000000000000110000000111010
000000000000000000000000110000010101011
000000000000000000000000110000100011100
000000000000000000000000110000110001101
000000000000000000000000110000111111110
000000000000000000000000110001001101111
000000000000000000000000110001011100000
000000000000000000000000110001101010001
000000000000000000000000110001111000010
000000000000000000000000110010000110011
000000000000000000000000110010010100100
000000000000000000000000110010100010101
000000000000000000000000110010110000110
000000000000000000000000110010111110111
000000000000000000000000110011001101000
000000000000000000000000110011011011001
000000000000000000000000110011101001010
000000000000000000000000110011110111011
000000000000000000000000110100000101100
000000000000000000000000110100010011101
000000000000000000000000110100100001110
000000000000000000000000110100101111111
000000000000000000000000110100111110000
000000000000000000000000110101001100001
000000000000000000000000110101011010010
000000000000000000000000110101101000011
000000000000000000000000110101110110100
000000000000000000000000110110000100101
000000000000000000000000110110010010110
000000000000000000000000110110100000111
000000000000000000000000110110101111000
000000000000000000000000110110111101001
000000000000000000000000110111001011010
000000000000000000000000110111011001011
000000000000000000000000110111100111100
000000000000000000000000110111110101101
000000000000000000000000111000000011110
000000000000000000000000111000010001111
