000000000000000000000000000000000000000
000000000000000000000000000000011001110
000000000000000000000000000000110011100
000000000000000000000000000001001101010
000000000000000000000000000001100111000
000000000000000000000000000010000000110
000000000000000000000000000010011010100
000000000000000000000000000010110100010
000000000000000000000000000011001110000
000000000000000000000000000011100111110
000000000000000000000000000100000001100
000000000000000000000000000100011011010
000000000000000000000000000100110101000
000000000000000000000000000101001110110
000000000000000000000000000101101000100
000000000000000000000000000110000010010
000000000000000000000000000110011100000
000000000000000000000000000110110101110
000000000000000000000000000111001111100
000000000000000000000000000111101001010
000000000000000000000000001000000011000
000000000000000000000000001000011100110
000000000000000000000000001000110110100
000000000000000000000000001001010000010
000000000000000000000000001001101010000
000000000000000000000000001010000011110
000000000000000000000000001010011101100
000000000000000000000000001010110111010
000000000000000000000000001011010001000
000000000000000000000000001011101010110
000000000000000000000000001100000100100
000000000000000000000000001100011110010
000000000000000000000000001100111000000
000000000000000000000000001101010001110
000000000000000000000000001101101011100
000000000000000000000000001110000101010
000000000000000000000000001110011111000
000000000000000000000000001110111000110
000000000000000000000000001111010010100
000000000000000000000000001111101100010
000000000000000000000000010000000110000
000000000000000000000000010000011111110
000000000000000000000000010000111001100
000000000000000000000000010001010011010
000000000000000000000000010001101101000
000000000000000000000000010010000110110
000000000000000000000000010010100000100
000000000000000000000000010010111010010
000000000000000000000000010011010100000
000000000000000000000000010011101101110
000000000000000000000000010100000111100
000000000000000000000000010100100001010
000000000000000000000000010100111011000
000000000000000000000000010101010100110
000000000000000000000000010101101110100
000000000000000000000000010110001000010
000000000000000000000000010110100010000
000000000000000000000000010110111011110
000000000000000000000000010111010101100
000000000000000000000000010111101111010
000000000000000000000000011000001001000
000000000000000000000000011000100010110
000000000000000000000000011000111100100
000000000000000000000000011001010110010
000000000000000000000000011001110000000
000000000000000000000000011010001001110
000000000000000000000000011010100011100
000000000000000000000000011010111101010
000000000000000000000000011011010111000
000000000000000000000000011011110000110
000000000000000000000000011100001010100
000000000000000000000000011100100100010
000000000000000000000000011100111110000
000000000000000000000000011101010111110
000000000000000000000000011101110001100
000000000000000000000000011110001011010
000000000000000000000000011110100101000
000000000000000000000000011110111110110
000000000000000000000000011111011000100
000000000000000000000000011111110010010
000000000000000000000000100000001100000
000000000000000000000000100000100101110
000000000000000000000000100000111111100
000000000000000000000000100001011001010
000000000000000000000000100001110011000
000000000000000000000000100010001100110
000000000000000000000000100010100110100
000000000000000000000000100011000000010
000000000000000000000000100011011010000
000000000000000000000000100011110011110
000000000000000000000000100100001101100
000000000000000000000000100100100111010
000000000000000000000000100101000001000
000000000000000000000000100101011010110
000000000000000000000000100101110100100
000000000000000000000000100110001110010
000000000000000000000000100110101000000
000000000000000000000000100111000001110
000000000000000000000000100111011011100
000000000000000000000000100111110101010
000000000000000000000000101000001111000
000000000000000000000000101000101000110
000000000000000000000000101001000010100
000000000000000000000000101001011100010
000000000000000000000000101001110110000
000000000000000000000000101010001111110
000000000000000000000000101010101001100
000000000000000000000000101011000011010
000000000000000000000000101011011101000
000000000000000000000000101011110110110
000000000000000000000000101100010000100
000000000000000000000000101100101010010
000000000000000000000000101101000100000
000000000000000000000000101101011101110
000000000000000000000000101101110111100
000000000000000000000000101110010001010
000000000000000000000000101110101011000
000000000000000000000000101111000100110
000000000000000000000000101111011110100
000000000000000000000000101111111000010
000000000000000000000000110000010010000
000000000000000000000000110000101011110
000000000000000000000000110001000101100
000000000000000000000000110001011111010
000000000000000000000000110001111001000
000000000000000000000000110010010010110
000000000000000000000000110010101100100
000000000000000000000000110011000110010
000000000000000000000000110011100000000
000000000000000000000000110011111001110
000000000000000000000000110100010011100
000000000000000000000000110100101101010
000000000000000000000000110101000111000
000000000000000000000000110101100000110
000000000000000000000000110101111010100
000000000000000000000000110110010100010
000000000000000000000000110110101110000
000000000000000000000000110111000111110
000000000000000000000000110111100001100
000000000000000000000000110111111011010
000000000000000000000000111000010101000
000000000000000000000000111000101110110
000000000000000000000000111001001000100
000000000000000000000000111001100010010
000000000000000000000000111001111100000
000000000000000000000000111010010101110
000000000000000000000000111010101111100
000000000000000000000000111011001001010
000000000000000000000000111011100011000
000000000000000000000000111011111100110
000000000000000000000000111100010110100
000000000000000000000000111100110000010
000000000000000000000000111101001010000
000000000000000000000000111101100011110
000000000000000000000000111101111101100
000000000000000000000000111110010111010
000000000000000000000000111110110001000
000000000000000000000000111111001010110
000000000000000000000000111111100100100
000000000000000000000000111111111110010
000000000000000000000001000000011000000
000000000000000000000001000000110001110
000000000000000000000001000001001011100
000000000000000000000001000001100101010
000000000000000000000001000001111111000
000000000000000000000001000010011000110
000000000000000000000001000010110010100
000000000000000000000001000011001100010
000000000000000000000001000011100110000
000000000000000000000001000011111111110
000000000000000000000001000100011001100
000000000000000000000001000100110011010
000000000000000000000001000101001101000
000000000000000000000001000101100110110
000000000000000000000001000110000000100
000000000000000000000001000110011010010
000000000000000000000001000110110100000
000000000000000000000001000111001101110
000000000000000000000001000111100111100
000000000000000000000001001000000001010
000000000000000000000001001000011011000
000000000000000000000001001000110100110
000000000000000000000001001001001110100
000000000000000000000001001001101000010
000000000000000000000001001010000010000
000000000000000000000001001010011011110
000000000000000000000001001010110101100
000000000000000000000001001011001111010
000000000000000000000001001011101001000
000000000000000000000001001100000010110
000000000000000000000001001100011100100
000000000000000000000001001100110110010
000000000000000000000001001101010000000
000000000000000000000001001101101001110
000000000000000000000001001110000011100
000000000000000000000001001110011101010
000000000000000000000001001110110111000
000000000000000000000001001111010000110
000000000000000000000001001111101010100
000000000000000000000001010000000100010
000000000000000000000001010000011110000
000000000000000000000001010000110111110
000000000000000000000001010001010001100
000000000000000000000001010001101011010
000000000000000000000001010010000101000
000000000000000000000001010010011110110
000000000000000000000001010010111000100
000000000000000000000001010011010010010
000000000000000000000001010011101100000
000000000000000000000001010100000101110
000000000000000000000001010100011111100
000000000000000000000001010100111001010
000000000000000000000001010101010011000
000000000000000000000001010101101100110
000000000000000000000001010110000110100
000000000000000000000001010110100000010
000000000000000000000001010110111010000
000000000000000000000001010111010011110
000000000000000000000001010111101101100
000000000000000000000001011000000111010
000000000000000000000001011000100001000
000000000000000000000001011000111010110
000000000000000000000001011001010100100
000000000000000000000001011001101110010
000000000000000000000001011010001000000
000000000000000000000001011010100001110
000000000000000000000001011010111011100
000000000000000000000001011011010101010
000000000000000000000001011011101111000
000000000000000000000001011100001000110
000000000000000000000001011100100010100
000000000000000000000001011100111100010
000000000000000000000001011101010110000
000000000000000000000001011101101111110
000000000000000000000001011110001001100
000000000000000000000001011110100011010
000000000000000000000001011110111101000
000000000000000000000001011111010110110
000000000000000000000001011111110000100
000000000000000000000001100000001010010
000000000000000000000001100000100100000
000000000000000000000001100000111101110
000000000000000000000001100001010111100
000000000000000000000001100001110001010
000000000000000000000001100010001011000
000000000000000000000001100010100100110
000000000000000000000001100010111110100
000000000000000000000001100011011000010
000000000000000000000001100011110010000
000000000000000000000001100100001011110
000000000000000000000001100100100101100
000000000000000000000001100100111111010
000000000000000000000001100101011001000
000000000000000000000001100101110010110
000000000000000000000001100110001100100
000000000000000000000001100110100110010
