000000000000000000000000000000000000000
000000000000000000000000000000010100011
000000000000000000000000000000101000110
000000000000000000000000000000111101001
000000000000000000000000000001010001100
000000000000000000000000000001100101111
000000000000000000000000000001111010010
000000000000000000000000000010001110101
000000000000000000000000000010100011000
000000000000000000000000000010110111011
000000000000000000000000000011001011110
000000000000000000000000000011100000001
000000000000000000000000000011110100100
000000000000000000000000000100001000111
000000000000000000000000000100011101010
000000000000000000000000000100110001101
000000000000000000000000000101000110000
000000000000000000000000000101011010011
000000000000000000000000000101101110110
000000000000000000000000000110000011001
000000000000000000000000000110010111100
000000000000000000000000000110101011111
000000000000000000000000000111000000010
000000000000000000000000000111010100101
000000000000000000000000000111101001000
000000000000000000000000000111111101011
000000000000000000000000001000010001110
000000000000000000000000001000100110001
000000000000000000000000001000111010100
000000000000000000000000001001001110111
000000000000000000000000001001100011010
000000000000000000000000001001110111101
000000000000000000000000001010001100000
000000000000000000000000001010100000011
000000000000000000000000001010110100110
000000000000000000000000001011001001001
000000000000000000000000001011011101100
000000000000000000000000001011110001111
000000000000000000000000001100000110010
000000000000000000000000001100011010101
000000000000000000000000001100101111000
000000000000000000000000001101000011011
000000000000000000000000001101010111110
000000000000000000000000001101101100001
000000000000000000000000001110000000100
000000000000000000000000001110010100111
000000000000000000000000001110101001010
000000000000000000000000001110111101101
000000000000000000000000001111010010000
000000000000000000000000001111100110011
000000000000000000000000001111111010110
000000000000000000000000010000001111001
000000000000000000000000010000100011100
000000000000000000000000010000110111111
000000000000000000000000010001001100010
000000000000000000000000010001100000101
000000000000000000000000010001110101000
000000000000000000000000010010001001011
000000000000000000000000010010011101110
000000000000000000000000010010110010001
000000000000000000000000010011000110100
000000000000000000000000010011011010111
000000000000000000000000010011101111010
000000000000000000000000010100000011101
000000000000000000000000010100011000000
000000000000000000000000010100101100011
000000000000000000000000010101000000110
000000000000000000000000010101010101001
000000000000000000000000010101101001100
000000000000000000000000010101111101111
000000000000000000000000010110010010010
000000000000000000000000010110100110101
000000000000000000000000010110111011000
000000000000000000000000010111001111011
000000000000000000000000010111100011110
000000000000000000000000010111111000001
000000000000000000000000011000001100100
000000000000000000000000011000100000111
000000000000000000000000011000110101010
000000000000000000000000011001001001101
000000000000000000000000011001011110000
000000000000000000000000011001110010011
000000000000000000000000011010000110110
000000000000000000000000011010011011001
000000000000000000000000011010101111100
000000000000000000000000011011000011111
000000000000000000000000011011011000010
000000000000000000000000011011101100101
000000000000000000000000011100000001000
000000000000000000000000011100010101011
000000000000000000000000011100101001110
000000000000000000000000011100111110001
000000000000000000000000011101010010100
000000000000000000000000011101100110111
000000000000000000000000011101111011010
000000000000000000000000011110001111101
000000000000000000000000011110100100000
000000000000000000000000011110111000011
000000000000000000000000011111001100110
000000000000000000000000011111100001001
000000000000000000000000011111110101100
000000000000000000000000100000001001111
000000000000000000000000100000011110010
000000000000000000000000100000110010101
000000000000000000000000100001000111000
000000000000000000000000100001011011011
000000000000000000000000100001101111110
000000000000000000000000100010000100001
000000000000000000000000100010011000100
000000000000000000000000100010101100111
000000000000000000000000100011000001010
000000000000000000000000100011010101101
000000000000000000000000100011101010000
000000000000000000000000100011111110011
000000000000000000000000100100010010110
000000000000000000000000100100100111001
000000000000000000000000100100111011100
000000000000000000000000100101001111111
000000000000000000000000100101100100010
000000000000000000000000100101111000101
000000000000000000000000100110001101000
000000000000000000000000100110100001011
000000000000000000000000100110110101110
000000000000000000000000100111001010001
000000000000000000000000100111011110100
000000000000000000000000100111110010111
000000000000000000000000101000000111010
000000000000000000000000101000011011101
000000000000000000000000101000110000000
000000000000000000000000101001000100011
000000000000000000000000101001011000110
000000000000000000000000101001101101001
000000000000000000000000101010000001100
000000000000000000000000101010010101111
000000000000000000000000101010101010010
000000000000000000000000101010111110101
000000000000000000000000101011010011000
000000000000000000000000101011100111011
000000000000000000000000101011111011110
000000000000000000000000101100010000001
000000000000000000000000101100100100100
000000000000000000000000101100111000111
000000000000000000000000101101001101010
000000000000000000000000101101100001101
000000000000000000000000101101110110000
000000000000000000000000101110001010011
000000000000000000000000101110011110110
000000000000000000000000101110110011001
000000000000000000000000101111000111100
000000000000000000000000101111011011111
000000000000000000000000101111110000010
000000000000000000000000110000000100101
000000000000000000000000110000011001000
000000000000000000000000110000101101011
000000000000000000000000110001000001110
000000000000000000000000110001010110001
000000000000000000000000110001101010100
000000000000000000000000110001111110111
000000000000000000000000110010010011010
000000000000000000000000110010100111101
000000000000000000000000110010111100000
000000000000000000000000110011010000011
000000000000000000000000110011100100110
000000000000000000000000110011111001001
000000000000000000000000110100001101100
000000000000000000000000110100100001111
000000000000000000000000110100110110010
000000000000000000000000110101001010101
000000000000000000000000110101011111000
000000000000000000000000110101110011011
000000000000000000000000110110000111110
000000000000000000000000110110011100001
000000000000000000000000110110110000100
000000000000000000000000110111000100111
000000000000000000000000110111011001010
000000000000000000000000110111101101101
000000000000000000000000111000000010000
000000000000000000000000111000010110011
000000000000000000000000111000101010110
000000000000000000000000111000111111001
000000000000000000000000111001010011100
000000000000000000000000111001100111111
000000000000000000000000111001111100010
000000000000000000000000111010010000101
000000000000000000000000111010100101000
000000000000000000000000111010111001011
000000000000000000000000111011001101110
000000000000000000000000111011100010001
000000000000000000000000111011110110100
000000000000000000000000111100001010111
000000000000000000000000111100011111010
000000000000000000000000111100110011101
000000000000000000000000111101001000000
000000000000000000000000111101011100011
000000000000000000000000111101110000110
000000000000000000000000111110000101001
000000000000000000000000111110011001100
000000000000000000000000111110101101111
000000000000000000000000111111000010010
000000000000000000000000111111010110101
000000000000000000000000111111101011000
000000000000000000000000111111111111011
000000000000000000000001000000010011110
000000000000000000000001000000101000001
000000000000000000000001000000111100100
000000000000000000000001000001010000111
000000000000000000000001000001100101010
000000000000000000000001000001111001101
000000000000000000000001000010001110000
000000000000000000000001000010100010011
000000000000000000000001000010110110110
000000000000000000000001000011001011001
000000000000000000000001000011011111100
000000000000000000000001000011110011111
000000000000000000000001000100001000010
000000000000000000000001000100011100101
000000000000000000000001000100110001000
000000000000000000000001000101000101011
000000000000000000000001000101011001110
000000000000000000000001000101101110001
000000000000000000000001000110000010100
000000000000000000000001000110010110111
000000000000000000000001000110101011010
000000000000000000000001000110111111101
000000000000000000000001000111010100000
000000000000000000000001000111101000011
000000000000000000000001000111111100110
000000000000000000000001001000010001001
000000000000000000000001001000100101100
000000000000000000000001001000111001111
000000000000000000000001001001001110010
000000000000000000000001001001100010101
000000000000000000000001001001110111000
000000000000000000000001001010001011011
000000000000000000000001001010011111110
000000000000000000000001001010110100001
000000000000000000000001001011001000100
000000000000000000000001001011011100111
000000000000000000000001001011110001010
000000000000000000000001001100000101101
000000000000000000000001001100011010000
000000000000000000000001001100101110011
000000000000000000000001001101000010110
000000000000000000000001001101010111001
000000000000000000000001001101101011100
000000000000000000000001001101111111111
000000000000000000000001001110010100010
000000000000000000000001001110101000101
000000000000000000000001001110111101000
000000000000000000000001001111010001011
000000000000000000000001001111100101110
000000000000000000000001001111111010001
000000000000000000000001010000001110100
000000000000000000000001010000100010111
000000000000000000000001010000110111010
000000000000000000000001010001001011101
