000000000000000000000000000000000000000
111111111111111111111111111111100100100
111111111111111111111111111111001001000
111111111111111111111111111110101101100
111111111111111111111111111110010010000
111111111111111111111111111101110110100
111111111111111111111111111101011011000
111111111111111111111111111100111111100
111111111111111111111111111100100100000
111111111111111111111111111100001000100
111111111111111111111111111011101101000
111111111111111111111111111011010001100
111111111111111111111111111010110110000
111111111111111111111111111010011010100
111111111111111111111111111001111111000
111111111111111111111111111001100011100
111111111111111111111111111001001000000
111111111111111111111111111000101100100
111111111111111111111111111000010001000
111111111111111111111111110111110101100
111111111111111111111111110111011010000
111111111111111111111111110110111110100
111111111111111111111111110110100011000
111111111111111111111111110110000111100
111111111111111111111111110101101100000
111111111111111111111111110101010000100
111111111111111111111111110100110101000
111111111111111111111111110100011001100
111111111111111111111111110011111110000
111111111111111111111111110011100010100
111111111111111111111111110011000111000
111111111111111111111111110010101011100
111111111111111111111111110010010000000
111111111111111111111111110001110100100
111111111111111111111111110001011001000
111111111111111111111111110000111101100
111111111111111111111111110000100010000
111111111111111111111111110000000110100
111111111111111111111111101111101011000
111111111111111111111111101111001111100
111111111111111111111111101110110100000
111111111111111111111111101110011000100
111111111111111111111111101101111101000
111111111111111111111111101101100001100
111111111111111111111111101101000110000
111111111111111111111111101100101010100
111111111111111111111111101100001111000
111111111111111111111111101011110011100
111111111111111111111111101011011000000
111111111111111111111111101010111100100
111111111111111111111111101010100001000
111111111111111111111111101010000101100
111111111111111111111111101001101010000
111111111111111111111111101001001110100
111111111111111111111111101000110011000
111111111111111111111111101000010111100
111111111111111111111111100111111100000
111111111111111111111111100111100000100
111111111111111111111111100111000101000
111111111111111111111111100110101001100
111111111111111111111111100110001110000
111111111111111111111111100101110010100
111111111111111111111111100101010111000
111111111111111111111111100100111011100
111111111111111111111111100100100000000
111111111111111111111111100100000100100
111111111111111111111111100011101001000
111111111111111111111111100011001101100
111111111111111111111111100010110010000
111111111111111111111111100010010110100
111111111111111111111111100001111011000
111111111111111111111111100001011111100
111111111111111111111111100001000100000
111111111111111111111111100000101000100
111111111111111111111111100000001101000
111111111111111111111111011111110001100
111111111111111111111111011111010110000
111111111111111111111111011110111010100
111111111111111111111111011110011111000
111111111111111111111111011110000011100
111111111111111111111111011101101000000
111111111111111111111111011101001100100
111111111111111111111111011100110001000
111111111111111111111111011100010101100
111111111111111111111111011011111010000
111111111111111111111111011011011110100
111111111111111111111111011011000011000
111111111111111111111111011010100111100
111111111111111111111111011010001100000
111111111111111111111111011001110000100
111111111111111111111111011001010101000
111111111111111111111111011000111001100
111111111111111111111111011000011110000
111111111111111111111111011000000010100
111111111111111111111111010111100111000
111111111111111111111111010111001011100
111111111111111111111111010110110000000
111111111111111111111111010110010100100
111111111111111111111111010101111001000
111111111111111111111111010101011101100
111111111111111111111111010101000010000
111111111111111111111111010100100110100
111111111111111111111111010100001011000
111111111111111111111111010011101111100
111111111111111111111111010011010100000
111111111111111111111111010010111000100
111111111111111111111111010010011101000
111111111111111111111111010010000001100
111111111111111111111111010001100110000
111111111111111111111111010001001010100
111111111111111111111111010000101111000
111111111111111111111111010000010011100
111111111111111111111111001111111000000
111111111111111111111111001111011100100
111111111111111111111111001111000001000
111111111111111111111111001110100101100
111111111111111111111111001110001010000
111111111111111111111111001101101110100
111111111111111111111111001101010011000
111111111111111111111111001100110111100
111111111111111111111111001100011100000
111111111111111111111111001100000000100
111111111111111111111111001011100101000
111111111111111111111111001011001001100
111111111111111111111111001010101110000
111111111111111111111111001010010010100
111111111111111111111111001001110111000
111111111111111111111111001001011011100
111111111111111111111111001001000000000
111111111111111111111111001000100100100
111111111111111111111111001000001001000
111111111111111111111111000111101101100
111111111111111111111111000111010010000
111111111111111111111111000110110110100
111111111111111111111111000110011011000
111111111111111111111111000101111111100
111111111111111111111111000101100100000
111111111111111111111111000101001000100
111111111111111111111111000100101101000
111111111111111111111111000100010001100
111111111111111111111111000011110110000
111111111111111111111111000011011010100
111111111111111111111111000010111111000
111111111111111111111111000010100011100
111111111111111111111111000010001000000
111111111111111111111111000001101100100
111111111111111111111111000001010001000
111111111111111111111111000000110101100
111111111111111111111111000000011010000
111111111111111111111110111111111110100
111111111111111111111110111111100011000
111111111111111111111110111111000111100
111111111111111111111110111110101100000
111111111111111111111110111110010000100
111111111111111111111110111101110101000
111111111111111111111110111101011001100
111111111111111111111110111100111110000
111111111111111111111110111100100010100
111111111111111111111110111100000111000
111111111111111111111110111011101011100
111111111111111111111110111011010000000
111111111111111111111110111010110100100
111111111111111111111110111010011001000
111111111111111111111110111001111101100
111111111111111111111110111001100010000
111111111111111111111110111001000110100
111111111111111111111110111000101011000
111111111111111111111110111000001111100
111111111111111111111110110111110100000
111111111111111111111110110111011000100
111111111111111111111110110110111101000
111111111111111111111110110110100001100
111111111111111111111110110110000110000
111111111111111111111110110101101010100
111111111111111111111110110101001111000
111111111111111111111110110100110011100
111111111111111111111110110100011000000
111111111111111111111110110011111100100
111111111111111111111110110011100001000
111111111111111111111110110011000101100
111111111111111111111110110010101010000
111111111111111111111110110010001110100
111111111111111111111110110001110011000
111111111111111111111110110001010111100
111111111111111111111110110000111100000
111111111111111111111110110000100000100
111111111111111111111110110000000101000
111111111111111111111110101111101001100
111111111111111111111110101111001110000
111111111111111111111110101110110010100
111111111111111111111110101110010111000
111111111111111111111110101101111011100
111111111111111111111110101101100000000
111111111111111111111110101101000100100
111111111111111111111110101100101001000
111111111111111111111110101100001101100
111111111111111111111110101011110010000
111111111111111111111110101011010110100
111111111111111111111110101010111011000
111111111111111111111110101010011111100
111111111111111111111110101010000100000
111111111111111111111110101001101000100
111111111111111111111110101001001101000
111111111111111111111110101000110001100
111111111111111111111110101000010110000
111111111111111111111110100111111010100
111111111111111111111110100111011111000
111111111111111111111110100111000011100
111111111111111111111110100110101000000
111111111111111111111110100110001100100
111111111111111111111110100101110001000
111111111111111111111110100101010101100
111111111111111111111110100100111010000
111111111111111111111110100100011110100
111111111111111111111110100100000011000
111111111111111111111110100011100111100
111111111111111111111110100011001100000
111111111111111111111110100010110000100
111111111111111111111110100010010101000
111111111111111111111110100001111001100
111111111111111111111110100001011110000
111111111111111111111110100001000010100
111111111111111111111110100000100111000
111111111111111111111110100000001011100
111111111111111111111110011111110000000
111111111111111111111110011111010100100
111111111111111111111110011110111001000
111111111111111111111110011110011101100
111111111111111111111110011110000010000
111111111111111111111110011101100110100
111111111111111111111110011101001011000
111111111111111111111110011100101111100
111111111111111111111110011100010100000
111111111111111111111110011011111000100
111111111111111111111110011011011101000
111111111111111111111110011011000001100
111111111111111111111110011010100110000
111111111111111111111110011010001010100
111111111111111111111110011001101111000
111111111111111111111110011001010011100
111111111111111111111110011000111000000
111111111111111111111110011000011100100
111111111111111111111110011000000001000
111111111111111111111110010111100101100
111111111111111111111110010111001010000
111111111111111111111110010110101110100
111111111111111111111110010110010011000
111111111111111111111110010101110111100
111111111111111111111110010101011100000
111111111111111111111110010101000000100
111111111111111111111110010100100101000
111111111111111111111110010100001001100
111111111111111111111110010011101110000
111111111111111111111110010011010010100
111111111111111111111110010010110111000
111111111111111111111110010010011011100
