000000000000000000000000000000000000000
000000000000000000000000000000010110110
000000000000000000000000000000101101100
000000000000000000000000000001000100010
000000000000000000000000000001011011000
000000000000000000000000000001110001110
000000000000000000000000000010001000100
000000000000000000000000000010011111010
000000000000000000000000000010110110000
000000000000000000000000000011001100110
000000000000000000000000000011100011100
000000000000000000000000000011111010010
000000000000000000000000000100010001000
000000000000000000000000000100100111110
000000000000000000000000000100111110100
000000000000000000000000000101010101010
000000000000000000000000000101101100000
000000000000000000000000000110000010110
000000000000000000000000000110011001100
000000000000000000000000000110110000010
000000000000000000000000000111000111000
000000000000000000000000000111011101110
000000000000000000000000000111110100100
000000000000000000000000001000001011010
000000000000000000000000001000100010000
000000000000000000000000001000111000110
000000000000000000000000001001001111100
000000000000000000000000001001100110010
000000000000000000000000001001111101000
000000000000000000000000001010010011110
000000000000000000000000001010101010100
000000000000000000000000001011000001010
000000000000000000000000001011011000000
000000000000000000000000001011101110110
000000000000000000000000001100000101100
000000000000000000000000001100011100010
000000000000000000000000001100110011000
000000000000000000000000001101001001110
000000000000000000000000001101100000100
000000000000000000000000001101110111010
000000000000000000000000001110001110000
000000000000000000000000001110100100110
000000000000000000000000001110111011100
000000000000000000000000001111010010010
000000000000000000000000001111101001000
000000000000000000000000001111111111110
000000000000000000000000010000010110100
000000000000000000000000010000101101010
000000000000000000000000010001000100000
000000000000000000000000010001011010110
000000000000000000000000010001110001100
000000000000000000000000010010001000010
000000000000000000000000010010011111000
000000000000000000000000010010110101110
000000000000000000000000010011001100100
000000000000000000000000010011100011010
000000000000000000000000010011111010000
000000000000000000000000010100010000110
000000000000000000000000010100100111100
000000000000000000000000010100111110010
000000000000000000000000010101010101000
000000000000000000000000010101101011110
000000000000000000000000010110000010100
000000000000000000000000010110011001010
000000000000000000000000010110110000000
000000000000000000000000010111000110110
000000000000000000000000010111011101100
000000000000000000000000010111110100010
000000000000000000000000011000001011000
000000000000000000000000011000100001110
000000000000000000000000011000111000100
000000000000000000000000011001001111010
000000000000000000000000011001100110000
000000000000000000000000011001111100110
000000000000000000000000011010010011100
000000000000000000000000011010101010010
000000000000000000000000011011000001000
000000000000000000000000011011010111110
000000000000000000000000011011101110100
000000000000000000000000011100000101010
000000000000000000000000011100011100000
000000000000000000000000011100110010110
000000000000000000000000011101001001100
000000000000000000000000011101100000010
000000000000000000000000011101110111000
000000000000000000000000011110001101110
000000000000000000000000011110100100100
000000000000000000000000011110111011010
000000000000000000000000011111010010000
000000000000000000000000011111101000110
000000000000000000000000011111111111100
000000000000000000000000100000010110010
000000000000000000000000100000101101000
000000000000000000000000100001000011110
000000000000000000000000100001011010100
000000000000000000000000100001110001010
000000000000000000000000100010001000000
000000000000000000000000100010011110110
000000000000000000000000100010110101100
000000000000000000000000100011001100010
000000000000000000000000100011100011000
000000000000000000000000100011111001110
000000000000000000000000100100010000100
000000000000000000000000100100100111010
000000000000000000000000100100111110000
000000000000000000000000100101010100110
000000000000000000000000100101101011100
000000000000000000000000100110000010010
000000000000000000000000100110011001000
000000000000000000000000100110101111110
000000000000000000000000100111000110100
000000000000000000000000100111011101010
000000000000000000000000100111110100000
000000000000000000000000101000001010110
000000000000000000000000101000100001100
000000000000000000000000101000111000010
000000000000000000000000101001001111000
000000000000000000000000101001100101110
000000000000000000000000101001111100100
000000000000000000000000101010010011010
000000000000000000000000101010101010000
000000000000000000000000101011000000110
000000000000000000000000101011010111100
000000000000000000000000101011101110010
000000000000000000000000101100000101000
000000000000000000000000101100011011110
000000000000000000000000101100110010100
000000000000000000000000101101001001010
000000000000000000000000101101100000000
000000000000000000000000101101110110110
000000000000000000000000101110001101100
000000000000000000000000101110100100010
000000000000000000000000101110111011000
000000000000000000000000101111010001110
000000000000000000000000101111101000100
000000000000000000000000101111111111010
000000000000000000000000110000010110000
000000000000000000000000110000101100110
000000000000000000000000110001000011100
000000000000000000000000110001011010010
000000000000000000000000110001110001000
000000000000000000000000110010000111110
000000000000000000000000110010011110100
000000000000000000000000110010110101010
000000000000000000000000110011001100000
000000000000000000000000110011100010110
000000000000000000000000110011111001100
000000000000000000000000110100010000010
000000000000000000000000110100100111000
000000000000000000000000110100111101110
000000000000000000000000110101010100100
000000000000000000000000110101101011010
000000000000000000000000110110000010000
000000000000000000000000110110011000110
000000000000000000000000110110101111100
000000000000000000000000110111000110010
000000000000000000000000110111011101000
000000000000000000000000110111110011110
000000000000000000000000111000001010100
000000000000000000000000111000100001010
000000000000000000000000111000111000000
000000000000000000000000111001001110110
000000000000000000000000111001100101100
000000000000000000000000111001111100010
000000000000000000000000111010010011000
000000000000000000000000111010101001110
000000000000000000000000111011000000100
000000000000000000000000111011010111010
000000000000000000000000111011101110000
000000000000000000000000111100000100110
000000000000000000000000111100011011100
000000000000000000000000111100110010010
000000000000000000000000111101001001000
000000000000000000000000111101011111110
000000000000000000000000111101110110100
000000000000000000000000111110001101010
000000000000000000000000111110100100000
000000000000000000000000111110111010110
000000000000000000000000111111010001100
000000000000000000000000111111101000010
000000000000000000000000111111111111000
000000000000000000000001000000010101110
000000000000000000000001000000101100100
000000000000000000000001000001000011010
000000000000000000000001000001011010000
000000000000000000000001000001110000110
000000000000000000000001000010000111100
000000000000000000000001000010011110010
000000000000000000000001000010110101000
000000000000000000000001000011001011110
000000000000000000000001000011100010100
000000000000000000000001000011111001010
000000000000000000000001000100010000000
000000000000000000000001000100100110110
000000000000000000000001000100111101100
000000000000000000000001000101010100010
000000000000000000000001000101101011000
000000000000000000000001000110000001110
000000000000000000000001000110011000100
000000000000000000000001000110101111010
000000000000000000000001000111000110000
000000000000000000000001000111011100110
000000000000000000000001000111110011100
000000000000000000000001001000001010010
000000000000000000000001001000100001000
000000000000000000000001001000110111110
000000000000000000000001001001001110100
000000000000000000000001001001100101010
000000000000000000000001001001111100000
000000000000000000000001001010010010110
000000000000000000000001001010101001100
000000000000000000000001001011000000010
000000000000000000000001001011010111000
000000000000000000000001001011101101110
000000000000000000000001001100000100100
000000000000000000000001001100011011010
000000000000000000000001001100110010000
000000000000000000000001001101001000110
000000000000000000000001001101011111100
000000000000000000000001001101110110010
000000000000000000000001001110001101000
000000000000000000000001001110100011110
000000000000000000000001001110111010100
000000000000000000000001001111010001010
000000000000000000000001001111101000000
000000000000000000000001001111111110110
000000000000000000000001010000010101100
000000000000000000000001010000101100010
000000000000000000000001010001000011000
000000000000000000000001010001011001110
000000000000000000000001010001110000100
000000000000000000000001010010000111010
000000000000000000000001010010011110000
000000000000000000000001010010110100110
000000000000000000000001010011001011100
000000000000000000000001010011100010010
000000000000000000000001010011111001000
000000000000000000000001010100001111110
000000000000000000000001010100100110100
000000000000000000000001010100111101010
000000000000000000000001010101010100000
000000000000000000000001010101101010110
000000000000000000000001010110000001100
000000000000000000000001010110011000010
000000000000000000000001010110101111000
000000000000000000000001010111000101110
000000000000000000000001010111011100100
000000000000000000000001010111110011010
000000000000000000000001011000001010000
000000000000000000000001011000100000110
000000000000000000000001011000110111100
000000000000000000000001011001001110010
000000000000000000000001011001100101000
000000000000000000000001011001111011110
000000000000000000000001011010010010100
000000000000000000000001011010101001010
