000000000000000000000000000000000000000
111111111111111111111111111111110111001
111111111111111111111111111111101110010
111111111111111111111111111111100101011
111111111111111111111111111111011100100
111111111111111111111111111111010011101
111111111111111111111111111111001010110
111111111111111111111111111111000001111
111111111111111111111111111110111001000
111111111111111111111111111110110000001
111111111111111111111111111110100111010
111111111111111111111111111110011110011
111111111111111111111111111110010101100
111111111111111111111111111110001100101
111111111111111111111111111110000011110
111111111111111111111111111101111010111
111111111111111111111111111101110010000
111111111111111111111111111101101001001
111111111111111111111111111101100000010
111111111111111111111111111101010111011
111111111111111111111111111101001110100
111111111111111111111111111101000101101
111111111111111111111111111100111100110
111111111111111111111111111100110011111
111111111111111111111111111100101011000
111111111111111111111111111100100010001
111111111111111111111111111100011001010
111111111111111111111111111100010000011
111111111111111111111111111100000111100
111111111111111111111111111011111110101
111111111111111111111111111011110101110
111111111111111111111111111011101100111
111111111111111111111111111011100100000
111111111111111111111111111011011011001
111111111111111111111111111011010010010
111111111111111111111111111011001001011
111111111111111111111111111011000000100
111111111111111111111111111010110111101
111111111111111111111111111010101110110
111111111111111111111111111010100101111
111111111111111111111111111010011101000
111111111111111111111111111010010100001
111111111111111111111111111010001011010
111111111111111111111111111010000010011
111111111111111111111111111001111001100
111111111111111111111111111001110000101
111111111111111111111111111001100111110
111111111111111111111111111001011110111
111111111111111111111111111001010110000
111111111111111111111111111001001101001
111111111111111111111111111001000100010
111111111111111111111111111000111011011
111111111111111111111111111000110010100
111111111111111111111111111000101001101
111111111111111111111111111000100000110
111111111111111111111111111000010111111
111111111111111111111111111000001111000
111111111111111111111111111000000110001
111111111111111111111111110111111101010
111111111111111111111111110111110100011
111111111111111111111111110111101011100
111111111111111111111111110111100010101
111111111111111111111111110111011001110
111111111111111111111111110111010000111
111111111111111111111111110111001000000
111111111111111111111111110110111111001
111111111111111111111111110110110110010
111111111111111111111111110110101101011
111111111111111111111111110110100100100
111111111111111111111111110110011011101
111111111111111111111111110110010010110
111111111111111111111111110110001001111
111111111111111111111111110110000001000
111111111111111111111111110101111000001
111111111111111111111111110101101111010
111111111111111111111111110101100110011
111111111111111111111111110101011101100
111111111111111111111111110101010100101
111111111111111111111111110101001011110
111111111111111111111111110101000010111
111111111111111111111111110100111010000
111111111111111111111111110100110001001
111111111111111111111111110100101000010
111111111111111111111111110100011111011
111111111111111111111111110100010110100
111111111111111111111111110100001101101
111111111111111111111111110100000100110
111111111111111111111111110011111011111
111111111111111111111111110011110011000
111111111111111111111111110011101010001
111111111111111111111111110011100001010
111111111111111111111111110011011000011
111111111111111111111111110011001111100
111111111111111111111111110011000110101
111111111111111111111111110010111101110
111111111111111111111111110010110100111
111111111111111111111111110010101100000
111111111111111111111111110010100011001
111111111111111111111111110010011010010
111111111111111111111111110010010001011
111111111111111111111111110010001000100
111111111111111111111111110001111111101
111111111111111111111111110001110110110
111111111111111111111111110001101101111
111111111111111111111111110001100101000
111111111111111111111111110001011100001
111111111111111111111111110001010011010
111111111111111111111111110001001010011
111111111111111111111111110001000001100
111111111111111111111111110000111000101
111111111111111111111111110000101111110
111111111111111111111111110000100110111
111111111111111111111111110000011110000
111111111111111111111111110000010101001
111111111111111111111111110000001100010
111111111111111111111111110000000011011
111111111111111111111111101111111010100
111111111111111111111111101111110001101
111111111111111111111111101111101000110
111111111111111111111111101111011111111
111111111111111111111111101111010111000
111111111111111111111111101111001110001
111111111111111111111111101111000101010
111111111111111111111111101110111100011
111111111111111111111111101110110011100
111111111111111111111111101110101010101
111111111111111111111111101110100001110
111111111111111111111111101110011000111
111111111111111111111111101110010000000
111111111111111111111111101110000111001
111111111111111111111111101101111110010
111111111111111111111111101101110101011
111111111111111111111111101101101100100
111111111111111111111111101101100011101
111111111111111111111111101101011010110
111111111111111111111111101101010001111
111111111111111111111111101101001001000
111111111111111111111111101101000000001
111111111111111111111111101100110111010
111111111111111111111111101100101110011
111111111111111111111111101100100101100
111111111111111111111111101100011100101
111111111111111111111111101100010011110
111111111111111111111111101100001010111
111111111111111111111111101100000010000
111111111111111111111111101011111001001
111111111111111111111111101011110000010
111111111111111111111111101011100111011
111111111111111111111111101011011110100
111111111111111111111111101011010101101
111111111111111111111111101011001100110
111111111111111111111111101011000011111
111111111111111111111111101010111011000
111111111111111111111111101010110010001
111111111111111111111111101010101001010
111111111111111111111111101010100000011
111111111111111111111111101010010111100
111111111111111111111111101010001110101
111111111111111111111111101010000101110
111111111111111111111111101001111100111
111111111111111111111111101001110100000
111111111111111111111111101001101011001
111111111111111111111111101001100010010
111111111111111111111111101001011001011
111111111111111111111111101001010000100
111111111111111111111111101001000111101
111111111111111111111111101000111110110
111111111111111111111111101000110101111
111111111111111111111111101000101101000
111111111111111111111111101000100100001
111111111111111111111111101000011011010
111111111111111111111111101000010010011
111111111111111111111111101000001001100
111111111111111111111111101000000000101
111111111111111111111111100111110111110
111111111111111111111111100111101110111
111111111111111111111111100111100110000
111111111111111111111111100111011101001
111111111111111111111111100111010100010
111111111111111111111111100111001011011
111111111111111111111111100111000010100
111111111111111111111111100110111001101
111111111111111111111111100110110000110
111111111111111111111111100110100111111
111111111111111111111111100110011111000
111111111111111111111111100110010110001
111111111111111111111111100110001101010
111111111111111111111111100110000100011
111111111111111111111111100101111011100
111111111111111111111111100101110010101
111111111111111111111111100101101001110
111111111111111111111111100101100000111
111111111111111111111111100101011000000
111111111111111111111111100101001111001
111111111111111111111111100101000110010
111111111111111111111111100100111101011
111111111111111111111111100100110100100
111111111111111111111111100100101011101
111111111111111111111111100100100010110
111111111111111111111111100100011001111
111111111111111111111111100100010001000
111111111111111111111111100100001000001
111111111111111111111111100011111111010
111111111111111111111111100011110110011
111111111111111111111111100011101101100
111111111111111111111111100011100100101
111111111111111111111111100011011011110
111111111111111111111111100011010010111
111111111111111111111111100011001010000
111111111111111111111111100011000001001
111111111111111111111111100010111000010
111111111111111111111111100010101111011
111111111111111111111111100010100110100
111111111111111111111111100010011101101
111111111111111111111111100010010100110
111111111111111111111111100010001011111
111111111111111111111111100010000011000
111111111111111111111111100001111010001
111111111111111111111111100001110001010
111111111111111111111111100001101000011
111111111111111111111111100001011111100
111111111111111111111111100001010110101
111111111111111111111111100001001101110
111111111111111111111111100001000100111
111111111111111111111111100000111100000
111111111111111111111111100000110011001
111111111111111111111111100000101010010
111111111111111111111111100000100001011
111111111111111111111111100000011000100
111111111111111111111111100000001111101
111111111111111111111111100000000110110
111111111111111111111111011111111101111
111111111111111111111111011111110101000
111111111111111111111111011111101100001
111111111111111111111111011111100011010
111111111111111111111111011111011010011
111111111111111111111111011111010001100
111111111111111111111111011111001000101
111111111111111111111111011110111111110
111111111111111111111111011110110110111
111111111111111111111111011110101110000
111111111111111111111111011110100101001
111111111111111111111111011110011100010
111111111111111111111111011110010011011
111111111111111111111111011110001010100
111111111111111111111111011110000001101
111111111111111111111111011101111000110
111111111111111111111111011101101111111
111111111111111111111111011101100111000
111111111111111111111111011101011110001
111111111111111111111111011101010101010
111111111111111111111111011101001100011
111111111111111111111111011101000011100
111111111111111111111111011100111010101
111111111111111111111111011100110001110
111111111111111111111111011100101000111
