000000000000000000000000000000000000000
111111111111111111111111111111101101011
111111111111111111111111111111011010110
111111111111111111111111111111001000001
111111111111111111111111111110110101100
111111111111111111111111111110100010111
111111111111111111111111111110010000010
111111111111111111111111111101111101101
111111111111111111111111111101101011000
111111111111111111111111111101011000011
111111111111111111111111111101000101110
111111111111111111111111111100110011001
111111111111111111111111111100100000100
111111111111111111111111111100001101111
111111111111111111111111111011111011010
111111111111111111111111111011101000101
111111111111111111111111111011010110000
111111111111111111111111111011000011011
111111111111111111111111111010110000110
111111111111111111111111111010011110001
111111111111111111111111111010001011100
111111111111111111111111111001111000111
111111111111111111111111111001100110010
111111111111111111111111111001010011101
111111111111111111111111111001000001000
111111111111111111111111111000101110011
111111111111111111111111111000011011110
111111111111111111111111111000001001001
111111111111111111111111110111110110100
111111111111111111111111110111100011111
111111111111111111111111110111010001010
111111111111111111111111110110111110101
111111111111111111111111110110101100000
111111111111111111111111110110011001011
111111111111111111111111110110000110110
111111111111111111111111110101110100001
111111111111111111111111110101100001100
111111111111111111111111110101001110111
111111111111111111111111110100111100010
111111111111111111111111110100101001101
111111111111111111111111110100010111000
111111111111111111111111110100000100011
111111111111111111111111110011110001110
111111111111111111111111110011011111001
111111111111111111111111110011001100100
111111111111111111111111110010111001111
111111111111111111111111110010100111010
111111111111111111111111110010010100101
111111111111111111111111110010000010000
111111111111111111111111110001101111011
111111111111111111111111110001011100110
111111111111111111111111110001001010001
111111111111111111111111110000110111100
111111111111111111111111110000100100111
111111111111111111111111110000010010010
111111111111111111111111101111111111101
111111111111111111111111101111101101000
111111111111111111111111101111011010011
111111111111111111111111101111000111110
111111111111111111111111101110110101001
111111111111111111111111101110100010100
111111111111111111111111101110001111111
111111111111111111111111101101111101010
111111111111111111111111101101101010101
111111111111111111111111101101011000000
111111111111111111111111101101000101011
111111111111111111111111101100110010110
111111111111111111111111101100100000001
111111111111111111111111101100001101100
111111111111111111111111101011111010111
111111111111111111111111101011101000010
111111111111111111111111101011010101101
111111111111111111111111101011000011000
111111111111111111111111101010110000011
111111111111111111111111101010011101110
111111111111111111111111101010001011001
111111111111111111111111101001111000100
111111111111111111111111101001100101111
111111111111111111111111101001010011010
111111111111111111111111101001000000101
111111111111111111111111101000101110000
111111111111111111111111101000011011011
111111111111111111111111101000001000110
111111111111111111111111100111110110001
111111111111111111111111100111100011100
111111111111111111111111100111010000111
111111111111111111111111100110111110010
111111111111111111111111100110101011101
111111111111111111111111100110011001000
111111111111111111111111100110000110011
111111111111111111111111100101110011110
111111111111111111111111100101100001001
111111111111111111111111100101001110100
111111111111111111111111100100111011111
111111111111111111111111100100101001010
111111111111111111111111100100010110101
111111111111111111111111100100000100000
111111111111111111111111100011110001011
111111111111111111111111100011011110110
111111111111111111111111100011001100001
111111111111111111111111100010111001100
111111111111111111111111100010100110111
111111111111111111111111100010010100010
111111111111111111111111100010000001101
111111111111111111111111100001101111000
111111111111111111111111100001011100011
111111111111111111111111100001001001110
111111111111111111111111100000110111001
111111111111111111111111100000100100100
111111111111111111111111100000010001111
111111111111111111111111011111111111010
111111111111111111111111011111101100101
111111111111111111111111011111011010000
111111111111111111111111011111000111011
111111111111111111111111011110110100110
111111111111111111111111011110100010001
111111111111111111111111011110001111100
111111111111111111111111011101111100111
111111111111111111111111011101101010010
111111111111111111111111011101010111101
111111111111111111111111011101000101000
111111111111111111111111011100110010011
111111111111111111111111011100011111110
111111111111111111111111011100001101001
111111111111111111111111011011111010100
111111111111111111111111011011100111111
111111111111111111111111011011010101010
111111111111111111111111011011000010101
111111111111111111111111011010110000000
111111111111111111111111011010011101011
111111111111111111111111011010001010110
111111111111111111111111011001111000001
111111111111111111111111011001100101100
111111111111111111111111011001010010111
111111111111111111111111011001000000010
111111111111111111111111011000101101101
111111111111111111111111011000011011000
111111111111111111111111011000001000011
111111111111111111111111010111110101110
111111111111111111111111010111100011001
111111111111111111111111010111010000100
111111111111111111111111010110111101111
111111111111111111111111010110101011010
111111111111111111111111010110011000101
111111111111111111111111010110000110000
111111111111111111111111010101110011011
111111111111111111111111010101100000110
111111111111111111111111010101001110001
111111111111111111111111010100111011100
111111111111111111111111010100101000111
111111111111111111111111010100010110010
111111111111111111111111010100000011101
111111111111111111111111010011110001000
111111111111111111111111010011011110011
111111111111111111111111010011001011110
111111111111111111111111010010111001001
111111111111111111111111010010100110100
111111111111111111111111010010010011111
111111111111111111111111010010000001010
111111111111111111111111010001101110101
111111111111111111111111010001011100000
111111111111111111111111010001001001011
111111111111111111111111010000110110110
111111111111111111111111010000100100001
111111111111111111111111010000010001100
111111111111111111111111001111111110111
111111111111111111111111001111101100010
111111111111111111111111001111011001101
111111111111111111111111001111000111000
111111111111111111111111001110110100011
111111111111111111111111001110100001110
111111111111111111111111001110001111001
111111111111111111111111001101111100100
111111111111111111111111001101101001111
111111111111111111111111001101010111010
111111111111111111111111001101000100101
111111111111111111111111001100110010000
111111111111111111111111001100011111011
111111111111111111111111001100001100110
111111111111111111111111001011111010001
111111111111111111111111001011100111100
111111111111111111111111001011010100111
111111111111111111111111001011000010010
111111111111111111111111001010101111101
111111111111111111111111001010011101000
111111111111111111111111001010001010011
111111111111111111111111001001110111110
111111111111111111111111001001100101001
111111111111111111111111001001010010100
111111111111111111111111001000111111111
111111111111111111111111001000101101010
111111111111111111111111001000011010101
111111111111111111111111001000001000000
111111111111111111111111000111110101011
111111111111111111111111000111100010110
111111111111111111111111000111010000001
111111111111111111111111000110111101100
111111111111111111111111000110101010111
111111111111111111111111000110011000010
111111111111111111111111000110000101101
111111111111111111111111000101110011000
111111111111111111111111000101100000011
111111111111111111111111000101001101110
111111111111111111111111000100111011001
111111111111111111111111000100101000100
111111111111111111111111000100010101111
111111111111111111111111000100000011010
111111111111111111111111000011110000101
111111111111111111111111000011011110000
111111111111111111111111000011001011011
111111111111111111111111000010111000110
111111111111111111111111000010100110001
111111111111111111111111000010010011100
111111111111111111111111000010000000111
111111111111111111111111000001101110010
111111111111111111111111000001011011101
111111111111111111111111000001001001000
111111111111111111111111000000110110011
111111111111111111111111000000100011110
111111111111111111111111000000010001001
111111111111111111111110111111111110100
111111111111111111111110111111101011111
111111111111111111111110111111011001010
111111111111111111111110111111000110101
111111111111111111111110111110110100000
111111111111111111111110111110100001011
111111111111111111111110111110001110110
111111111111111111111110111101111100001
111111111111111111111110111101101001100
111111111111111111111110111101010110111
111111111111111111111110111101000100010
111111111111111111111110111100110001101
111111111111111111111110111100011111000
111111111111111111111110111100001100011
111111111111111111111110111011111001110
111111111111111111111110111011100111001
111111111111111111111110111011010100100
111111111111111111111110111011000001111
111111111111111111111110111010101111010
111111111111111111111110111010011100101
111111111111111111111110111010001010000
111111111111111111111110111001110111011
111111111111111111111110111001100100110
111111111111111111111110111001010010001
111111111111111111111110111000111111100
111111111111111111111110111000101100111
111111111111111111111110111000011010010
111111111111111111111110111000000111101
111111111111111111111110110111110101000
111111111111111111111110110111100010011
111111111111111111111110110111001111110
111111111111111111111110110110111101001
111111111111111111111110110110101010100
111111111111111111111110110110010111111
111111111111111111111110110110000101010
111111111111111111111110110101110010101
