000000000000000000000000000000000000000
000000000000000000000000000000011100010
000000000000000000000000000000111000100
000000000000000000000000000001010100110
000000000000000000000000000001110001000
000000000000000000000000000010001101010
000000000000000000000000000010101001100
000000000000000000000000000011000101110
000000000000000000000000000011100010000
000000000000000000000000000011111110010
000000000000000000000000000100011010100
000000000000000000000000000100110110110
000000000000000000000000000101010011000
000000000000000000000000000101101111010
000000000000000000000000000110001011100
000000000000000000000000000110100111110
000000000000000000000000000111000100000
000000000000000000000000000111100000010
000000000000000000000000000111111100100
000000000000000000000000001000011000110
000000000000000000000000001000110101000
000000000000000000000000001001010001010
000000000000000000000000001001101101100
000000000000000000000000001010001001110
000000000000000000000000001010100110000
000000000000000000000000001011000010010
000000000000000000000000001011011110100
000000000000000000000000001011111010110
000000000000000000000000001100010111000
000000000000000000000000001100110011010
000000000000000000000000001101001111100
000000000000000000000000001101101011110
000000000000000000000000001110001000000
000000000000000000000000001110100100010
000000000000000000000000001111000000100
000000000000000000000000001111011100110
000000000000000000000000001111111001000
000000000000000000000000010000010101010
000000000000000000000000010000110001100
000000000000000000000000010001001101110
000000000000000000000000010001101010000
000000000000000000000000010010000110010
000000000000000000000000010010100010100
000000000000000000000000010010111110110
000000000000000000000000010011011011000
000000000000000000000000010011110111010
000000000000000000000000010100010011100
000000000000000000000000010100101111110
000000000000000000000000010101001100000
000000000000000000000000010101101000010
000000000000000000000000010110000100100
000000000000000000000000010110100000110
000000000000000000000000010110111101000
000000000000000000000000010111011001010
000000000000000000000000010111110101100
000000000000000000000000011000010001110
000000000000000000000000011000101110000
000000000000000000000000011001001010010
000000000000000000000000011001100110100
000000000000000000000000011010000010110
000000000000000000000000011010011111000
000000000000000000000000011010111011010
000000000000000000000000011011010111100
000000000000000000000000011011110011110
000000000000000000000000011100010000000
000000000000000000000000011100101100010
000000000000000000000000011101001000100
000000000000000000000000011101100100110
000000000000000000000000011110000001000
000000000000000000000000011110011101010
000000000000000000000000011110111001100
000000000000000000000000011111010101110
000000000000000000000000011111110010000
000000000000000000000000100000001110010
000000000000000000000000100000101010100
000000000000000000000000100001000110110
000000000000000000000000100001100011000
000000000000000000000000100001111111010
000000000000000000000000100010011011100
000000000000000000000000100010110111110
000000000000000000000000100011010100000
000000000000000000000000100011110000010
000000000000000000000000100100001100100
000000000000000000000000100100101000110
000000000000000000000000100101000101000
000000000000000000000000100101100001010
000000000000000000000000100101111101100
000000000000000000000000100110011001110
000000000000000000000000100110110110000
000000000000000000000000100111010010010
000000000000000000000000100111101110100
000000000000000000000000101000001010110
000000000000000000000000101000100111000
000000000000000000000000101001000011010
000000000000000000000000101001011111100
000000000000000000000000101001111011110
000000000000000000000000101010011000000
000000000000000000000000101010110100010
000000000000000000000000101011010000100
000000000000000000000000101011101100110
000000000000000000000000101100001001000
000000000000000000000000101100100101010
000000000000000000000000101101000001100
000000000000000000000000101101011101110
000000000000000000000000101101111010000
000000000000000000000000101110010110010
000000000000000000000000101110110010100
000000000000000000000000101111001110110
000000000000000000000000101111101011000
000000000000000000000000110000000111010
000000000000000000000000110000100011100
000000000000000000000000110000111111110
000000000000000000000000110001011100000
000000000000000000000000110001111000010
000000000000000000000000110010010100100
000000000000000000000000110010110000110
000000000000000000000000110011001101000
000000000000000000000000110011101001010
000000000000000000000000110100000101100
000000000000000000000000110100100001110
000000000000000000000000110100111110000
000000000000000000000000110101011010010
000000000000000000000000110101110110100
000000000000000000000000110110010010110
000000000000000000000000110110101111000
000000000000000000000000110111001011010
000000000000000000000000110111100111100
000000000000000000000000111000000011110
000000000000000000000000111000100000000
000000000000000000000000111000111100010
000000000000000000000000111001011000100
000000000000000000000000111001110100110
000000000000000000000000111010010001000
000000000000000000000000111010101101010
000000000000000000000000111011001001100
000000000000000000000000111011100101110
000000000000000000000000111100000010000
000000000000000000000000111100011110010
000000000000000000000000111100111010100
000000000000000000000000111101010110110
000000000000000000000000111101110011000
000000000000000000000000111110001111010
000000000000000000000000111110101011100
000000000000000000000000111111000111110
000000000000000000000000111111100100000
000000000000000000000001000000000000010
000000000000000000000001000000011100100
000000000000000000000001000000111000110
000000000000000000000001000001010101000
000000000000000000000001000001110001010
000000000000000000000001000010001101100
000000000000000000000001000010101001110
000000000000000000000001000011000110000
000000000000000000000001000011100010010
000000000000000000000001000011111110100
000000000000000000000001000100011010110
000000000000000000000001000100110111000
000000000000000000000001000101010011010
000000000000000000000001000101101111100
000000000000000000000001000110001011110
000000000000000000000001000110101000000
000000000000000000000001000111000100010
000000000000000000000001000111100000100
000000000000000000000001000111111100110
000000000000000000000001001000011001000
000000000000000000000001001000110101010
000000000000000000000001001001010001100
000000000000000000000001001001101101110
000000000000000000000001001010001010000
000000000000000000000001001010100110010
000000000000000000000001001011000010100
000000000000000000000001001011011110110
000000000000000000000001001011111011000
000000000000000000000001001100010111010
000000000000000000000001001100110011100
000000000000000000000001001101001111110
000000000000000000000001001101101100000
000000000000000000000001001110001000010
000000000000000000000001001110100100100
000000000000000000000001001111000000110
000000000000000000000001001111011101000
000000000000000000000001001111111001010
000000000000000000000001010000010101100
000000000000000000000001010000110001110
000000000000000000000001010001001110000
000000000000000000000001010001101010010
000000000000000000000001010010000110100
000000000000000000000001010010100010110
000000000000000000000001010010111111000
000000000000000000000001010011011011010
000000000000000000000001010011110111100
000000000000000000000001010100010011110
000000000000000000000001010100110000000
000000000000000000000001010101001100010
000000000000000000000001010101101000100
000000000000000000000001010110000100110
000000000000000000000001010110100001000
000000000000000000000001010110111101010
000000000000000000000001010111011001100
000000000000000000000001010111110101110
000000000000000000000001011000010010000
000000000000000000000001011000101110010
000000000000000000000001011001001010100
000000000000000000000001011001100110110
000000000000000000000001011010000011000
000000000000000000000001011010011111010
000000000000000000000001011010111011100
000000000000000000000001011011010111110
000000000000000000000001011011110100000
000000000000000000000001011100010000010
000000000000000000000001011100101100100
000000000000000000000001011101001000110
000000000000000000000001011101100101000
000000000000000000000001011110000001010
000000000000000000000001011110011101100
000000000000000000000001011110111001110
000000000000000000000001011111010110000
000000000000000000000001011111110010010
000000000000000000000001100000001110100
000000000000000000000001100000101010110
000000000000000000000001100001000111000
000000000000000000000001100001100011010
000000000000000000000001100001111111100
000000000000000000000001100010011011110
000000000000000000000001100010111000000
000000000000000000000001100011010100010
000000000000000000000001100011110000100
000000000000000000000001100100001100110
000000000000000000000001100100101001000
000000000000000000000001100101000101010
000000000000000000000001100101100001100
000000000000000000000001100101111101110
000000000000000000000001100110011010000
000000000000000000000001100110110110010
000000000000000000000001100111010010100
000000000000000000000001100111101110110
000000000000000000000001101000001011000
000000000000000000000001101000100111010
000000000000000000000001101001000011100
000000000000000000000001101001011111110
000000000000000000000001101001111100000
000000000000000000000001101010011000010
000000000000000000000001101010110100100
000000000000000000000001101011010000110
000000000000000000000001101011101101000
000000000000000000000001101100001001010
000000000000000000000001101100100101100
000000000000000000000001101101000001110
000000000000000000000001101101011110000
000000000000000000000001101101111010010
000000000000000000000001101110010110100
000000000000000000000001101110110010110
000000000000000000000001101111001111000
000000000000000000000001101111101011010
000000000000000000000001110000000111100
000000000000000000000001110000100011110
