000000000000000000000000000000000000000
111111111111111111111111111111110000100
111111111111111111111111111111100001000
111111111111111111111111111111010001100
111111111111111111111111111111000010000
111111111111111111111111111110110010100
111111111111111111111111111110100011000
111111111111111111111111111110010011100
111111111111111111111111111110000100000
111111111111111111111111111101110100100
111111111111111111111111111101100101000
111111111111111111111111111101010101100
111111111111111111111111111101000110000
111111111111111111111111111100110110100
111111111111111111111111111100100111000
111111111111111111111111111100010111100
111111111111111111111111111100001000000
111111111111111111111111111011111000100
111111111111111111111111111011101001000
111111111111111111111111111011011001100
111111111111111111111111111011001010000
111111111111111111111111111010111010100
111111111111111111111111111010101011000
111111111111111111111111111010011011100
111111111111111111111111111010001100000
111111111111111111111111111001111100100
111111111111111111111111111001101101000
111111111111111111111111111001011101100
111111111111111111111111111001001110000
111111111111111111111111111000111110100
111111111111111111111111111000101111000
111111111111111111111111111000011111100
111111111111111111111111111000010000000
111111111111111111111111111000000000100
111111111111111111111111110111110001000
111111111111111111111111110111100001100
111111111111111111111111110111010010000
111111111111111111111111110111000010100
111111111111111111111111110110110011000
111111111111111111111111110110100011100
111111111111111111111111110110010100000
111111111111111111111111110110000100100
111111111111111111111111110101110101000
111111111111111111111111110101100101100
111111111111111111111111110101010110000
111111111111111111111111110101000110100
111111111111111111111111110100110111000
111111111111111111111111110100100111100
111111111111111111111111110100011000000
111111111111111111111111110100001000100
111111111111111111111111110011111001000
111111111111111111111111110011101001100
111111111111111111111111110011011010000
111111111111111111111111110011001010100
111111111111111111111111110010111011000
111111111111111111111111110010101011100
111111111111111111111111110010011100000
111111111111111111111111110010001100100
111111111111111111111111110001111101000
111111111111111111111111110001101101100
111111111111111111111111110001011110000
111111111111111111111111110001001110100
111111111111111111111111110000111111000
111111111111111111111111110000101111100
111111111111111111111111110000100000000
111111111111111111111111110000010000100
111111111111111111111111110000000001000
111111111111111111111111101111110001100
111111111111111111111111101111100010000
111111111111111111111111101111010010100
111111111111111111111111101111000011000
111111111111111111111111101110110011100
111111111111111111111111101110100100000
111111111111111111111111101110010100100
111111111111111111111111101110000101000
111111111111111111111111101101110101100
111111111111111111111111101101100110000
111111111111111111111111101101010110100
111111111111111111111111101101000111000
111111111111111111111111101100110111100
111111111111111111111111101100101000000
111111111111111111111111101100011000100
111111111111111111111111101100001001000
111111111111111111111111101011111001100
111111111111111111111111101011101010000
111111111111111111111111101011011010100
111111111111111111111111101011001011000
111111111111111111111111101010111011100
111111111111111111111111101010101100000
111111111111111111111111101010011100100
111111111111111111111111101010001101000
111111111111111111111111101001111101100
111111111111111111111111101001101110000
111111111111111111111111101001011110100
111111111111111111111111101001001111000
111111111111111111111111101000111111100
111111111111111111111111101000110000000
111111111111111111111111101000100000100
111111111111111111111111101000010001000
111111111111111111111111101000000001100
111111111111111111111111100111110010000
111111111111111111111111100111100010100
111111111111111111111111100111010011000
111111111111111111111111100111000011100
111111111111111111111111100110110100000
111111111111111111111111100110100100100
111111111111111111111111100110010101000
111111111111111111111111100110000101100
111111111111111111111111100101110110000
111111111111111111111111100101100110100
111111111111111111111111100101010111000
111111111111111111111111100101000111100
111111111111111111111111100100111000000
111111111111111111111111100100101000100
111111111111111111111111100100011001000
111111111111111111111111100100001001100
111111111111111111111111100011111010000
111111111111111111111111100011101010100
111111111111111111111111100011011011000
111111111111111111111111100011001011100
111111111111111111111111100010111100000
111111111111111111111111100010101100100
111111111111111111111111100010011101000
111111111111111111111111100010001101100
111111111111111111111111100001111110000
111111111111111111111111100001101110100
111111111111111111111111100001011111000
111111111111111111111111100001001111100
111111111111111111111111100001000000000
111111111111111111111111100000110000100
111111111111111111111111100000100001000
111111111111111111111111100000010001100
111111111111111111111111100000000010000
111111111111111111111111011111110010100
111111111111111111111111011111100011000
111111111111111111111111011111010011100
111111111111111111111111011111000100000
111111111111111111111111011110110100100
111111111111111111111111011110100101000
111111111111111111111111011110010101100
111111111111111111111111011110000110000
111111111111111111111111011101110110100
111111111111111111111111011101100111000
111111111111111111111111011101010111100
111111111111111111111111011101001000000
111111111111111111111111011100111000100
111111111111111111111111011100101001000
111111111111111111111111011100011001100
111111111111111111111111011100001010000
111111111111111111111111011011111010100
111111111111111111111111011011101011000
111111111111111111111111011011011011100
111111111111111111111111011011001100000
111111111111111111111111011010111100100
111111111111111111111111011010101101000
111111111111111111111111011010011101100
111111111111111111111111011010001110000
111111111111111111111111011001111110100
111111111111111111111111011001101111000
111111111111111111111111011001011111100
111111111111111111111111011001010000000
111111111111111111111111011001000000100
111111111111111111111111011000110001000
111111111111111111111111011000100001100
111111111111111111111111011000010010000
111111111111111111111111011000000010100
111111111111111111111111010111110011000
111111111111111111111111010111100011100
111111111111111111111111010111010100000
111111111111111111111111010111000100100
111111111111111111111111010110110101000
111111111111111111111111010110100101100
111111111111111111111111010110010110000
111111111111111111111111010110000110100
111111111111111111111111010101110111000
111111111111111111111111010101100111100
111111111111111111111111010101011000000
111111111111111111111111010101001000100
111111111111111111111111010100111001000
111111111111111111111111010100101001100
111111111111111111111111010100011010000
111111111111111111111111010100001010100
111111111111111111111111010011111011000
111111111111111111111111010011101011100
111111111111111111111111010011011100000
111111111111111111111111010011001100100
111111111111111111111111010010111101000
111111111111111111111111010010101101100
111111111111111111111111010010011110000
111111111111111111111111010010001110100
111111111111111111111111010001111111000
111111111111111111111111010001101111100
111111111111111111111111010001100000000
111111111111111111111111010001010000100
111111111111111111111111010001000001000
111111111111111111111111010000110001100
111111111111111111111111010000100010000
111111111111111111111111010000010010100
111111111111111111111111010000000011000
111111111111111111111111001111110011100
111111111111111111111111001111100100000
111111111111111111111111001111010100100
111111111111111111111111001111000101000
111111111111111111111111001110110101100
111111111111111111111111001110100110000
111111111111111111111111001110010110100
111111111111111111111111001110000111000
111111111111111111111111001101110111100
111111111111111111111111001101101000000
111111111111111111111111001101011000100
111111111111111111111111001101001001000
111111111111111111111111001100111001100
111111111111111111111111001100101010000
111111111111111111111111001100011010100
111111111111111111111111001100001011000
111111111111111111111111001011111011100
111111111111111111111111001011101100000
111111111111111111111111001011011100100
111111111111111111111111001011001101000
111111111111111111111111001010111101100
111111111111111111111111001010101110000
111111111111111111111111001010011110100
111111111111111111111111001010001111000
111111111111111111111111001001111111100
111111111111111111111111001001110000000
111111111111111111111111001001100000100
111111111111111111111111001001010001000
111111111111111111111111001001000001100
111111111111111111111111001000110010000
111111111111111111111111001000100010100
111111111111111111111111001000010011000
111111111111111111111111001000000011100
111111111111111111111111000111110100000
111111111111111111111111000111100100100
111111111111111111111111000111010101000
111111111111111111111111000111000101100
111111111111111111111111000110110110000
111111111111111111111111000110100110100
111111111111111111111111000110010111000
111111111111111111111111000110000111100
111111111111111111111111000101111000000
111111111111111111111111000101101000100
111111111111111111111111000101011001000
111111111111111111111111000101001001100
111111111111111111111111000100111010000
111111111111111111111111000100101010100
111111111111111111111111000100011011000
111111111111111111111111000100001011100
111111111111111111111111000011111100000
111111111111111111111111000011101100100
111111111111111111111111000011011101000
111111111111111111111111000011001101100
111111111111111111111111000010111110000
111111111111111111111111000010101110100
111111111111111111111111000010011111000
111111111111111111111111000010001111100
