000000000000000000000000000000000000000
111111111111111111111111111111111100101
111111111111111111111111111111111001010
111111111111111111111111111111110101111
111111111111111111111111111111110010100
111111111111111111111111111111101111001
111111111111111111111111111111101011110
111111111111111111111111111111101000011
111111111111111111111111111111100101000
111111111111111111111111111111100001101
111111111111111111111111111111011110010
111111111111111111111111111111011010111
111111111111111111111111111111010111100
111111111111111111111111111111010100001
111111111111111111111111111111010000110
111111111111111111111111111111001101011
111111111111111111111111111111001010000
111111111111111111111111111111000110101
111111111111111111111111111111000011010
111111111111111111111111111110111111111
111111111111111111111111111110111100100
111111111111111111111111111110111001001
111111111111111111111111111110110101110
111111111111111111111111111110110010011
111111111111111111111111111110101111000
111111111111111111111111111110101011101
111111111111111111111111111110101000010
111111111111111111111111111110100100111
111111111111111111111111111110100001100
111111111111111111111111111110011110001
111111111111111111111111111110011010110
111111111111111111111111111110010111011
111111111111111111111111111110010100000
111111111111111111111111111110010000101
111111111111111111111111111110001101010
111111111111111111111111111110001001111
111111111111111111111111111110000110100
111111111111111111111111111110000011001
111111111111111111111111111101111111110
111111111111111111111111111101111100011
111111111111111111111111111101111001000
111111111111111111111111111101110101101
111111111111111111111111111101110010010
111111111111111111111111111101101110111
111111111111111111111111111101101011100
111111111111111111111111111101101000001
111111111111111111111111111101100100110
111111111111111111111111111101100001011
111111111111111111111111111101011110000
111111111111111111111111111101011010101
111111111111111111111111111101010111010
111111111111111111111111111101010011111
111111111111111111111111111101010000100
111111111111111111111111111101001101001
111111111111111111111111111101001001110
111111111111111111111111111101000110011
111111111111111111111111111101000011000
111111111111111111111111111100111111101
111111111111111111111111111100111100010
111111111111111111111111111100111000111
111111111111111111111111111100110101100
111111111111111111111111111100110010001
111111111111111111111111111100101110110
111111111111111111111111111100101011011
111111111111111111111111111100101000000
111111111111111111111111111100100100101
111111111111111111111111111100100001010
111111111111111111111111111100011101111
111111111111111111111111111100011010100
111111111111111111111111111100010111001
111111111111111111111111111100010011110
111111111111111111111111111100010000011
111111111111111111111111111100001101000
111111111111111111111111111100001001101
111111111111111111111111111100000110010
111111111111111111111111111100000010111
111111111111111111111111111011111111100
111111111111111111111111111011111100001
111111111111111111111111111011111000110
111111111111111111111111111011110101011
111111111111111111111111111011110010000
111111111111111111111111111011101110101
111111111111111111111111111011101011010
111111111111111111111111111011100111111
111111111111111111111111111011100100100
111111111111111111111111111011100001001
111111111111111111111111111011011101110
111111111111111111111111111011011010011
111111111111111111111111111011010111000
111111111111111111111111111011010011101
111111111111111111111111111011010000010
111111111111111111111111111011001100111
111111111111111111111111111011001001100
111111111111111111111111111011000110001
111111111111111111111111111011000010110
111111111111111111111111111010111111011
111111111111111111111111111010111100000
111111111111111111111111111010111000101
111111111111111111111111111010110101010
111111111111111111111111111010110001111
111111111111111111111111111010101110100
111111111111111111111111111010101011001
111111111111111111111111111010100111110
111111111111111111111111111010100100011
111111111111111111111111111010100001000
111111111111111111111111111010011101101
111111111111111111111111111010011010010
111111111111111111111111111010010110111
111111111111111111111111111010010011100
111111111111111111111111111010010000001
111111111111111111111111111010001100110
111111111111111111111111111010001001011
111111111111111111111111111010000110000
111111111111111111111111111010000010101
111111111111111111111111111001111111010
111111111111111111111111111001111011111
111111111111111111111111111001111000100
111111111111111111111111111001110101001
111111111111111111111111111001110001110
111111111111111111111111111001101110011
111111111111111111111111111001101011000
111111111111111111111111111001100111101
111111111111111111111111111001100100010
111111111111111111111111111001100000111
111111111111111111111111111001011101100
111111111111111111111111111001011010001
111111111111111111111111111001010110110
111111111111111111111111111001010011011
111111111111111111111111111001010000000
111111111111111111111111111001001100101
111111111111111111111111111001001001010
111111111111111111111111111001000101111
111111111111111111111111111001000010100
111111111111111111111111111000111111001
111111111111111111111111111000111011110
111111111111111111111111111000111000011
111111111111111111111111111000110101000
111111111111111111111111111000110001101
111111111111111111111111111000101110010
111111111111111111111111111000101010111
111111111111111111111111111000100111100
111111111111111111111111111000100100001
111111111111111111111111111000100000110
111111111111111111111111111000011101011
111111111111111111111111111000011010000
111111111111111111111111111000010110101
111111111111111111111111111000010011010
111111111111111111111111111000001111111
111111111111111111111111111000001100100
111111111111111111111111111000001001001
111111111111111111111111111000000101110
111111111111111111111111111000000010011
111111111111111111111111110111111111000
111111111111111111111111110111111011101
111111111111111111111111110111111000010
111111111111111111111111110111110100111
111111111111111111111111110111110001100
111111111111111111111111110111101110001
111111111111111111111111110111101010110
111111111111111111111111110111100111011
111111111111111111111111110111100100000
111111111111111111111111110111100000101
111111111111111111111111110111011101010
111111111111111111111111110111011001111
111111111111111111111111110111010110100
111111111111111111111111110111010011001
111111111111111111111111110111001111110
111111111111111111111111110111001100011
111111111111111111111111110111001001000
111111111111111111111111110111000101101
111111111111111111111111110111000010010
111111111111111111111111110110111110111
111111111111111111111111110110111011100
111111111111111111111111110110111000001
111111111111111111111111110110110100110
111111111111111111111111110110110001011
111111111111111111111111110110101110000
111111111111111111111111110110101010101
111111111111111111111111110110100111010
111111111111111111111111110110100011111
111111111111111111111111110110100000100
111111111111111111111111110110011101001
111111111111111111111111110110011001110
111111111111111111111111110110010110011
111111111111111111111111110110010011000
111111111111111111111111110110001111101
111111111111111111111111110110001100010
111111111111111111111111110110001000111
111111111111111111111111110110000101100
111111111111111111111111110110000010001
111111111111111111111111110101111110110
111111111111111111111111110101111011011
111111111111111111111111110101111000000
111111111111111111111111110101110100101
111111111111111111111111110101110001010
111111111111111111111111110101101101111
111111111111111111111111110101101010100
111111111111111111111111110101100111001
111111111111111111111111110101100011110
111111111111111111111111110101100000011
111111111111111111111111110101011101000
111111111111111111111111110101011001101
111111111111111111111111110101010110010
111111111111111111111111110101010010111
111111111111111111111111110101001111100
111111111111111111111111110101001100001
111111111111111111111111110101001000110
111111111111111111111111110101000101011
111111111111111111111111110101000010000
111111111111111111111111110100111110101
111111111111111111111111110100111011010
111111111111111111111111110100110111111
111111111111111111111111110100110100100
111111111111111111111111110100110001001
111111111111111111111111110100101101110
111111111111111111111111110100101010011
111111111111111111111111110100100111000
111111111111111111111111110100100011101
111111111111111111111111110100100000010
111111111111111111111111110100011100111
111111111111111111111111110100011001100
111111111111111111111111110100010110001
111111111111111111111111110100010010110
111111111111111111111111110100001111011
111111111111111111111111110100001100000
111111111111111111111111110100001000101
111111111111111111111111110100000101010
111111111111111111111111110100000001111
111111111111111111111111110011111110100
111111111111111111111111110011111011001
111111111111111111111111110011110111110
111111111111111111111111110011110100011
111111111111111111111111110011110001000
111111111111111111111111110011101101101
111111111111111111111111110011101010010
111111111111111111111111110011100110111
111111111111111111111111110011100011100
111111111111111111111111110011100000001
111111111111111111111111110011011100110
111111111111111111111111110011011001011
111111111111111111111111110011010110000
111111111111111111111111110011010010101
111111111111111111111111110011001111010
111111111111111111111111110011001011111
111111111111111111111111110011001000100
111111111111111111111111110011000101001
111111111111111111111111110011000001110
111111111111111111111111110010111110011
111111111111111111111111110010111011000
111111111111111111111111110010110111101
111111111111111111111111110010110100010
111111111111111111111111110010110000111
111111111111111111111111110010101101100
111111111111111111111111110010101010001
111111111111111111111111110010100110110
111111111111111111111111110010100011011
