000000000000000000000000000000000000000
000000000000000000000000000000000101100
000000000000000000000000000000001011000
000000000000000000000000000000010000100
000000000000000000000000000000010110000
000000000000000000000000000000011011100
000000000000000000000000000000100001000
000000000000000000000000000000100110100
000000000000000000000000000000101100000
000000000000000000000000000000110001100
000000000000000000000000000000110111000
000000000000000000000000000000111100100
000000000000000000000000000001000010000
000000000000000000000000000001000111100
000000000000000000000000000001001101000
000000000000000000000000000001010010100
000000000000000000000000000001011000000
000000000000000000000000000001011101100
000000000000000000000000000001100011000
000000000000000000000000000001101000100
000000000000000000000000000001101110000
000000000000000000000000000001110011100
000000000000000000000000000001111001000
000000000000000000000000000001111110100
000000000000000000000000000010000100000
000000000000000000000000000010001001100
000000000000000000000000000010001111000
000000000000000000000000000010010100100
000000000000000000000000000010011010000
000000000000000000000000000010011111100
000000000000000000000000000010100101000
000000000000000000000000000010101010100
000000000000000000000000000010110000000
000000000000000000000000000010110101100
000000000000000000000000000010111011000
000000000000000000000000000011000000100
000000000000000000000000000011000110000
000000000000000000000000000011001011100
000000000000000000000000000011010001000
000000000000000000000000000011010110100
000000000000000000000000000011011100000
000000000000000000000000000011100001100
000000000000000000000000000011100111000
000000000000000000000000000011101100100
000000000000000000000000000011110010000
000000000000000000000000000011110111100
000000000000000000000000000011111101000
000000000000000000000000000100000010100
000000000000000000000000000100001000000
000000000000000000000000000100001101100
000000000000000000000000000100010011000
000000000000000000000000000100011000100
000000000000000000000000000100011110000
000000000000000000000000000100100011100
000000000000000000000000000100101001000
000000000000000000000000000100101110100
000000000000000000000000000100110100000
000000000000000000000000000100111001100
000000000000000000000000000100111111000
000000000000000000000000000101000100100
000000000000000000000000000101001010000
000000000000000000000000000101001111100
000000000000000000000000000101010101000
000000000000000000000000000101011010100
000000000000000000000000000101100000000
000000000000000000000000000101100101100
000000000000000000000000000101101011000
000000000000000000000000000101110000100
000000000000000000000000000101110110000
000000000000000000000000000101111011100
000000000000000000000000000110000001000
000000000000000000000000000110000110100
000000000000000000000000000110001100000
000000000000000000000000000110010001100
000000000000000000000000000110010111000
000000000000000000000000000110011100100
000000000000000000000000000110100010000
000000000000000000000000000110100111100
000000000000000000000000000110101101000
000000000000000000000000000110110010100
000000000000000000000000000110111000000
000000000000000000000000000110111101100
000000000000000000000000000111000011000
000000000000000000000000000111001000100
000000000000000000000000000111001110000
000000000000000000000000000111010011100
000000000000000000000000000111011001000
000000000000000000000000000111011110100
000000000000000000000000000111100100000
000000000000000000000000000111101001100
000000000000000000000000000111101111000
000000000000000000000000000111110100100
000000000000000000000000000111111010000
000000000000000000000000000111111111100
000000000000000000000000001000000101000
000000000000000000000000001000001010100
000000000000000000000000001000010000000
000000000000000000000000001000010101100
000000000000000000000000001000011011000
000000000000000000000000001000100000100
000000000000000000000000001000100110000
000000000000000000000000001000101011100
000000000000000000000000001000110001000
000000000000000000000000001000110110100
000000000000000000000000001000111100000
000000000000000000000000001001000001100
000000000000000000000000001001000111000
000000000000000000000000001001001100100
000000000000000000000000001001010010000
000000000000000000000000001001010111100
000000000000000000000000001001011101000
000000000000000000000000001001100010100
000000000000000000000000001001101000000
000000000000000000000000001001101101100
000000000000000000000000001001110011000
000000000000000000000000001001111000100
000000000000000000000000001001111110000
000000000000000000000000001010000011100
000000000000000000000000001010001001000
000000000000000000000000001010001110100
000000000000000000000000001010010100000
000000000000000000000000001010011001100
000000000000000000000000001010011111000
000000000000000000000000001010100100100
000000000000000000000000001010101010000
000000000000000000000000001010101111100
000000000000000000000000001010110101000
000000000000000000000000001010111010100
000000000000000000000000001011000000000
000000000000000000000000001011000101100
000000000000000000000000001011001011000
000000000000000000000000001011010000100
000000000000000000000000001011010110000
000000000000000000000000001011011011100
000000000000000000000000001011100001000
000000000000000000000000001011100110100
000000000000000000000000001011101100000
000000000000000000000000001011110001100
000000000000000000000000001011110111000
000000000000000000000000001011111100100
000000000000000000000000001100000010000
000000000000000000000000001100000111100
000000000000000000000000001100001101000
000000000000000000000000001100010010100
000000000000000000000000001100011000000
000000000000000000000000001100011101100
000000000000000000000000001100100011000
000000000000000000000000001100101000100
000000000000000000000000001100101110000
000000000000000000000000001100110011100
000000000000000000000000001100111001000
000000000000000000000000001100111110100
000000000000000000000000001101000100000
000000000000000000000000001101001001100
000000000000000000000000001101001111000
000000000000000000000000001101010100100
000000000000000000000000001101011010000
000000000000000000000000001101011111100
000000000000000000000000001101100101000
000000000000000000000000001101101010100
000000000000000000000000001101110000000
000000000000000000000000001101110101100
000000000000000000000000001101111011000
000000000000000000000000001110000000100
000000000000000000000000001110000110000
000000000000000000000000001110001011100
000000000000000000000000001110010001000
000000000000000000000000001110010110100
000000000000000000000000001110011100000
000000000000000000000000001110100001100
000000000000000000000000001110100111000
000000000000000000000000001110101100100
000000000000000000000000001110110010000
000000000000000000000000001110110111100
000000000000000000000000001110111101000
000000000000000000000000001111000010100
000000000000000000000000001111001000000
000000000000000000000000001111001101100
000000000000000000000000001111010011000
000000000000000000000000001111011000100
000000000000000000000000001111011110000
000000000000000000000000001111100011100
000000000000000000000000001111101001000
000000000000000000000000001111101110100
000000000000000000000000001111110100000
000000000000000000000000001111111001100
000000000000000000000000001111111111000
000000000000000000000000010000000100100
000000000000000000000000010000001010000
000000000000000000000000010000001111100
000000000000000000000000010000010101000
000000000000000000000000010000011010100
000000000000000000000000010000100000000
000000000000000000000000010000100101100
000000000000000000000000010000101011000
000000000000000000000000010000110000100
000000000000000000000000010000110110000
000000000000000000000000010000111011100
000000000000000000000000010001000001000
000000000000000000000000010001000110100
000000000000000000000000010001001100000
000000000000000000000000010001010001100
000000000000000000000000010001010111000
000000000000000000000000010001011100100
000000000000000000000000010001100010000
000000000000000000000000010001100111100
000000000000000000000000010001101101000
000000000000000000000000010001110010100
000000000000000000000000010001111000000
000000000000000000000000010001111101100
000000000000000000000000010010000011000
000000000000000000000000010010001000100
000000000000000000000000010010001110000
000000000000000000000000010010010011100
000000000000000000000000010010011001000
000000000000000000000000010010011110100
000000000000000000000000010010100100000
000000000000000000000000010010101001100
000000000000000000000000010010101111000
000000000000000000000000010010110100100
000000000000000000000000010010111010000
000000000000000000000000010010111111100
000000000000000000000000010011000101000
000000000000000000000000010011001010100
000000000000000000000000010011010000000
000000000000000000000000010011010101100
000000000000000000000000010011011011000
000000000000000000000000010011100000100
000000000000000000000000010011100110000
000000000000000000000000010011101011100
000000000000000000000000010011110001000
000000000000000000000000010011110110100
000000000000000000000000010011111100000
000000000000000000000000010100000001100
000000000000000000000000010100000111000
000000000000000000000000010100001100100
000000000000000000000000010100010010000
000000000000000000000000010100010111100
000000000000000000000000010100011101000
000000000000000000000000010100100010100
000000000000000000000000010100101000000
000000000000000000000000010100101101100
000000000000000000000000010100110011000
000000000000000000000000010100111000100
000000000000000000000000010100111110000
000000000000000000000000010101000011100
000000000000000000000000010101001001000
000000000000000000000000010101001110100
000000000000000000000000010101010100000
000000000000000000000000010101011001100
000000000000000000000000010101011111000
000000000000000000000000010101100100100
000000000000000000000000010101101010000
000000000000000000000000010101101111100
000000000000000000000000010101110101000
000000000000000000000000010101111010100
