000000000000000000000000000000000000000
111111111111111111111111111111111101111
111111111111111111111111111111111011110
111111111111111111111111111111111001101
111111111111111111111111111111110111100
111111111111111111111111111111110101011
111111111111111111111111111111110011010
111111111111111111111111111111110001001
111111111111111111111111111111101111000
111111111111111111111111111111101100111
111111111111111111111111111111101010110
111111111111111111111111111111101000101
111111111111111111111111111111100110100
111111111111111111111111111111100100011
111111111111111111111111111111100010010
111111111111111111111111111111100000001
111111111111111111111111111111011110000
111111111111111111111111111111011011111
111111111111111111111111111111011001110
111111111111111111111111111111010111101
111111111111111111111111111111010101100
111111111111111111111111111111010011011
111111111111111111111111111111010001010
111111111111111111111111111111001111001
111111111111111111111111111111001101000
111111111111111111111111111111001010111
111111111111111111111111111111001000110
111111111111111111111111111111000110101
111111111111111111111111111111000100100
111111111111111111111111111111000010011
111111111111111111111111111111000000010
111111111111111111111111111110111110001
111111111111111111111111111110111100000
111111111111111111111111111110111001111
111111111111111111111111111110110111110
111111111111111111111111111110110101101
111111111111111111111111111110110011100
111111111111111111111111111110110001011
111111111111111111111111111110101111010
111111111111111111111111111110101101001
111111111111111111111111111110101011000
111111111111111111111111111110101000111
111111111111111111111111111110100110110
111111111111111111111111111110100100101
111111111111111111111111111110100010100
111111111111111111111111111110100000011
111111111111111111111111111110011110010
111111111111111111111111111110011100001
111111111111111111111111111110011010000
111111111111111111111111111110010111111
111111111111111111111111111110010101110
111111111111111111111111111110010011101
111111111111111111111111111110010001100
111111111111111111111111111110001111011
111111111111111111111111111110001101010
111111111111111111111111111110001011001
111111111111111111111111111110001001000
111111111111111111111111111110000110111
111111111111111111111111111110000100110
111111111111111111111111111110000010101
111111111111111111111111111110000000100
111111111111111111111111111101111110011
111111111111111111111111111101111100010
111111111111111111111111111101111010001
111111111111111111111111111101111000000
111111111111111111111111111101110101111
111111111111111111111111111101110011110
111111111111111111111111111101110001101
111111111111111111111111111101101111100
111111111111111111111111111101101101011
111111111111111111111111111101101011010
111111111111111111111111111101101001001
111111111111111111111111111101100111000
111111111111111111111111111101100100111
111111111111111111111111111101100010110
111111111111111111111111111101100000101
111111111111111111111111111101011110100
111111111111111111111111111101011100011
111111111111111111111111111101011010010
111111111111111111111111111101011000001
111111111111111111111111111101010110000
111111111111111111111111111101010011111
111111111111111111111111111101010001110
111111111111111111111111111101001111101
111111111111111111111111111101001101100
111111111111111111111111111101001011011
111111111111111111111111111101001001010
111111111111111111111111111101000111001
111111111111111111111111111101000101000
111111111111111111111111111101000010111
111111111111111111111111111101000000110
111111111111111111111111111100111110101
111111111111111111111111111100111100100
111111111111111111111111111100111010011
111111111111111111111111111100111000010
111111111111111111111111111100110110001
111111111111111111111111111100110100000
111111111111111111111111111100110001111
111111111111111111111111111100101111110
111111111111111111111111111100101101101
111111111111111111111111111100101011100
111111111111111111111111111100101001011
111111111111111111111111111100100111010
111111111111111111111111111100100101001
111111111111111111111111111100100011000
111111111111111111111111111100100000111
111111111111111111111111111100011110110
111111111111111111111111111100011100101
111111111111111111111111111100011010100
111111111111111111111111111100011000011
111111111111111111111111111100010110010
111111111111111111111111111100010100001
111111111111111111111111111100010010000
111111111111111111111111111100001111111
111111111111111111111111111100001101110
111111111111111111111111111100001011101
111111111111111111111111111100001001100
111111111111111111111111111100000111011
111111111111111111111111111100000101010
111111111111111111111111111100000011001
111111111111111111111111111100000001000
111111111111111111111111111011111110111
111111111111111111111111111011111100110
111111111111111111111111111011111010101
111111111111111111111111111011111000100
111111111111111111111111111011110110011
111111111111111111111111111011110100010
111111111111111111111111111011110010001
111111111111111111111111111011110000000
111111111111111111111111111011101101111
111111111111111111111111111011101011110
111111111111111111111111111011101001101
111111111111111111111111111011100111100
111111111111111111111111111011100101011
111111111111111111111111111011100011010
111111111111111111111111111011100001001
111111111111111111111111111011011111000
111111111111111111111111111011011100111
111111111111111111111111111011011010110
111111111111111111111111111011011000101
111111111111111111111111111011010110100
111111111111111111111111111011010100011
111111111111111111111111111011010010010
111111111111111111111111111011010000001
111111111111111111111111111011001110000
111111111111111111111111111011001011111
111111111111111111111111111011001001110
111111111111111111111111111011000111101
111111111111111111111111111011000101100
111111111111111111111111111011000011011
111111111111111111111111111011000001010
111111111111111111111111111010111111001
111111111111111111111111111010111101000
111111111111111111111111111010111010111
111111111111111111111111111010111000110
111111111111111111111111111010110110101
111111111111111111111111111010110100100
111111111111111111111111111010110010011
111111111111111111111111111010110000010
111111111111111111111111111010101110001
111111111111111111111111111010101100000
111111111111111111111111111010101001111
111111111111111111111111111010100111110
111111111111111111111111111010100101101
111111111111111111111111111010100011100
111111111111111111111111111010100001011
111111111111111111111111111010011111010
111111111111111111111111111010011101001
111111111111111111111111111010011011000
111111111111111111111111111010011000111
111111111111111111111111111010010110110
111111111111111111111111111010010100101
111111111111111111111111111010010010100
111111111111111111111111111010010000011
111111111111111111111111111010001110010
111111111111111111111111111010001100001
111111111111111111111111111010001010000
111111111111111111111111111010000111111
111111111111111111111111111010000101110
111111111111111111111111111010000011101
111111111111111111111111111010000001100
111111111111111111111111111001111111011
111111111111111111111111111001111101010
111111111111111111111111111001111011001
111111111111111111111111111001111001000
111111111111111111111111111001110110111
111111111111111111111111111001110100110
111111111111111111111111111001110010101
111111111111111111111111111001110000100
111111111111111111111111111001101110011
111111111111111111111111111001101100010
111111111111111111111111111001101010001
111111111111111111111111111001101000000
111111111111111111111111111001100101111
111111111111111111111111111001100011110
111111111111111111111111111001100001101
111111111111111111111111111001011111100
111111111111111111111111111001011101011
111111111111111111111111111001011011010
111111111111111111111111111001011001001
111111111111111111111111111001010111000
111111111111111111111111111001010100111
111111111111111111111111111001010010110
111111111111111111111111111001010000101
111111111111111111111111111001001110100
111111111111111111111111111001001100011
111111111111111111111111111001001010010
111111111111111111111111111001001000001
111111111111111111111111111001000110000
111111111111111111111111111001000011111
111111111111111111111111111001000001110
111111111111111111111111111000111111101
111111111111111111111111111000111101100
111111111111111111111111111000111011011
111111111111111111111111111000111001010
111111111111111111111111111000110111001
111111111111111111111111111000110101000
111111111111111111111111111000110010111
111111111111111111111111111000110000110
111111111111111111111111111000101110101
111111111111111111111111111000101100100
111111111111111111111111111000101010011
111111111111111111111111111000101000010
111111111111111111111111111000100110001
111111111111111111111111111000100100000
111111111111111111111111111000100001111
111111111111111111111111111000011111110
111111111111111111111111111000011101101
111111111111111111111111111000011011100
111111111111111111111111111000011001011
111111111111111111111111111000010111010
111111111111111111111111111000010101001
111111111111111111111111111000010011000
111111111111111111111111111000010000111
111111111111111111111111111000001110110
111111111111111111111111111000001100101
111111111111111111111111111000001010100
111111111111111111111111111000001000011
111111111111111111111111111000000110010
111111111111111111111111111000000100001
111111111111111111111111111000000010000
111111111111111111111111110111111111111
111111111111111111111111110111111101110
111111111111111111111111110111111011101
111111111111111111111111110111111001100
111111111111111111111111110111110111011
111111111111111111111111110111110101010
111111111111111111111111110111110011001
111111111111111111111111110111110001000
111111111111111111111111110111101110111
111111111111111111111111110111101100110
111111111111111111111111110111101010101
111111111111111111111111110111101000100
111111111111111111111111110111100110011
111111111111111111111111110111100100010
111111111111111111111111110111100010001
