000000000000000000000000000000000000000
000000000000000000000000000000000110110
000000000000000000000000000000001101100
000000000000000000000000000000010100010
000000000000000000000000000000011011000
000000000000000000000000000000100001110
000000000000000000000000000000101000100
000000000000000000000000000000101111010
000000000000000000000000000000110110000
000000000000000000000000000000111100110
000000000000000000000000000001000011100
000000000000000000000000000001001010010
000000000000000000000000000001010001000
000000000000000000000000000001010111110
000000000000000000000000000001011110100
000000000000000000000000000001100101010
000000000000000000000000000001101100000
000000000000000000000000000001110010110
000000000000000000000000000001111001100
000000000000000000000000000010000000010
000000000000000000000000000010000111000
000000000000000000000000000010001101110
000000000000000000000000000010010100100
000000000000000000000000000010011011010
000000000000000000000000000010100010000
000000000000000000000000000010101000110
000000000000000000000000000010101111100
000000000000000000000000000010110110010
000000000000000000000000000010111101000
000000000000000000000000000011000011110
000000000000000000000000000011001010100
000000000000000000000000000011010001010
000000000000000000000000000011011000000
000000000000000000000000000011011110110
000000000000000000000000000011100101100
000000000000000000000000000011101100010
000000000000000000000000000011110011000
000000000000000000000000000011111001110
000000000000000000000000000100000000100
000000000000000000000000000100000111010
000000000000000000000000000100001110000
000000000000000000000000000100010100110
000000000000000000000000000100011011100
000000000000000000000000000100100010010
000000000000000000000000000100101001000
000000000000000000000000000100101111110
000000000000000000000000000100110110100
000000000000000000000000000100111101010
000000000000000000000000000101000100000
000000000000000000000000000101001010110
000000000000000000000000000101010001100
000000000000000000000000000101011000010
000000000000000000000000000101011111000
000000000000000000000000000101100101110
000000000000000000000000000101101100100
000000000000000000000000000101110011010
000000000000000000000000000101111010000
000000000000000000000000000110000000110
000000000000000000000000000110000111100
000000000000000000000000000110001110010
000000000000000000000000000110010101000
000000000000000000000000000110011011110
000000000000000000000000000110100010100
000000000000000000000000000110101001010
000000000000000000000000000110110000000
000000000000000000000000000110110110110
000000000000000000000000000110111101100
000000000000000000000000000111000100010
000000000000000000000000000111001011000
000000000000000000000000000111010001110
000000000000000000000000000111011000100
000000000000000000000000000111011111010
000000000000000000000000000111100110000
000000000000000000000000000111101100110
000000000000000000000000000111110011100
000000000000000000000000000111111010010
000000000000000000000000001000000001000
000000000000000000000000001000000111110
000000000000000000000000001000001110100
000000000000000000000000001000010101010
000000000000000000000000001000011100000
000000000000000000000000001000100010110
000000000000000000000000001000101001100
000000000000000000000000001000110000010
000000000000000000000000001000110111000
000000000000000000000000001000111101110
000000000000000000000000001001000100100
000000000000000000000000001001001011010
000000000000000000000000001001010010000
000000000000000000000000001001011000110
000000000000000000000000001001011111100
000000000000000000000000001001100110010
000000000000000000000000001001101101000
000000000000000000000000001001110011110
000000000000000000000000001001111010100
000000000000000000000000001010000001010
000000000000000000000000001010001000000
000000000000000000000000001010001110110
000000000000000000000000001010010101100
000000000000000000000000001010011100010
000000000000000000000000001010100011000
000000000000000000000000001010101001110
000000000000000000000000001010110000100
000000000000000000000000001010110111010
000000000000000000000000001010111110000
000000000000000000000000001011000100110
000000000000000000000000001011001011100
000000000000000000000000001011010010010
000000000000000000000000001011011001000
000000000000000000000000001011011111110
000000000000000000000000001011100110100
000000000000000000000000001011101101010
000000000000000000000000001011110100000
000000000000000000000000001011111010110
000000000000000000000000001100000001100
000000000000000000000000001100001000010
000000000000000000000000001100001111000
000000000000000000000000001100010101110
000000000000000000000000001100011100100
000000000000000000000000001100100011010
000000000000000000000000001100101010000
000000000000000000000000001100110000110
000000000000000000000000001100110111100
000000000000000000000000001100111110010
000000000000000000000000001101000101000
000000000000000000000000001101001011110
000000000000000000000000001101010010100
000000000000000000000000001101011001010
000000000000000000000000001101100000000
000000000000000000000000001101100110110
000000000000000000000000001101101101100
000000000000000000000000001101110100010
000000000000000000000000001101111011000
000000000000000000000000001110000001110
000000000000000000000000001110001000100
000000000000000000000000001110001111010
000000000000000000000000001110010110000
000000000000000000000000001110011100110
000000000000000000000000001110100011100
000000000000000000000000001110101010010
000000000000000000000000001110110001000
000000000000000000000000001110110111110
000000000000000000000000001110111110100
000000000000000000000000001111000101010
000000000000000000000000001111001100000
000000000000000000000000001111010010110
000000000000000000000000001111011001100
000000000000000000000000001111100000010
000000000000000000000000001111100111000
000000000000000000000000001111101101110
000000000000000000000000001111110100100
000000000000000000000000001111111011010
000000000000000000000000010000000010000
000000000000000000000000010000001000110
000000000000000000000000010000001111100
000000000000000000000000010000010110010
000000000000000000000000010000011101000
000000000000000000000000010000100011110
000000000000000000000000010000101010100
000000000000000000000000010000110001010
000000000000000000000000010000111000000
000000000000000000000000010000111110110
000000000000000000000000010001000101100
000000000000000000000000010001001100010
000000000000000000000000010001010011000
000000000000000000000000010001011001110
000000000000000000000000010001100000100
000000000000000000000000010001100111010
000000000000000000000000010001101110000
000000000000000000000000010001110100110
000000000000000000000000010001111011100
000000000000000000000000010010000010010
000000000000000000000000010010001001000
000000000000000000000000010010001111110
000000000000000000000000010010010110100
000000000000000000000000010010011101010
000000000000000000000000010010100100000
000000000000000000000000010010101010110
000000000000000000000000010010110001100
000000000000000000000000010010111000010
000000000000000000000000010010111111000
000000000000000000000000010011000101110
000000000000000000000000010011001100100
000000000000000000000000010011010011010
000000000000000000000000010011011010000
000000000000000000000000010011100000110
000000000000000000000000010011100111100
000000000000000000000000010011101110010
000000000000000000000000010011110101000
000000000000000000000000010011111011110
000000000000000000000000010100000010100
000000000000000000000000010100001001010
000000000000000000000000010100010000000
000000000000000000000000010100010110110
000000000000000000000000010100011101100
000000000000000000000000010100100100010
000000000000000000000000010100101011000
000000000000000000000000010100110001110
000000000000000000000000010100111000100
000000000000000000000000010100111111010
000000000000000000000000010101000110000
000000000000000000000000010101001100110
000000000000000000000000010101010011100
000000000000000000000000010101011010010
000000000000000000000000010101100001000
000000000000000000000000010101100111110
000000000000000000000000010101101110100
000000000000000000000000010101110101010
000000000000000000000000010101111100000
000000000000000000000000010110000010110
000000000000000000000000010110001001100
000000000000000000000000010110010000010
000000000000000000000000010110010111000
000000000000000000000000010110011101110
000000000000000000000000010110100100100
000000000000000000000000010110101011010
000000000000000000000000010110110010000
000000000000000000000000010110111000110
000000000000000000000000010110111111100
000000000000000000000000010111000110010
000000000000000000000000010111001101000
000000000000000000000000010111010011110
000000000000000000000000010111011010100
000000000000000000000000010111100001010
000000000000000000000000010111101000000
000000000000000000000000010111101110110
000000000000000000000000010111110101100
000000000000000000000000010111111100010
000000000000000000000000011000000011000
000000000000000000000000011000001001110
000000000000000000000000011000010000100
000000000000000000000000011000010111010
000000000000000000000000011000011110000
000000000000000000000000011000100100110
000000000000000000000000011000101011100
000000000000000000000000011000110010010
000000000000000000000000011000111001000
000000000000000000000000011000111111110
000000000000000000000000011001000110100
000000000000000000000000011001001101010
000000000000000000000000011001010100000
000000000000000000000000011001011010110
000000000000000000000000011001100001100
000000000000000000000000011001101000010
000000000000000000000000011001101111000
000000000000000000000000011001110101110
000000000000000000000000011001111100100
000000000000000000000000011010000011010
000000000000000000000000011010001010000
000000000000000000000000011010010000110
000000000000000000000000011010010111100
000000000000000000000000011010011110010
000000000000000000000000011010100101000
000000000000000000000000011010101011110
000000000000000000000000011010110010100
000000000000000000000000011010111001010
