000000000000000000000000000000000000000
111111111111111111111111111111101001010
111111111111111111111111111111010010100
111111111111111111111111111110111011110
111111111111111111111111111110100101000
111111111111111111111111111110001110010
111111111111111111111111111101110111100
111111111111111111111111111101100000110
111111111111111111111111111101001010000
111111111111111111111111111100110011010
111111111111111111111111111100011100100
111111111111111111111111111100000101110
111111111111111111111111111011101111000
111111111111111111111111111011011000010
111111111111111111111111111011000001100
111111111111111111111111111010101010110
111111111111111111111111111010010100000
111111111111111111111111111001111101010
111111111111111111111111111001100110100
111111111111111111111111111001001111110
111111111111111111111111111000111001000
111111111111111111111111111000100010010
111111111111111111111111111000001011100
111111111111111111111111110111110100110
111111111111111111111111110111011110000
111111111111111111111111110111000111010
111111111111111111111111110110110000100
111111111111111111111111110110011001110
111111111111111111111111110110000011000
111111111111111111111111110101101100010
111111111111111111111111110101010101100
111111111111111111111111110100111110110
111111111111111111111111110100101000000
111111111111111111111111110100010001010
111111111111111111111111110011111010100
111111111111111111111111110011100011110
111111111111111111111111110011001101000
111111111111111111111111110010110110010
111111111111111111111111110010011111100
111111111111111111111111110010001000110
111111111111111111111111110001110010000
111111111111111111111111110001011011010
111111111111111111111111110001000100100
111111111111111111111111110000101101110
111111111111111111111111110000010111000
111111111111111111111111110000000000010
111111111111111111111111101111101001100
111111111111111111111111101111010010110
111111111111111111111111101110111100000
111111111111111111111111101110100101010
111111111111111111111111101110001110100
111111111111111111111111101101110111110
111111111111111111111111101101100001000
111111111111111111111111101101001010010
111111111111111111111111101100110011100
111111111111111111111111101100011100110
111111111111111111111111101100000110000
111111111111111111111111101011101111010
111111111111111111111111101011011000100
111111111111111111111111101011000001110
111111111111111111111111101010101011000
111111111111111111111111101010010100010
111111111111111111111111101001111101100
111111111111111111111111101001100110110
111111111111111111111111101001010000000
111111111111111111111111101000111001010
111111111111111111111111101000100010100
111111111111111111111111101000001011110
111111111111111111111111100111110101000
111111111111111111111111100111011110010
111111111111111111111111100111000111100
111111111111111111111111100110110000110
111111111111111111111111100110011010000
111111111111111111111111100110000011010
111111111111111111111111100101101100100
111111111111111111111111100101010101110
111111111111111111111111100100111111000
111111111111111111111111100100101000010
111111111111111111111111100100010001100
111111111111111111111111100011111010110
111111111111111111111111100011100100000
111111111111111111111111100011001101010
111111111111111111111111100010110110100
111111111111111111111111100010011111110
111111111111111111111111100010001001000
111111111111111111111111100001110010010
111111111111111111111111100001011011100
111111111111111111111111100001000100110
111111111111111111111111100000101110000
111111111111111111111111100000010111010
111111111111111111111111100000000000100
111111111111111111111111011111101001110
111111111111111111111111011111010011000
111111111111111111111111011110111100010
111111111111111111111111011110100101100
111111111111111111111111011110001110110
111111111111111111111111011101111000000
111111111111111111111111011101100001010
111111111111111111111111011101001010100
111111111111111111111111011100110011110
111111111111111111111111011100011101000
111111111111111111111111011100000110010
111111111111111111111111011011101111100
111111111111111111111111011011011000110
111111111111111111111111011011000010000
111111111111111111111111011010101011010
111111111111111111111111011010010100100
111111111111111111111111011001111101110
111111111111111111111111011001100111000
111111111111111111111111011001010000010
111111111111111111111111011000111001100
111111111111111111111111011000100010110
111111111111111111111111011000001100000
111111111111111111111111010111110101010
111111111111111111111111010111011110100
111111111111111111111111010111000111110
111111111111111111111111010110110001000
111111111111111111111111010110011010010
111111111111111111111111010110000011100
111111111111111111111111010101101100110
111111111111111111111111010101010110000
111111111111111111111111010100111111010
111111111111111111111111010100101000100
111111111111111111111111010100010001110
111111111111111111111111010011111011000
111111111111111111111111010011100100010
111111111111111111111111010011001101100
111111111111111111111111010010110110110
111111111111111111111111010010100000000
111111111111111111111111010010001001010
111111111111111111111111010001110010100
111111111111111111111111010001011011110
111111111111111111111111010001000101000
111111111111111111111111010000101110010
111111111111111111111111010000010111100
111111111111111111111111010000000000110
111111111111111111111111001111101010000
111111111111111111111111001111010011010
111111111111111111111111001110111100100
111111111111111111111111001110100101110
111111111111111111111111001110001111000
111111111111111111111111001101111000010
111111111111111111111111001101100001100
111111111111111111111111001101001010110
111111111111111111111111001100110100000
111111111111111111111111001100011101010
111111111111111111111111001100000110100
111111111111111111111111001011101111110
111111111111111111111111001011011001000
111111111111111111111111001011000010010
111111111111111111111111001010101011100
111111111111111111111111001010010100110
111111111111111111111111001001111110000
111111111111111111111111001001100111010
111111111111111111111111001001010000100
111111111111111111111111001000111001110
111111111111111111111111001000100011000
111111111111111111111111001000001100010
111111111111111111111111000111110101100
111111111111111111111111000111011110110
111111111111111111111111000111001000000
111111111111111111111111000110110001010
111111111111111111111111000110011010100
111111111111111111111111000110000011110
111111111111111111111111000101101101000
111111111111111111111111000101010110010
111111111111111111111111000100111111100
111111111111111111111111000100101000110
111111111111111111111111000100010010000
111111111111111111111111000011111011010
111111111111111111111111000011100100100
111111111111111111111111000011001101110
111111111111111111111111000010110111000
111111111111111111111111000010100000010
111111111111111111111111000010001001100
111111111111111111111111000001110010110
111111111111111111111111000001011100000
111111111111111111111111000001000101010
111111111111111111111111000000101110100
111111111111111111111111000000010111110
111111111111111111111111000000000001000
111111111111111111111110111111101010010
111111111111111111111110111111010011100
111111111111111111111110111110111100110
111111111111111111111110111110100110000
111111111111111111111110111110001111010
111111111111111111111110111101111000100
111111111111111111111110111101100001110
111111111111111111111110111101001011000
111111111111111111111110111100110100010
111111111111111111111110111100011101100
111111111111111111111110111100000110110
111111111111111111111110111011110000000
111111111111111111111110111011011001010
111111111111111111111110111011000010100
111111111111111111111110111010101011110
111111111111111111111110111010010101000
111111111111111111111110111001111110010
111111111111111111111110111001100111100
111111111111111111111110111001010000110
111111111111111111111110111000111010000
111111111111111111111110111000100011010
111111111111111111111110111000001100100
111111111111111111111110110111110101110
111111111111111111111110110111011111000
111111111111111111111110110111001000010
111111111111111111111110110110110001100
111111111111111111111110110110011010110
111111111111111111111110110110000100000
111111111111111111111110110101101101010
111111111111111111111110110101010110100
111111111111111111111110110100111111110
111111111111111111111110110100101001000
111111111111111111111110110100010010010
111111111111111111111110110011111011100
111111111111111111111110110011100100110
111111111111111111111110110011001110000
111111111111111111111110110010110111010
111111111111111111111110110010100000100
111111111111111111111110110010001001110
111111111111111111111110110001110011000
111111111111111111111110110001011100010
111111111111111111111110110001000101100
111111111111111111111110110000101110110
111111111111111111111110110000011000000
111111111111111111111110110000000001010
111111111111111111111110101111101010100
111111111111111111111110101111010011110
111111111111111111111110101110111101000
111111111111111111111110101110100110010
111111111111111111111110101110001111100
111111111111111111111110101101111000110
111111111111111111111110101101100010000
111111111111111111111110101101001011010
111111111111111111111110101100110100100
111111111111111111111110101100011101110
111111111111111111111110101100000111000
111111111111111111111110101011110000010
111111111111111111111110101011011001100
111111111111111111111110101011000010110
111111111111111111111110101010101100000
111111111111111111111110101010010101010
111111111111111111111110101001111110100
111111111111111111111110101001100111110
111111111111111111111110101001010001000
111111111111111111111110101000111010010
111111111111111111111110101000100011100
111111111111111111111110101000001100110
111111111111111111111110100111110110000
111111111111111111111110100111011111010
111111111111111111111110100111001000100
111111111111111111111110100110110001110
111111111111111111111110100110011011000
111111111111111111111110100110000100010
111111111111111111111110100101101101100
111111111111111111111110100101010110110
