000000000000000000000000000000000000000
000000000000000000000000000000011110010
000000000000000000000000000000111100100
000000000000000000000000000001011010110
000000000000000000000000000001111001000
000000000000000000000000000010010111010
000000000000000000000000000010110101100
000000000000000000000000000011010011110
000000000000000000000000000011110010000
000000000000000000000000000100010000010
000000000000000000000000000100101110100
000000000000000000000000000101001100110
000000000000000000000000000101101011000
000000000000000000000000000110001001010
000000000000000000000000000110100111100
000000000000000000000000000111000101110
000000000000000000000000000111100100000
000000000000000000000000001000000010010
000000000000000000000000001000100000100
000000000000000000000000001000111110110
000000000000000000000000001001011101000
000000000000000000000000001001111011010
000000000000000000000000001010011001100
000000000000000000000000001010110111110
000000000000000000000000001011010110000
000000000000000000000000001011110100010
000000000000000000000000001100010010100
000000000000000000000000001100110000110
000000000000000000000000001101001111000
000000000000000000000000001101101101010
000000000000000000000000001110001011100
000000000000000000000000001110101001110
000000000000000000000000001111001000000
000000000000000000000000001111100110010
000000000000000000000000010000000100100
000000000000000000000000010000100010110
000000000000000000000000010001000001000
000000000000000000000000010001011111010
000000000000000000000000010001111101100
000000000000000000000000010010011011110
000000000000000000000000010010111010000
000000000000000000000000010011011000010
000000000000000000000000010011110110100
000000000000000000000000010100010100110
000000000000000000000000010100110011000
000000000000000000000000010101010001010
000000000000000000000000010101101111100
000000000000000000000000010110001101110
000000000000000000000000010110101100000
000000000000000000000000010111001010010
000000000000000000000000010111101000100
000000000000000000000000011000000110110
000000000000000000000000011000100101000
000000000000000000000000011001000011010
000000000000000000000000011001100001100
000000000000000000000000011001111111110
000000000000000000000000011010011110000
000000000000000000000000011010111100010
000000000000000000000000011011011010100
000000000000000000000000011011111000110
000000000000000000000000011100010111000
000000000000000000000000011100110101010
000000000000000000000000011101010011100
000000000000000000000000011101110001110
000000000000000000000000011110010000000
000000000000000000000000011110101110010
000000000000000000000000011111001100100
000000000000000000000000011111101010110
000000000000000000000000100000001001000
000000000000000000000000100000100111010
000000000000000000000000100001000101100
000000000000000000000000100001100011110
000000000000000000000000100010000010000
000000000000000000000000100010100000010
000000000000000000000000100010111110100
000000000000000000000000100011011100110
000000000000000000000000100011111011000
000000000000000000000000100100011001010
000000000000000000000000100100110111100
000000000000000000000000100101010101110
000000000000000000000000100101110100000
000000000000000000000000100110010010010
000000000000000000000000100110110000100
000000000000000000000000100111001110110
000000000000000000000000100111101101000
000000000000000000000000101000001011010
000000000000000000000000101000101001100
000000000000000000000000101001000111110
000000000000000000000000101001100110000
000000000000000000000000101010000100010
000000000000000000000000101010100010100
000000000000000000000000101011000000110
000000000000000000000000101011011111000
000000000000000000000000101011111101010
000000000000000000000000101100011011100
000000000000000000000000101100111001110
000000000000000000000000101101011000000
000000000000000000000000101101110110010
000000000000000000000000101110010100100
000000000000000000000000101110110010110
000000000000000000000000101111010001000
000000000000000000000000101111101111010
000000000000000000000000110000001101100
000000000000000000000000110000101011110
000000000000000000000000110001001010000
000000000000000000000000110001101000010
000000000000000000000000110010000110100
000000000000000000000000110010100100110
000000000000000000000000110011000011000
000000000000000000000000110011100001010
000000000000000000000000110011111111100
000000000000000000000000110100011101110
000000000000000000000000110100111100000
000000000000000000000000110101011010010
000000000000000000000000110101111000100
000000000000000000000000110110010110110
000000000000000000000000110110110101000
000000000000000000000000110111010011010
000000000000000000000000110111110001100
000000000000000000000000111000001111110
000000000000000000000000111000101110000
000000000000000000000000111001001100010
000000000000000000000000111001101010100
000000000000000000000000111010001000110
000000000000000000000000111010100111000
000000000000000000000000111011000101010
000000000000000000000000111011100011100
000000000000000000000000111100000001110
000000000000000000000000111100100000000
000000000000000000000000111100111110010
000000000000000000000000111101011100100
000000000000000000000000111101111010110
000000000000000000000000111110011001000
000000000000000000000000111110110111010
000000000000000000000000111111010101100
000000000000000000000000111111110011110
000000000000000000000001000000010010000
000000000000000000000001000000110000010
000000000000000000000001000001001110100
000000000000000000000001000001101100110
000000000000000000000001000010001011000
000000000000000000000001000010101001010
000000000000000000000001000011000111100
000000000000000000000001000011100101110
000000000000000000000001000100000100000
000000000000000000000001000100100010010
000000000000000000000001000101000000100
000000000000000000000001000101011110110
000000000000000000000001000101111101000
000000000000000000000001000110011011010
000000000000000000000001000110111001100
000000000000000000000001000111010111110
000000000000000000000001000111110110000
000000000000000000000001001000010100010
000000000000000000000001001000110010100
000000000000000000000001001001010000110
000000000000000000000001001001101111000
000000000000000000000001001010001101010
000000000000000000000001001010101011100
000000000000000000000001001011001001110
000000000000000000000001001011101000000
000000000000000000000001001100000110010
000000000000000000000001001100100100100
000000000000000000000001001101000010110
000000000000000000000001001101100001000
000000000000000000000001001101111111010
000000000000000000000001001110011101100
000000000000000000000001001110111011110
000000000000000000000001001111011010000
000000000000000000000001001111111000010
000000000000000000000001010000010110100
000000000000000000000001010000110100110
000000000000000000000001010001010011000
000000000000000000000001010001110001010
000000000000000000000001010010001111100
000000000000000000000001010010101101110
000000000000000000000001010011001100000
000000000000000000000001010011101010010
000000000000000000000001010100001000100
000000000000000000000001010100100110110
000000000000000000000001010101000101000
000000000000000000000001010101100011010
000000000000000000000001010110000001100
000000000000000000000001010110011111110
000000000000000000000001010110111110000
000000000000000000000001010111011100010
000000000000000000000001010111111010100
000000000000000000000001011000011000110
000000000000000000000001011000110111000
000000000000000000000001011001010101010
000000000000000000000001011001110011100
000000000000000000000001011010010001110
000000000000000000000001011010110000000
000000000000000000000001011011001110010
000000000000000000000001011011101100100
000000000000000000000001011100001010110
000000000000000000000001011100101001000
000000000000000000000001011101000111010
000000000000000000000001011101100101100
000000000000000000000001011110000011110
000000000000000000000001011110100010000
000000000000000000000001011111000000010
000000000000000000000001011111011110100
000000000000000000000001011111111100110
000000000000000000000001100000011011000
000000000000000000000001100000111001010
000000000000000000000001100001010111100
000000000000000000000001100001110101110
000000000000000000000001100010010100000
000000000000000000000001100010110010010
000000000000000000000001100011010000100
000000000000000000000001100011101110110
000000000000000000000001100100001101000
000000000000000000000001100100101011010
000000000000000000000001100101001001100
000000000000000000000001100101100111110
000000000000000000000001100110000110000
000000000000000000000001100110100100010
000000000000000000000001100111000010100
000000000000000000000001100111100000110
000000000000000000000001100111111111000
000000000000000000000001101000011101010
000000000000000000000001101000111011100
000000000000000000000001101001011001110
000000000000000000000001101001111000000
000000000000000000000001101010010110010
000000000000000000000001101010110100100
000000000000000000000001101011010010110
000000000000000000000001101011110001000
000000000000000000000001101100001111010
000000000000000000000001101100101101100
000000000000000000000001101101001011110
000000000000000000000001101101101010000
000000000000000000000001101110001000010
000000000000000000000001101110100110100
000000000000000000000001101111000100110
000000000000000000000001101111100011000
000000000000000000000001110000000001010
000000000000000000000001110000011111100
000000000000000000000001110000111101110
000000000000000000000001110001011100000
000000000000000000000001110001111010010
000000000000000000000001110010011000100
000000000000000000000001110010110110110
000000000000000000000001110011010101000
000000000000000000000001110011110011010
000000000000000000000001110100010001100
000000000000000000000001110100101111110
000000000000000000000001110101001110000
000000000000000000000001110101101100010
000000000000000000000001110110001010100
000000000000000000000001110110101000110
000000000000000000000001110111000111000
000000000000000000000001110111100101010
000000000000000000000001111000000011100
000000000000000000000001111000100001110
