000000000000000000000000000000000000000
000000000000000000000000000000010011011
000000000000000000000000000000100110110
000000000000000000000000000000111010001
000000000000000000000000000001001101100
000000000000000000000000000001100000111
000000000000000000000000000001110100010
000000000000000000000000000010000111101
000000000000000000000000000010011011000
000000000000000000000000000010101110011
000000000000000000000000000011000001110
000000000000000000000000000011010101001
000000000000000000000000000011101000100
000000000000000000000000000011111011111
000000000000000000000000000100001111010
000000000000000000000000000100100010101
000000000000000000000000000100110110000
000000000000000000000000000101001001011
000000000000000000000000000101011100110
000000000000000000000000000101110000001
000000000000000000000000000110000011100
000000000000000000000000000110010110111
000000000000000000000000000110101010010
000000000000000000000000000110111101101
000000000000000000000000000111010001000
000000000000000000000000000111100100011
000000000000000000000000000111110111110
000000000000000000000000001000001011001
000000000000000000000000001000011110100
000000000000000000000000001000110001111
000000000000000000000000001001000101010
000000000000000000000000001001011000101
000000000000000000000000001001101100000
000000000000000000000000001001111111011
000000000000000000000000001010010010110
000000000000000000000000001010100110001
000000000000000000000000001010111001100
000000000000000000000000001011001100111
000000000000000000000000001011100000010
000000000000000000000000001011110011101
000000000000000000000000001100000111000
000000000000000000000000001100011010011
000000000000000000000000001100101101110
000000000000000000000000001101000001001
000000000000000000000000001101010100100
000000000000000000000000001101100111111
000000000000000000000000001101111011010
000000000000000000000000001110001110101
000000000000000000000000001110100010000
000000000000000000000000001110110101011
000000000000000000000000001111001000110
000000000000000000000000001111011100001
000000000000000000000000001111101111100
000000000000000000000000010000000010111
000000000000000000000000010000010110010
000000000000000000000000010000101001101
000000000000000000000000010000111101000
000000000000000000000000010001010000011
000000000000000000000000010001100011110
000000000000000000000000010001110111001
000000000000000000000000010010001010100
000000000000000000000000010010011101111
000000000000000000000000010010110001010
000000000000000000000000010011000100101
000000000000000000000000010011011000000
000000000000000000000000010011101011011
000000000000000000000000010011111110110
000000000000000000000000010100010010001
000000000000000000000000010100100101100
000000000000000000000000010100111000111
000000000000000000000000010101001100010
000000000000000000000000010101011111101
000000000000000000000000010101110011000
000000000000000000000000010110000110011
000000000000000000000000010110011001110
000000000000000000000000010110101101001
000000000000000000000000010111000000100
000000000000000000000000010111010011111
000000000000000000000000010111100111010
000000000000000000000000010111111010101
000000000000000000000000011000001110000
000000000000000000000000011000100001011
000000000000000000000000011000110100110
000000000000000000000000011001001000001
000000000000000000000000011001011011100
000000000000000000000000011001101110111
000000000000000000000000011010000010010
000000000000000000000000011010010101101
000000000000000000000000011010101001000
000000000000000000000000011010111100011
000000000000000000000000011011001111110
000000000000000000000000011011100011001
000000000000000000000000011011110110100
000000000000000000000000011100001001111
000000000000000000000000011100011101010
000000000000000000000000011100110000101
000000000000000000000000011101000100000
000000000000000000000000011101010111011
000000000000000000000000011101101010110
000000000000000000000000011101111110001
000000000000000000000000011110010001100
000000000000000000000000011110100100111
000000000000000000000000011110111000010
000000000000000000000000011111001011101
000000000000000000000000011111011111000
000000000000000000000000011111110010011
000000000000000000000000100000000101110
000000000000000000000000100000011001001
000000000000000000000000100000101100100
000000000000000000000000100000111111111
000000000000000000000000100001010011010
000000000000000000000000100001100110101
000000000000000000000000100001111010000
000000000000000000000000100010001101011
000000000000000000000000100010100000110
000000000000000000000000100010110100001
000000000000000000000000100011000111100
000000000000000000000000100011011010111
000000000000000000000000100011101110010
000000000000000000000000100100000001101
000000000000000000000000100100010101000
000000000000000000000000100100101000011
000000000000000000000000100100111011110
000000000000000000000000100101001111001
000000000000000000000000100101100010100
000000000000000000000000100101110101111
000000000000000000000000100110001001010
000000000000000000000000100110011100101
000000000000000000000000100110110000000
000000000000000000000000100111000011011
000000000000000000000000100111010110110
000000000000000000000000100111101010001
000000000000000000000000100111111101100
000000000000000000000000101000010000111
000000000000000000000000101000100100010
000000000000000000000000101000110111101
000000000000000000000000101001001011000
000000000000000000000000101001011110011
000000000000000000000000101001110001110
000000000000000000000000101010000101001
000000000000000000000000101010011000100
000000000000000000000000101010101011111
000000000000000000000000101010111111010
000000000000000000000000101011010010101
000000000000000000000000101011100110000
000000000000000000000000101011111001011
000000000000000000000000101100001100110
000000000000000000000000101100100000001
000000000000000000000000101100110011100
000000000000000000000000101101000110111
000000000000000000000000101101011010010
000000000000000000000000101101101101101
000000000000000000000000101110000001000
000000000000000000000000101110010100011
000000000000000000000000101110100111110
000000000000000000000000101110111011001
000000000000000000000000101111001110100
000000000000000000000000101111100001111
000000000000000000000000101111110101010
000000000000000000000000110000001000101
000000000000000000000000110000011100000
000000000000000000000000110000101111011
000000000000000000000000110001000010110
000000000000000000000000110001010110001
000000000000000000000000110001101001100
000000000000000000000000110001111100111
000000000000000000000000110010010000010
000000000000000000000000110010100011101
000000000000000000000000110010110111000
000000000000000000000000110011001010011
000000000000000000000000110011011101110
000000000000000000000000110011110001001
000000000000000000000000110100000100100
000000000000000000000000110100010111111
000000000000000000000000110100101011010
000000000000000000000000110100111110101
000000000000000000000000110101010010000
000000000000000000000000110101100101011
000000000000000000000000110101111000110
000000000000000000000000110110001100001
000000000000000000000000110110011111100
000000000000000000000000110110110010111
000000000000000000000000110111000110010
000000000000000000000000110111011001101
000000000000000000000000110111101101000
000000000000000000000000111000000000011
000000000000000000000000111000010011110
000000000000000000000000111000100111001
000000000000000000000000111000111010100
000000000000000000000000111001001101111
000000000000000000000000111001100001010
000000000000000000000000111001110100101
000000000000000000000000111010001000000
000000000000000000000000111010011011011
000000000000000000000000111010101110110
000000000000000000000000111011000010001
000000000000000000000000111011010101100
000000000000000000000000111011101000111
000000000000000000000000111011111100010
000000000000000000000000111100001111101
000000000000000000000000111100100011000
000000000000000000000000111100110110011
000000000000000000000000111101001001110
000000000000000000000000111101011101001
000000000000000000000000111101110000100
000000000000000000000000111110000011111
000000000000000000000000111110010111010
000000000000000000000000111110101010101
000000000000000000000000111110111110000
000000000000000000000000111111010001011
000000000000000000000000111111100100110
000000000000000000000000111111111000001
000000000000000000000001000000001011100
000000000000000000000001000000011110111
000000000000000000000001000000110010010
000000000000000000000001000001000101101
000000000000000000000001000001011001000
000000000000000000000001000001101100011
000000000000000000000001000001111111110
000000000000000000000001000010010011001
000000000000000000000001000010100110100
000000000000000000000001000010111001111
000000000000000000000001000011001101010
000000000000000000000001000011100000101
000000000000000000000001000011110100000
000000000000000000000001000100000111011
000000000000000000000001000100011010110
000000000000000000000001000100101110001
000000000000000000000001000101000001100
000000000000000000000001000101010100111
000000000000000000000001000101101000010
000000000000000000000001000101111011101
000000000000000000000001000110001111000
000000000000000000000001000110100010011
000000000000000000000001000110110101110
000000000000000000000001000111001001001
000000000000000000000001000111011100100
000000000000000000000001000111101111111
000000000000000000000001001000000011010
000000000000000000000001001000010110101
000000000000000000000001001000101010000
000000000000000000000001001000111101011
000000000000000000000001001001010000110
000000000000000000000001001001100100001
000000000000000000000001001001110111100
000000000000000000000001001010001010111
000000000000000000000001001010011110010
000000000000000000000001001010110001101
000000000000000000000001001011000101000
000000000000000000000001001011011000011
000000000000000000000001001011101011110
000000000000000000000001001011111111001
000000000000000000000001001100010010100
000000000000000000000001001100100101111
000000000000000000000001001100111001010
000000000000000000000001001101001100101
