000000000000000000000000000000000000000
111111111111111111111111111111100101100
111111111111111111111111111111001011000
111111111111111111111111111110110000100
111111111111111111111111111110010110000
111111111111111111111111111101111011100
111111111111111111111111111101100001000
111111111111111111111111111101000110100
111111111111111111111111111100101100000
111111111111111111111111111100010001100
111111111111111111111111111011110111000
111111111111111111111111111011011100100
111111111111111111111111111011000010000
111111111111111111111111111010100111100
111111111111111111111111111010001101000
111111111111111111111111111001110010100
111111111111111111111111111001011000000
111111111111111111111111111000111101100
111111111111111111111111111000100011000
111111111111111111111111111000001000100
111111111111111111111111110111101110000
111111111111111111111111110111010011100
111111111111111111111111110110111001000
111111111111111111111111110110011110100
111111111111111111111111110110000100000
111111111111111111111111110101101001100
111111111111111111111111110101001111000
111111111111111111111111110100110100100
111111111111111111111111110100011010000
111111111111111111111111110011111111100
111111111111111111111111110011100101000
111111111111111111111111110011001010100
111111111111111111111111110010110000000
111111111111111111111111110010010101100
111111111111111111111111110001111011000
111111111111111111111111110001100000100
111111111111111111111111110001000110000
111111111111111111111111110000101011100
111111111111111111111111110000010001000
111111111111111111111111101111110110100
111111111111111111111111101111011100000
111111111111111111111111101111000001100
111111111111111111111111101110100111000
111111111111111111111111101110001100100
111111111111111111111111101101110010000
111111111111111111111111101101010111100
111111111111111111111111101100111101000
111111111111111111111111101100100010100
111111111111111111111111101100001000000
111111111111111111111111101011101101100
111111111111111111111111101011010011000
111111111111111111111111101010111000100
111111111111111111111111101010011110000
111111111111111111111111101010000011100
111111111111111111111111101001101001000
111111111111111111111111101001001110100
111111111111111111111111101000110100000
111111111111111111111111101000011001100
111111111111111111111111100111111111000
111111111111111111111111100111100100100
111111111111111111111111100111001010000
111111111111111111111111100110101111100
111111111111111111111111100110010101000
111111111111111111111111100101111010100
111111111111111111111111100101100000000
111111111111111111111111100101000101100
111111111111111111111111100100101011000
111111111111111111111111100100010000100
111111111111111111111111100011110110000
111111111111111111111111100011011011100
111111111111111111111111100011000001000
111111111111111111111111100010100110100
111111111111111111111111100010001100000
111111111111111111111111100001110001100
111111111111111111111111100001010111000
111111111111111111111111100000111100100
111111111111111111111111100000100010000
111111111111111111111111100000000111100
111111111111111111111111011111101101000
111111111111111111111111011111010010100
111111111111111111111111011110111000000
111111111111111111111111011110011101100
111111111111111111111111011110000011000
111111111111111111111111011101101000100
111111111111111111111111011101001110000
111111111111111111111111011100110011100
111111111111111111111111011100011001000
111111111111111111111111011011111110100
111111111111111111111111011011100100000
111111111111111111111111011011001001100
111111111111111111111111011010101111000
111111111111111111111111011010010100100
111111111111111111111111011001111010000
111111111111111111111111011001011111100
111111111111111111111111011001000101000
111111111111111111111111011000101010100
111111111111111111111111011000010000000
111111111111111111111111010111110101100
111111111111111111111111010111011011000
111111111111111111111111010111000000100
111111111111111111111111010110100110000
111111111111111111111111010110001011100
111111111111111111111111010101110001000
111111111111111111111111010101010110100
111111111111111111111111010100111100000
111111111111111111111111010100100001100
111111111111111111111111010100000111000
111111111111111111111111010011101100100
111111111111111111111111010011010010000
111111111111111111111111010010110111100
111111111111111111111111010010011101000
111111111111111111111111010010000010100
111111111111111111111111010001101000000
111111111111111111111111010001001101100
111111111111111111111111010000110011000
111111111111111111111111010000011000100
111111111111111111111111001111111110000
111111111111111111111111001111100011100
111111111111111111111111001111001001000
111111111111111111111111001110101110100
111111111111111111111111001110010100000
111111111111111111111111001101111001100
111111111111111111111111001101011111000
111111111111111111111111001101000100100
111111111111111111111111001100101010000
111111111111111111111111001100001111100
111111111111111111111111001011110101000
111111111111111111111111001011011010100
111111111111111111111111001011000000000
111111111111111111111111001010100101100
111111111111111111111111001010001011000
111111111111111111111111001001110000100
111111111111111111111111001001010110000
111111111111111111111111001000111011100
111111111111111111111111001000100001000
111111111111111111111111001000000110100
111111111111111111111111000111101100000
111111111111111111111111000111010001100
111111111111111111111111000110110111000
111111111111111111111111000110011100100
111111111111111111111111000110000010000
111111111111111111111111000101100111100
111111111111111111111111000101001101000
111111111111111111111111000100110010100
111111111111111111111111000100011000000
111111111111111111111111000011111101100
111111111111111111111111000011100011000
111111111111111111111111000011001000100
111111111111111111111111000010101110000
111111111111111111111111000010010011100
111111111111111111111111000001111001000
111111111111111111111111000001011110100
111111111111111111111111000001000100000
111111111111111111111111000000101001100
111111111111111111111111000000001111000
111111111111111111111110111111110100100
111111111111111111111110111111011010000
111111111111111111111110111110111111100
111111111111111111111110111110100101000
111111111111111111111110111110001010100
111111111111111111111110111101110000000
111111111111111111111110111101010101100
111111111111111111111110111100111011000
111111111111111111111110111100100000100
111111111111111111111110111100000110000
111111111111111111111110111011101011100
111111111111111111111110111011010001000
111111111111111111111110111010110110100
111111111111111111111110111010011100000
111111111111111111111110111010000001100
111111111111111111111110111001100111000
111111111111111111111110111001001100100
111111111111111111111110111000110010000
111111111111111111111110111000010111100
111111111111111111111110110111111101000
111111111111111111111110110111100010100
111111111111111111111110110111001000000
111111111111111111111110110110101101100
111111111111111111111110110110010011000
111111111111111111111110110101111000100
111111111111111111111110110101011110000
111111111111111111111110110101000011100
111111111111111111111110110100101001000
111111111111111111111110110100001110100
111111111111111111111110110011110100000
111111111111111111111110110011011001100
111111111111111111111110110010111111000
111111111111111111111110110010100100100
111111111111111111111110110010001010000
111111111111111111111110110001101111100
111111111111111111111110110001010101000
111111111111111111111110110000111010100
111111111111111111111110110000100000000
111111111111111111111110110000000101100
111111111111111111111110101111101011000
111111111111111111111110101111010000100
111111111111111111111110101110110110000
111111111111111111111110101110011011100
111111111111111111111110101110000001000
111111111111111111111110101101100110100
111111111111111111111110101101001100000
111111111111111111111110101100110001100
111111111111111111111110101100010111000
111111111111111111111110101011111100100
111111111111111111111110101011100010000
111111111111111111111110101011000111100
111111111111111111111110101010101101000
111111111111111111111110101010010010100
111111111111111111111110101001111000000
111111111111111111111110101001011101100
111111111111111111111110101001000011000
111111111111111111111110101000101000100
111111111111111111111110101000001110000
111111111111111111111110100111110011100
111111111111111111111110100111011001000
111111111111111111111110100110111110100
111111111111111111111110100110100100000
111111111111111111111110100110001001100
111111111111111111111110100101101111000
111111111111111111111110100101010100100
111111111111111111111110100100111010000
111111111111111111111110100100011111100
111111111111111111111110100100000101000
111111111111111111111110100011101010100
111111111111111111111110100011010000000
111111111111111111111110100010110101100
111111111111111111111110100010011011000
111111111111111111111110100010000000100
111111111111111111111110100001100110000
111111111111111111111110100001001011100
111111111111111111111110100000110001000
111111111111111111111110100000010110100
111111111111111111111110011111111100000
111111111111111111111110011111100001100
111111111111111111111110011111000111000
111111111111111111111110011110101100100
111111111111111111111110011110010010000
111111111111111111111110011101110111100
111111111111111111111110011101011101000
111111111111111111111110011101000010100
111111111111111111111110011100101000000
111111111111111111111110011100001101100
111111111111111111111110011011110011000
111111111111111111111110011011011000100
111111111111111111111110011010111110000
111111111111111111111110011010100011100
111111111111111111111110011010001001000
111111111111111111111110011001101110100
111111111111111111111110011001010100000
111111111111111111111110011000111001100
111111111111111111111110011000011111000
111111111111111111111110011000000100100
111111111111111111111110010111101010000
111111111111111111111110010111001111100
111111111111111111111110010110110101000
111111111111111111111110010110011010100
