000000000000000000000000000000000000000
111111111111111111111111111111111001101
111111111111111111111111111111110011010
111111111111111111111111111111101100111
111111111111111111111111111111100110100
111111111111111111111111111111100000001
111111111111111111111111111111011001110
111111111111111111111111111111010011011
111111111111111111111111111111001101000
111111111111111111111111111111000110101
111111111111111111111111111111000000010
111111111111111111111111111110111001111
111111111111111111111111111110110011100
111111111111111111111111111110101101001
111111111111111111111111111110100110110
111111111111111111111111111110100000011
111111111111111111111111111110011010000
111111111111111111111111111110010011101
111111111111111111111111111110001101010
111111111111111111111111111110000110111
111111111111111111111111111110000000100
111111111111111111111111111101111010001
111111111111111111111111111101110011110
111111111111111111111111111101101101011
111111111111111111111111111101100111000
111111111111111111111111111101100000101
111111111111111111111111111101011010010
111111111111111111111111111101010011111
111111111111111111111111111101001101100
111111111111111111111111111101000111001
111111111111111111111111111101000000110
111111111111111111111111111100111010011
111111111111111111111111111100110100000
111111111111111111111111111100101101101
111111111111111111111111111100100111010
111111111111111111111111111100100000111
111111111111111111111111111100011010100
111111111111111111111111111100010100001
111111111111111111111111111100001101110
111111111111111111111111111100000111011
111111111111111111111111111100000001000
111111111111111111111111111011111010101
111111111111111111111111111011110100010
111111111111111111111111111011101101111
111111111111111111111111111011100111100
111111111111111111111111111011100001001
111111111111111111111111111011011010110
111111111111111111111111111011010100011
111111111111111111111111111011001110000
111111111111111111111111111011000111101
111111111111111111111111111011000001010
111111111111111111111111111010111010111
111111111111111111111111111010110100100
111111111111111111111111111010101110001
111111111111111111111111111010100111110
111111111111111111111111111010100001011
111111111111111111111111111010011011000
111111111111111111111111111010010100101
111111111111111111111111111010001110010
111111111111111111111111111010000111111
111111111111111111111111111010000001100
111111111111111111111111111001111011001
111111111111111111111111111001110100110
111111111111111111111111111001101110011
111111111111111111111111111001101000000
111111111111111111111111111001100001101
111111111111111111111111111001011011010
111111111111111111111111111001010100111
111111111111111111111111111001001110100
111111111111111111111111111001001000001
111111111111111111111111111001000001110
111111111111111111111111111000111011011
111111111111111111111111111000110101000
111111111111111111111111111000101110101
111111111111111111111111111000101000010
111111111111111111111111111000100001111
111111111111111111111111111000011011100
111111111111111111111111111000010101001
111111111111111111111111111000001110110
111111111111111111111111111000001000011
111111111111111111111111111000000010000
111111111111111111111111110111111011101
111111111111111111111111110111110101010
111111111111111111111111110111101110111
111111111111111111111111110111101000100
111111111111111111111111110111100010001
111111111111111111111111110111011011110
111111111111111111111111110111010101011
111111111111111111111111110111001111000
111111111111111111111111110111001000101
111111111111111111111111110111000010010
111111111111111111111111110110111011111
111111111111111111111111110110110101100
111111111111111111111111110110101111001
111111111111111111111111110110101000110
111111111111111111111111110110100010011
111111111111111111111111110110011100000
111111111111111111111111110110010101101
111111111111111111111111110110001111010
111111111111111111111111110110001000111
111111111111111111111111110110000010100
111111111111111111111111110101111100001
111111111111111111111111110101110101110
111111111111111111111111110101101111011
111111111111111111111111110101101001000
111111111111111111111111110101100010101
111111111111111111111111110101011100010
111111111111111111111111110101010101111
111111111111111111111111110101001111100
111111111111111111111111110101001001001
111111111111111111111111110101000010110
111111111111111111111111110100111100011
111111111111111111111111110100110110000
111111111111111111111111110100101111101
111111111111111111111111110100101001010
111111111111111111111111110100100010111
111111111111111111111111110100011100100
111111111111111111111111110100010110001
111111111111111111111111110100001111110
111111111111111111111111110100001001011
111111111111111111111111110100000011000
111111111111111111111111110011111100101
111111111111111111111111110011110110010
111111111111111111111111110011101111111
111111111111111111111111110011101001100
111111111111111111111111110011100011001
111111111111111111111111110011011100110
111111111111111111111111110011010110011
111111111111111111111111110011010000000
111111111111111111111111110011001001101
111111111111111111111111110011000011010
111111111111111111111111110010111100111
111111111111111111111111110010110110100
111111111111111111111111110010110000001
111111111111111111111111110010101001110
111111111111111111111111110010100011011
111111111111111111111111110010011101000
111111111111111111111111110010010110101
111111111111111111111111110010010000010
111111111111111111111111110010001001111
111111111111111111111111110010000011100
111111111111111111111111110001111101001
111111111111111111111111110001110110110
111111111111111111111111110001110000011
111111111111111111111111110001101010000
111111111111111111111111110001100011101
111111111111111111111111110001011101010
111111111111111111111111110001010110111
111111111111111111111111110001010000100
111111111111111111111111110001001010001
111111111111111111111111110001000011110
111111111111111111111111110000111101011
111111111111111111111111110000110111000
111111111111111111111111110000110000101
111111111111111111111111110000101010010
111111111111111111111111110000100011111
111111111111111111111111110000011101100
111111111111111111111111110000010111001
111111111111111111111111110000010000110
111111111111111111111111110000001010011
111111111111111111111111110000000100000
111111111111111111111111101111111101101
111111111111111111111111101111110111010
111111111111111111111111101111110000111
111111111111111111111111101111101010100
111111111111111111111111101111100100001
111111111111111111111111101111011101110
111111111111111111111111101111010111011
111111111111111111111111101111010001000
111111111111111111111111101111001010101
111111111111111111111111101111000100010
111111111111111111111111101110111101111
111111111111111111111111101110110111100
111111111111111111111111101110110001001
111111111111111111111111101110101010110
111111111111111111111111101110100100011
111111111111111111111111101110011110000
111111111111111111111111101110010111101
111111111111111111111111101110010001010
111111111111111111111111101110001010111
111111111111111111111111101110000100100
111111111111111111111111101101111110001
111111111111111111111111101101110111110
111111111111111111111111101101110001011
111111111111111111111111101101101011000
111111111111111111111111101101100100101
111111111111111111111111101101011110010
111111111111111111111111101101010111111
111111111111111111111111101101010001100
111111111111111111111111101101001011001
111111111111111111111111101101000100110
111111111111111111111111101100111110011
111111111111111111111111101100111000000
111111111111111111111111101100110001101
111111111111111111111111101100101011010
111111111111111111111111101100100100111
111111111111111111111111101100011110100
111111111111111111111111101100011000001
111111111111111111111111101100010001110
111111111111111111111111101100001011011
111111111111111111111111101100000101000
111111111111111111111111101011111110101
111111111111111111111111101011111000010
111111111111111111111111101011110001111
111111111111111111111111101011101011100
111111111111111111111111101011100101001
111111111111111111111111101011011110110
111111111111111111111111101011011000011
111111111111111111111111101011010010000
111111111111111111111111101011001011101
111111111111111111111111101011000101010
111111111111111111111111101010111110111
111111111111111111111111101010111000100
111111111111111111111111101010110010001
111111111111111111111111101010101011110
111111111111111111111111101010100101011
111111111111111111111111101010011111000
111111111111111111111111101010011000101
111111111111111111111111101010010010010
111111111111111111111111101010001011111
111111111111111111111111101010000101100
111111111111111111111111101001111111001
111111111111111111111111101001111000110
111111111111111111111111101001110010011
111111111111111111111111101001101100000
111111111111111111111111101001100101101
111111111111111111111111101001011111010
111111111111111111111111101001011000111
111111111111111111111111101001010010100
111111111111111111111111101001001100001
111111111111111111111111101001000101110
111111111111111111111111101000111111011
111111111111111111111111101000111001000
111111111111111111111111101000110010101
111111111111111111111111101000101100010
111111111111111111111111101000100101111
111111111111111111111111101000011111100
111111111111111111111111101000011001001
111111111111111111111111101000010010110
111111111111111111111111101000001100011
111111111111111111111111101000000110000
111111111111111111111111100111111111101
111111111111111111111111100111111001010
111111111111111111111111100111110010111
111111111111111111111111100111101100100
111111111111111111111111100111100110001
111111111111111111111111100111011111110
111111111111111111111111100111011001011
111111111111111111111111100111010011000
111111111111111111111111100111001100101
111111111111111111111111100111000110010
111111111111111111111111100110111111111
111111111111111111111111100110111001100
111111111111111111111111100110110011001
111111111111111111111111100110101100110
111111111111111111111111100110100110011
