000000000000000000000000000000000000000
000000000000000000000000000000010011100
000000000000000000000000000000100111000
000000000000000000000000000000111010100
000000000000000000000000000001001110000
000000000000000000000000000001100001100
000000000000000000000000000001110101000
000000000000000000000000000010001000100
000000000000000000000000000010011100000
000000000000000000000000000010101111100
000000000000000000000000000011000011000
000000000000000000000000000011010110100
000000000000000000000000000011101010000
000000000000000000000000000011111101100
000000000000000000000000000100010001000
000000000000000000000000000100100100100
000000000000000000000000000100111000000
000000000000000000000000000101001011100
000000000000000000000000000101011111000
000000000000000000000000000101110010100
000000000000000000000000000110000110000
000000000000000000000000000110011001100
000000000000000000000000000110101101000
000000000000000000000000000111000000100
000000000000000000000000000111010100000
000000000000000000000000000111100111100
000000000000000000000000000111111011000
000000000000000000000000001000001110100
000000000000000000000000001000100010000
000000000000000000000000001000110101100
000000000000000000000000001001001001000
000000000000000000000000001001011100100
000000000000000000000000001001110000000
000000000000000000000000001010000011100
000000000000000000000000001010010111000
000000000000000000000000001010101010100
000000000000000000000000001010111110000
000000000000000000000000001011010001100
000000000000000000000000001011100101000
000000000000000000000000001011111000100
000000000000000000000000001100001100000
000000000000000000000000001100011111100
000000000000000000000000001100110011000
000000000000000000000000001101000110100
000000000000000000000000001101011010000
000000000000000000000000001101101101100
000000000000000000000000001110000001000
000000000000000000000000001110010100100
000000000000000000000000001110101000000
000000000000000000000000001110111011100
000000000000000000000000001111001111000
000000000000000000000000001111100010100
000000000000000000000000001111110110000
000000000000000000000000010000001001100
000000000000000000000000010000011101000
000000000000000000000000010000110000100
000000000000000000000000010001000100000
000000000000000000000000010001010111100
000000000000000000000000010001101011000
000000000000000000000000010001111110100
000000000000000000000000010010010010000
000000000000000000000000010010100101100
000000000000000000000000010010111001000
000000000000000000000000010011001100100
000000000000000000000000010011100000000
000000000000000000000000010011110011100
000000000000000000000000010100000111000
000000000000000000000000010100011010100
000000000000000000000000010100101110000
000000000000000000000000010101000001100
000000000000000000000000010101010101000
000000000000000000000000010101101000100
000000000000000000000000010101111100000
000000000000000000000000010110001111100
000000000000000000000000010110100011000
000000000000000000000000010110110110100
000000000000000000000000010111001010000
000000000000000000000000010111011101100
000000000000000000000000010111110001000
000000000000000000000000011000000100100
000000000000000000000000011000011000000
000000000000000000000000011000101011100
000000000000000000000000011000111111000
000000000000000000000000011001010010100
000000000000000000000000011001100110000
000000000000000000000000011001111001100
000000000000000000000000011010001101000
000000000000000000000000011010100000100
000000000000000000000000011010110100000
000000000000000000000000011011000111100
000000000000000000000000011011011011000
000000000000000000000000011011101110100
000000000000000000000000011100000010000
000000000000000000000000011100010101100
000000000000000000000000011100101001000
000000000000000000000000011100111100100
000000000000000000000000011101010000000
000000000000000000000000011101100011100
000000000000000000000000011101110111000
000000000000000000000000011110001010100
000000000000000000000000011110011110000
000000000000000000000000011110110001100
000000000000000000000000011111000101000
000000000000000000000000011111011000100
000000000000000000000000011111101100000
000000000000000000000000011111111111100
000000000000000000000000100000010011000
000000000000000000000000100000100110100
000000000000000000000000100000111010000
000000000000000000000000100001001101100
000000000000000000000000100001100001000
000000000000000000000000100001110100100
000000000000000000000000100010001000000
000000000000000000000000100010011011100
000000000000000000000000100010101111000
000000000000000000000000100011000010100
000000000000000000000000100011010110000
000000000000000000000000100011101001100
000000000000000000000000100011111101000
000000000000000000000000100100010000100
000000000000000000000000100100100100000
000000000000000000000000100100110111100
000000000000000000000000100101001011000
000000000000000000000000100101011110100
000000000000000000000000100101110010000
000000000000000000000000100110000101100
000000000000000000000000100110011001000
000000000000000000000000100110101100100
000000000000000000000000100111000000000
000000000000000000000000100111010011100
000000000000000000000000100111100111000
000000000000000000000000100111111010100
000000000000000000000000101000001110000
000000000000000000000000101000100001100
000000000000000000000000101000110101000
000000000000000000000000101001001000100
000000000000000000000000101001011100000
000000000000000000000000101001101111100
000000000000000000000000101010000011000
000000000000000000000000101010010110100
000000000000000000000000101010101010000
000000000000000000000000101010111101100
000000000000000000000000101011010001000
000000000000000000000000101011100100100
000000000000000000000000101011111000000
000000000000000000000000101100001011100
000000000000000000000000101100011111000
000000000000000000000000101100110010100
000000000000000000000000101101000110000
000000000000000000000000101101011001100
000000000000000000000000101101101101000
000000000000000000000000101110000000100
000000000000000000000000101110010100000
000000000000000000000000101110100111100
000000000000000000000000101110111011000
000000000000000000000000101111001110100
000000000000000000000000101111100010000
000000000000000000000000101111110101100
000000000000000000000000110000001001000
000000000000000000000000110000011100100
000000000000000000000000110000110000000
000000000000000000000000110001000011100
000000000000000000000000110001010111000
000000000000000000000000110001101010100
000000000000000000000000110001111110000
000000000000000000000000110010010001100
000000000000000000000000110010100101000
000000000000000000000000110010111000100
000000000000000000000000110011001100000
000000000000000000000000110011011111100
000000000000000000000000110011110011000
000000000000000000000000110100000110100
000000000000000000000000110100011010000
000000000000000000000000110100101101100
000000000000000000000000110101000001000
000000000000000000000000110101010100100
000000000000000000000000110101101000000
000000000000000000000000110101111011100
000000000000000000000000110110001111000
000000000000000000000000110110100010100
000000000000000000000000110110110110000
000000000000000000000000110111001001100
000000000000000000000000110111011101000
000000000000000000000000110111110000100
000000000000000000000000111000000100000
000000000000000000000000111000010111100
000000000000000000000000111000101011000
000000000000000000000000111000111110100
000000000000000000000000111001010010000
000000000000000000000000111001100101100
000000000000000000000000111001111001000
000000000000000000000000111010001100100
000000000000000000000000111010100000000
000000000000000000000000111010110011100
000000000000000000000000111011000111000
000000000000000000000000111011011010100
000000000000000000000000111011101110000
000000000000000000000000111100000001100
000000000000000000000000111100010101000
000000000000000000000000111100101000100
000000000000000000000000111100111100000
000000000000000000000000111101001111100
000000000000000000000000111101100011000
000000000000000000000000111101110110100
000000000000000000000000111110001010000
000000000000000000000000111110011101100
000000000000000000000000111110110001000
000000000000000000000000111111000100100
000000000000000000000000111111011000000
000000000000000000000000111111101011100
000000000000000000000000111111111111000
000000000000000000000001000000010010100
000000000000000000000001000000100110000
000000000000000000000001000000111001100
000000000000000000000001000001001101000
000000000000000000000001000001100000100
000000000000000000000001000001110100000
000000000000000000000001000010000111100
000000000000000000000001000010011011000
000000000000000000000001000010101110100
000000000000000000000001000011000010000
000000000000000000000001000011010101100
000000000000000000000001000011101001000
000000000000000000000001000011111100100
000000000000000000000001000100010000000
000000000000000000000001000100100011100
000000000000000000000001000100110111000
000000000000000000000001000101001010100
000000000000000000000001000101011110000
000000000000000000000001000101110001100
000000000000000000000001000110000101000
000000000000000000000001000110011000100
000000000000000000000001000110101100000
000000000000000000000001000110111111100
000000000000000000000001000111010011000
000000000000000000000001000111100110100
000000000000000000000001000111111010000
000000000000000000000001001000001101100
000000000000000000000001001000100001000
000000000000000000000001001000110100100
000000000000000000000001001001001000000
000000000000000000000001001001011011100
000000000000000000000001001001101111000
000000000000000000000001001010000010100
000000000000000000000001001010010110000
000000000000000000000001001010101001100
000000000000000000000001001010111101000
000000000000000000000001001011010000100
000000000000000000000001001011100100000
000000000000000000000001001011110111100
000000000000000000000001001100001011000
000000000000000000000001001100011110100
000000000000000000000001001100110010000
000000000000000000000001001101000101100
000000000000000000000001001101011001000
000000000000000000000001001101101100100
