000000000000000000000000000000000000000
111111111111111111111111111111111110111
111111111111111111111111111111111101110
111111111111111111111111111111111100101
111111111111111111111111111111111011100
111111111111111111111111111111111010011
111111111111111111111111111111111001010
111111111111111111111111111111111000001
111111111111111111111111111111110111000
111111111111111111111111111111110101111
111111111111111111111111111111110100110
111111111111111111111111111111110011101
111111111111111111111111111111110010100
111111111111111111111111111111110001011
111111111111111111111111111111110000010
111111111111111111111111111111101111001
111111111111111111111111111111101110000
111111111111111111111111111111101100111
111111111111111111111111111111101011110
111111111111111111111111111111101010101
111111111111111111111111111111101001100
111111111111111111111111111111101000011
111111111111111111111111111111100111010
111111111111111111111111111111100110001
111111111111111111111111111111100101000
111111111111111111111111111111100011111
111111111111111111111111111111100010110
111111111111111111111111111111100001101
111111111111111111111111111111100000100
111111111111111111111111111111011111011
111111111111111111111111111111011110010
111111111111111111111111111111011101001
111111111111111111111111111111011100000
111111111111111111111111111111011010111
111111111111111111111111111111011001110
111111111111111111111111111111011000101
111111111111111111111111111111010111100
111111111111111111111111111111010110011
111111111111111111111111111111010101010
111111111111111111111111111111010100001
111111111111111111111111111111010011000
111111111111111111111111111111010001111
111111111111111111111111111111010000110
111111111111111111111111111111001111101
111111111111111111111111111111001110100
111111111111111111111111111111001101011
111111111111111111111111111111001100010
111111111111111111111111111111001011001
111111111111111111111111111111001010000
111111111111111111111111111111001000111
111111111111111111111111111111000111110
111111111111111111111111111111000110101
111111111111111111111111111111000101100
111111111111111111111111111111000100011
111111111111111111111111111111000011010
111111111111111111111111111111000010001
111111111111111111111111111111000001000
111111111111111111111111111110111111111
111111111111111111111111111110111110110
111111111111111111111111111110111101101
111111111111111111111111111110111100100
111111111111111111111111111110111011011
111111111111111111111111111110111010010
111111111111111111111111111110111001001
111111111111111111111111111110111000000
111111111111111111111111111110110110111
111111111111111111111111111110110101110
111111111111111111111111111110110100101
111111111111111111111111111110110011100
111111111111111111111111111110110010011
111111111111111111111111111110110001010
111111111111111111111111111110110000001
111111111111111111111111111110101111000
111111111111111111111111111110101101111
111111111111111111111111111110101100110
111111111111111111111111111110101011101
111111111111111111111111111110101010100
111111111111111111111111111110101001011
111111111111111111111111111110101000010
111111111111111111111111111110100111001
111111111111111111111111111110100110000
111111111111111111111111111110100100111
111111111111111111111111111110100011110
111111111111111111111111111110100010101
111111111111111111111111111110100001100
111111111111111111111111111110100000011
111111111111111111111111111110011111010
111111111111111111111111111110011110001
111111111111111111111111111110011101000
111111111111111111111111111110011011111
111111111111111111111111111110011010110
111111111111111111111111111110011001101
111111111111111111111111111110011000100
111111111111111111111111111110010111011
111111111111111111111111111110010110010
111111111111111111111111111110010101001
111111111111111111111111111110010100000
111111111111111111111111111110010010111
111111111111111111111111111110010001110
111111111111111111111111111110010000101
111111111111111111111111111110001111100
111111111111111111111111111110001110011
111111111111111111111111111110001101010
111111111111111111111111111110001100001
111111111111111111111111111110001011000
111111111111111111111111111110001001111
111111111111111111111111111110001000110
111111111111111111111111111110000111101
111111111111111111111111111110000110100
111111111111111111111111111110000101011
111111111111111111111111111110000100010
111111111111111111111111111110000011001
111111111111111111111111111110000010000
111111111111111111111111111110000000111
111111111111111111111111111101111111110
111111111111111111111111111101111110101
111111111111111111111111111101111101100
111111111111111111111111111101111100011
111111111111111111111111111101111011010
111111111111111111111111111101111010001
111111111111111111111111111101111001000
111111111111111111111111111101110111111
111111111111111111111111111101110110110
111111111111111111111111111101110101101
111111111111111111111111111101110100100
111111111111111111111111111101110011011
111111111111111111111111111101110010010
111111111111111111111111111101110001001
111111111111111111111111111101110000000
111111111111111111111111111101101110111
111111111111111111111111111101101101110
111111111111111111111111111101101100101
111111111111111111111111111101101011100
111111111111111111111111111101101010011
111111111111111111111111111101101001010
111111111111111111111111111101101000001
111111111111111111111111111101100111000
111111111111111111111111111101100101111
111111111111111111111111111101100100110
111111111111111111111111111101100011101
111111111111111111111111111101100010100
111111111111111111111111111101100001011
111111111111111111111111111101100000010
111111111111111111111111111101011111001
111111111111111111111111111101011110000
111111111111111111111111111101011100111
111111111111111111111111111101011011110
111111111111111111111111111101011010101
111111111111111111111111111101011001100
111111111111111111111111111101011000011
111111111111111111111111111101010111010
111111111111111111111111111101010110001
111111111111111111111111111101010101000
111111111111111111111111111101010011111
111111111111111111111111111101010010110
111111111111111111111111111101010001101
111111111111111111111111111101010000100
111111111111111111111111111101001111011
111111111111111111111111111101001110010
111111111111111111111111111101001101001
111111111111111111111111111101001100000
111111111111111111111111111101001010111
111111111111111111111111111101001001110
111111111111111111111111111101001000101
111111111111111111111111111101000111100
111111111111111111111111111101000110011
111111111111111111111111111101000101010
111111111111111111111111111101000100001
111111111111111111111111111101000011000
111111111111111111111111111101000001111
111111111111111111111111111101000000110
111111111111111111111111111100111111101
111111111111111111111111111100111110100
111111111111111111111111111100111101011
111111111111111111111111111100111100010
111111111111111111111111111100111011001
111111111111111111111111111100111010000
111111111111111111111111111100111000111
111111111111111111111111111100110111110
111111111111111111111111111100110110101
111111111111111111111111111100110101100
111111111111111111111111111100110100011
111111111111111111111111111100110011010
111111111111111111111111111100110010001
111111111111111111111111111100110001000
111111111111111111111111111100101111111
111111111111111111111111111100101110110
111111111111111111111111111100101101101
111111111111111111111111111100101100100
111111111111111111111111111100101011011
111111111111111111111111111100101010010
111111111111111111111111111100101001001
111111111111111111111111111100101000000
111111111111111111111111111100100110111
111111111111111111111111111100100101110
111111111111111111111111111100100100101
111111111111111111111111111100100011100
111111111111111111111111111100100010011
111111111111111111111111111100100001010
111111111111111111111111111100100000001
111111111111111111111111111100011111000
111111111111111111111111111100011101111
111111111111111111111111111100011100110
111111111111111111111111111100011011101
111111111111111111111111111100011010100
111111111111111111111111111100011001011
111111111111111111111111111100011000010
111111111111111111111111111100010111001
111111111111111111111111111100010110000
111111111111111111111111111100010100111
111111111111111111111111111100010011110
111111111111111111111111111100010010101
111111111111111111111111111100010001100
111111111111111111111111111100010000011
111111111111111111111111111100001111010
111111111111111111111111111100001110001
111111111111111111111111111100001101000
111111111111111111111111111100001011111
111111111111111111111111111100001010110
111111111111111111111111111100001001101
111111111111111111111111111100001000100
111111111111111111111111111100000111011
111111111111111111111111111100000110010
111111111111111111111111111100000101001
111111111111111111111111111100000100000
111111111111111111111111111100000010111
111111111111111111111111111100000001110
111111111111111111111111111100000000101
111111111111111111111111111011111111100
111111111111111111111111111011111110011
111111111111111111111111111011111101010
111111111111111111111111111011111100001
111111111111111111111111111011111011000
111111111111111111111111111011111001111
111111111111111111111111111011111000110
111111111111111111111111111011110111101
111111111111111111111111111011110110100
111111111111111111111111111011110101011
111111111111111111111111111011110100010
111111111111111111111111111011110011001
111111111111111111111111111011110010000
111111111111111111111111111011110000111
111111111111111111111111111011101111110
111111111111111111111111111011101110101
111111111111111111111111111011101101100
111111111111111111111111111011101100011
111111111111111111111111111011101011010
111111111111111111111111111011101010001
111111111111111111111111111011101001000
111111111111111111111111111011100111111
111111111111111111111111111011100110110
111111111111111111111111111011100101101
111111111111111111111111111011100100100
111111111111111111111111111011100011011
111111111111111111111111111011100010010
111111111111111111111111111011100001001
