000000000000000000000000000000000000000
000000000000000000000000000000011111010
000000000000000000000000000000111110100
000000000000000000000000000001011101110
000000000000000000000000000001111101000
000000000000000000000000000010011100010
000000000000000000000000000010111011100
000000000000000000000000000011011010110
000000000000000000000000000011111010000
000000000000000000000000000100011001010
000000000000000000000000000100111000100
000000000000000000000000000101010111110
000000000000000000000000000101110111000
000000000000000000000000000110010110010
000000000000000000000000000110110101100
000000000000000000000000000111010100110
000000000000000000000000000111110100000
000000000000000000000000001000010011010
000000000000000000000000001000110010100
000000000000000000000000001001010001110
000000000000000000000000001001110001000
000000000000000000000000001010010000010
000000000000000000000000001010101111100
000000000000000000000000001011001110110
000000000000000000000000001011101110000
000000000000000000000000001100001101010
000000000000000000000000001100101100100
000000000000000000000000001101001011110
000000000000000000000000001101101011000
000000000000000000000000001110001010010
000000000000000000000000001110101001100
000000000000000000000000001111001000110
000000000000000000000000001111101000000
000000000000000000000000010000000111010
000000000000000000000000010000100110100
000000000000000000000000010001000101110
000000000000000000000000010001100101000
000000000000000000000000010010000100010
000000000000000000000000010010100011100
000000000000000000000000010011000010110
000000000000000000000000010011100010000
000000000000000000000000010100000001010
000000000000000000000000010100100000100
000000000000000000000000010100111111110
000000000000000000000000010101011111000
000000000000000000000000010101111110010
000000000000000000000000010110011101100
000000000000000000000000010110111100110
000000000000000000000000010111011100000
000000000000000000000000010111111011010
000000000000000000000000011000011010100
000000000000000000000000011000111001110
000000000000000000000000011001011001000
000000000000000000000000011001111000010
000000000000000000000000011010010111100
000000000000000000000000011010110110110
000000000000000000000000011011010110000
000000000000000000000000011011110101010
000000000000000000000000011100010100100
000000000000000000000000011100110011110
000000000000000000000000011101010011000
000000000000000000000000011101110010010
000000000000000000000000011110010001100
000000000000000000000000011110110000110
000000000000000000000000011111010000000
000000000000000000000000011111101111010
000000000000000000000000100000001110100
000000000000000000000000100000101101110
000000000000000000000000100001001101000
000000000000000000000000100001101100010
000000000000000000000000100010001011100
000000000000000000000000100010101010110
000000000000000000000000100011001010000
000000000000000000000000100011101001010
000000000000000000000000100100001000100
000000000000000000000000100100100111110
000000000000000000000000100101000111000
000000000000000000000000100101100110010
000000000000000000000000100110000101100
000000000000000000000000100110100100110
000000000000000000000000100111000100000
000000000000000000000000100111100011010
000000000000000000000000101000000010100
000000000000000000000000101000100001110
000000000000000000000000101001000001000
000000000000000000000000101001100000010
000000000000000000000000101001111111100
000000000000000000000000101010011110110
000000000000000000000000101010111110000
000000000000000000000000101011011101010
000000000000000000000000101011111100100
000000000000000000000000101100011011110
000000000000000000000000101100111011000
000000000000000000000000101101011010010
000000000000000000000000101101111001100
000000000000000000000000101110011000110
000000000000000000000000101110111000000
000000000000000000000000101111010111010
000000000000000000000000101111110110100
000000000000000000000000110000010101110
000000000000000000000000110000110101000
000000000000000000000000110001010100010
000000000000000000000000110001110011100
000000000000000000000000110010010010110
000000000000000000000000110010110010000
000000000000000000000000110011010001010
000000000000000000000000110011110000100
000000000000000000000000110100001111110
000000000000000000000000110100101111000
000000000000000000000000110101001110010
000000000000000000000000110101101101100
000000000000000000000000110110001100110
000000000000000000000000110110101100000
000000000000000000000000110111001011010
000000000000000000000000110111101010100
000000000000000000000000111000001001110
000000000000000000000000111000101001000
000000000000000000000000111001001000010
000000000000000000000000111001100111100
000000000000000000000000111010000110110
000000000000000000000000111010100110000
000000000000000000000000111011000101010
000000000000000000000000111011100100100
000000000000000000000000111100000011110
000000000000000000000000111100100011000
000000000000000000000000111101000010010
000000000000000000000000111101100001100
000000000000000000000000111110000000110
000000000000000000000000111110100000000
000000000000000000000000111110111111010
000000000000000000000000111111011110100
000000000000000000000000111111111101110
000000000000000000000001000000011101000
000000000000000000000001000000111100010
000000000000000000000001000001011011100
000000000000000000000001000001111010110
000000000000000000000001000010011010000
000000000000000000000001000010111001010
000000000000000000000001000011011000100
000000000000000000000001000011110111110
000000000000000000000001000100010111000
000000000000000000000001000100110110010
000000000000000000000001000101010101100
000000000000000000000001000101110100110
000000000000000000000001000110010100000
000000000000000000000001000110110011010
000000000000000000000001000111010010100
000000000000000000000001000111110001110
000000000000000000000001001000010001000
000000000000000000000001001000110000010
000000000000000000000001001001001111100
000000000000000000000001001001101110110
000000000000000000000001001010001110000
000000000000000000000001001010101101010
000000000000000000000001001011001100100
000000000000000000000001001011101011110
000000000000000000000001001100001011000
000000000000000000000001001100101010010
000000000000000000000001001101001001100
000000000000000000000001001101101000110
000000000000000000000001001110001000000
000000000000000000000001001110100111010
000000000000000000000001001111000110100
000000000000000000000001001111100101110
000000000000000000000001010000000101000
000000000000000000000001010000100100010
000000000000000000000001010001000011100
000000000000000000000001010001100010110
000000000000000000000001010010000010000
000000000000000000000001010010100001010
000000000000000000000001010011000000100
000000000000000000000001010011011111110
000000000000000000000001010011111111000
000000000000000000000001010100011110010
000000000000000000000001010100111101100
000000000000000000000001010101011100110
000000000000000000000001010101111100000
000000000000000000000001010110011011010
000000000000000000000001010110111010100
000000000000000000000001010111011001110
000000000000000000000001010111111001000
000000000000000000000001011000011000010
000000000000000000000001011000110111100
000000000000000000000001011001010110110
000000000000000000000001011001110110000
000000000000000000000001011010010101010
000000000000000000000001011010110100100
000000000000000000000001011011010011110
000000000000000000000001011011110011000
000000000000000000000001011100010010010
000000000000000000000001011100110001100
000000000000000000000001011101010000110
000000000000000000000001011101110000000
000000000000000000000001011110001111010
000000000000000000000001011110101110100
000000000000000000000001011111001101110
000000000000000000000001011111101101000
000000000000000000000001100000001100010
000000000000000000000001100000101011100
000000000000000000000001100001001010110
000000000000000000000001100001101010000
000000000000000000000001100010001001010
000000000000000000000001100010101000100
000000000000000000000001100011000111110
000000000000000000000001100011100111000
000000000000000000000001100100000110010
000000000000000000000001100100100101100
000000000000000000000001100101000100110
000000000000000000000001100101100100000
000000000000000000000001100110000011010
000000000000000000000001100110100010100
000000000000000000000001100111000001110
000000000000000000000001100111100001000
000000000000000000000001101000000000010
000000000000000000000001101000011111100
000000000000000000000001101000111110110
000000000000000000000001101001011110000
000000000000000000000001101001111101010
000000000000000000000001101010011100100
000000000000000000000001101010111011110
000000000000000000000001101011011011000
000000000000000000000001101011111010010
000000000000000000000001101100011001100
000000000000000000000001101100111000110
000000000000000000000001101101011000000
000000000000000000000001101101110111010
000000000000000000000001101110010110100
000000000000000000000001101110110101110
000000000000000000000001101111010101000
000000000000000000000001101111110100010
000000000000000000000001110000010011100
000000000000000000000001110000110010110
000000000000000000000001110001010010000
000000000000000000000001110001110001010
000000000000000000000001110010010000100
000000000000000000000001110010101111110
000000000000000000000001110011001111000
000000000000000000000001110011101110010
000000000000000000000001110100001101100
000000000000000000000001110100101100110
000000000000000000000001110101001100000
000000000000000000000001110101101011010
000000000000000000000001110110001010100
000000000000000000000001110110101001110
000000000000000000000001110111001001000
000000000000000000000001110111101000010
000000000000000000000001111000000111100
000000000000000000000001111000100110110
000000000000000000000001111001000110000
000000000000000000000001111001100101010
000000000000000000000001111010000100100
000000000000000000000001111010100011110
000000000000000000000001111011000011000
000000000000000000000001111011100010010
000000000000000000000001111100000001100
000000000000000000000001111100100000110
