000000000000000000000000000000000000000
111111111111111111111111111111110100100
111111111111111111111111111111101001000
111111111111111111111111111111011101100
111111111111111111111111111111010010000
111111111111111111111111111111000110100
111111111111111111111111111110111011000
111111111111111111111111111110101111100
111111111111111111111111111110100100000
111111111111111111111111111110011000100
111111111111111111111111111110001101000
111111111111111111111111111110000001100
111111111111111111111111111101110110000
111111111111111111111111111101101010100
111111111111111111111111111101011111000
111111111111111111111111111101010011100
111111111111111111111111111101001000000
111111111111111111111111111100111100100
111111111111111111111111111100110001000
111111111111111111111111111100100101100
111111111111111111111111111100011010000
111111111111111111111111111100001110100
111111111111111111111111111100000011000
111111111111111111111111111011110111100
111111111111111111111111111011101100000
111111111111111111111111111011100000100
111111111111111111111111111011010101000
111111111111111111111111111011001001100
111111111111111111111111111010111110000
111111111111111111111111111010110010100
111111111111111111111111111010100111000
111111111111111111111111111010011011100
111111111111111111111111111010010000000
111111111111111111111111111010000100100
111111111111111111111111111001111001000
111111111111111111111111111001101101100
111111111111111111111111111001100010000
111111111111111111111111111001010110100
111111111111111111111111111001001011000
111111111111111111111111111000111111100
111111111111111111111111111000110100000
111111111111111111111111111000101000100
111111111111111111111111111000011101000
111111111111111111111111111000010001100
111111111111111111111111111000000110000
111111111111111111111111110111111010100
111111111111111111111111110111101111000
111111111111111111111111110111100011100
111111111111111111111111110111011000000
111111111111111111111111110111001100100
111111111111111111111111110111000001000
111111111111111111111111110110110101100
111111111111111111111111110110101010000
111111111111111111111111110110011110100
111111111111111111111111110110010011000
111111111111111111111111110110000111100
111111111111111111111111110101111100000
111111111111111111111111110101110000100
111111111111111111111111110101100101000
111111111111111111111111110101011001100
111111111111111111111111110101001110000
111111111111111111111111110101000010100
111111111111111111111111110100110111000
111111111111111111111111110100101011100
111111111111111111111111110100100000000
111111111111111111111111110100010100100
111111111111111111111111110100001001000
111111111111111111111111110011111101100
111111111111111111111111110011110010000
111111111111111111111111110011100110100
111111111111111111111111110011011011000
111111111111111111111111110011001111100
111111111111111111111111110011000100000
111111111111111111111111110010111000100
111111111111111111111111110010101101000
111111111111111111111111110010100001100
111111111111111111111111110010010110000
111111111111111111111111110010001010100
111111111111111111111111110001111111000
111111111111111111111111110001110011100
111111111111111111111111110001101000000
111111111111111111111111110001011100100
111111111111111111111111110001010001000
111111111111111111111111110001000101100
111111111111111111111111110000111010000
111111111111111111111111110000101110100
111111111111111111111111110000100011000
111111111111111111111111110000010111100
111111111111111111111111110000001100000
111111111111111111111111110000000000100
111111111111111111111111101111110101000
111111111111111111111111101111101001100
111111111111111111111111101111011110000
111111111111111111111111101111010010100
111111111111111111111111101111000111000
111111111111111111111111101110111011100
111111111111111111111111101110110000000
111111111111111111111111101110100100100
111111111111111111111111101110011001000
111111111111111111111111101110001101100
111111111111111111111111101110000010000
111111111111111111111111101101110110100
111111111111111111111111101101101011000
111111111111111111111111101101011111100
111111111111111111111111101101010100000
111111111111111111111111101101001000100
111111111111111111111111101100111101000
111111111111111111111111101100110001100
111111111111111111111111101100100110000
111111111111111111111111101100011010100
111111111111111111111111101100001111000
111111111111111111111111101100000011100
111111111111111111111111101011111000000
111111111111111111111111101011101100100
111111111111111111111111101011100001000
111111111111111111111111101011010101100
111111111111111111111111101011001010000
111111111111111111111111101010111110100
111111111111111111111111101010110011000
111111111111111111111111101010100111100
111111111111111111111111101010011100000
111111111111111111111111101010010000100
111111111111111111111111101010000101000
111111111111111111111111101001111001100
111111111111111111111111101001101110000
111111111111111111111111101001100010100
111111111111111111111111101001010111000
111111111111111111111111101001001011100
111111111111111111111111101001000000000
111111111111111111111111101000110100100
111111111111111111111111101000101001000
111111111111111111111111101000011101100
111111111111111111111111101000010010000
111111111111111111111111101000000110100
111111111111111111111111100111111011000
111111111111111111111111100111101111100
111111111111111111111111100111100100000
111111111111111111111111100111011000100
111111111111111111111111100111001101000
111111111111111111111111100111000001100
111111111111111111111111100110110110000
111111111111111111111111100110101010100
111111111111111111111111100110011111000
111111111111111111111111100110010011100
111111111111111111111111100110001000000
111111111111111111111111100101111100100
111111111111111111111111100101110001000
111111111111111111111111100101100101100
111111111111111111111111100101011010000
111111111111111111111111100101001110100
111111111111111111111111100101000011000
111111111111111111111111100100110111100
111111111111111111111111100100101100000
111111111111111111111111100100100000100
111111111111111111111111100100010101000
111111111111111111111111100100001001100
111111111111111111111111100011111110000
111111111111111111111111100011110010100
111111111111111111111111100011100111000
111111111111111111111111100011011011100
111111111111111111111111100011010000000
111111111111111111111111100011000100100
111111111111111111111111100010111001000
111111111111111111111111100010101101100
111111111111111111111111100010100010000
111111111111111111111111100010010110100
111111111111111111111111100010001011000
111111111111111111111111100001111111100
111111111111111111111111100001110100000
111111111111111111111111100001101000100
111111111111111111111111100001011101000
111111111111111111111111100001010001100
111111111111111111111111100001000110000
111111111111111111111111100000111010100
111111111111111111111111100000101111000
111111111111111111111111100000100011100
111111111111111111111111100000011000000
111111111111111111111111100000001100100
111111111111111111111111100000000001000
111111111111111111111111011111110101100
111111111111111111111111011111101010000
111111111111111111111111011111011110100
111111111111111111111111011111010011000
111111111111111111111111011111000111100
111111111111111111111111011110111100000
111111111111111111111111011110110000100
111111111111111111111111011110100101000
111111111111111111111111011110011001100
111111111111111111111111011110001110000
111111111111111111111111011110000010100
111111111111111111111111011101110111000
111111111111111111111111011101101011100
111111111111111111111111011101100000000
111111111111111111111111011101010100100
111111111111111111111111011101001001000
111111111111111111111111011100111101100
111111111111111111111111011100110010000
111111111111111111111111011100100110100
111111111111111111111111011100011011000
111111111111111111111111011100001111100
111111111111111111111111011100000100000
111111111111111111111111011011111000100
111111111111111111111111011011101101000
111111111111111111111111011011100001100
111111111111111111111111011011010110000
111111111111111111111111011011001010100
111111111111111111111111011010111111000
111111111111111111111111011010110011100
111111111111111111111111011010101000000
111111111111111111111111011010011100100
111111111111111111111111011010010001000
111111111111111111111111011010000101100
111111111111111111111111011001111010000
111111111111111111111111011001101110100
111111111111111111111111011001100011000
111111111111111111111111011001010111100
111111111111111111111111011001001100000
111111111111111111111111011001000000100
111111111111111111111111011000110101000
111111111111111111111111011000101001100
111111111111111111111111011000011110000
111111111111111111111111011000010010100
111111111111111111111111011000000111000
111111111111111111111111010111111011100
111111111111111111111111010111110000000
111111111111111111111111010111100100100
111111111111111111111111010111011001000
111111111111111111111111010111001101100
111111111111111111111111010111000010000
111111111111111111111111010110110110100
111111111111111111111111010110101011000
111111111111111111111111010110011111100
111111111111111111111111010110010100000
111111111111111111111111010110001000100
111111111111111111111111010101111101000
111111111111111111111111010101110001100
111111111111111111111111010101100110000
111111111111111111111111010101011010100
111111111111111111111111010101001111000
111111111111111111111111010101000011100
111111111111111111111111010100111000000
111111111111111111111111010100101100100
111111111111111111111111010100100001000
111111111111111111111111010100010101100
111111111111111111111111010100001010000
111111111111111111111111010011111110100
111111111111111111111111010011110011000
111111111111111111111111010011100111100
111111111111111111111111010011011100000
111111111111111111111111010011010000100
111111111111111111111111010011000101000
111111111111111111111111010010111001100
111111111111111111111111010010101110000
111111111111111111111111010010100010100
111111111111111111111111010010010111000
111111111111111111111111010010001011100
