000000000000000000000000000000000000000
000000000000000000000000000000011111001
000000000000000000000000000000111110010
000000000000000000000000000001011101011
000000000000000000000000000001111100100
000000000000000000000000000010011011101
000000000000000000000000000010111010110
000000000000000000000000000011011001111
000000000000000000000000000011111001000
000000000000000000000000000100011000001
000000000000000000000000000100110111010
000000000000000000000000000101010110011
000000000000000000000000000101110101100
000000000000000000000000000110010100101
000000000000000000000000000110110011110
000000000000000000000000000111010010111
000000000000000000000000000111110010000
000000000000000000000000001000010001001
000000000000000000000000001000110000010
000000000000000000000000001001001111011
000000000000000000000000001001101110100
000000000000000000000000001010001101101
000000000000000000000000001010101100110
000000000000000000000000001011001011111
000000000000000000000000001011101011000
000000000000000000000000001100001010001
000000000000000000000000001100101001010
000000000000000000000000001101001000011
000000000000000000000000001101100111100
000000000000000000000000001110000110101
000000000000000000000000001110100101110
000000000000000000000000001111000100111
000000000000000000000000001111100100000
000000000000000000000000010000000011001
000000000000000000000000010000100010010
000000000000000000000000010001000001011
000000000000000000000000010001100000100
000000000000000000000000010001111111101
000000000000000000000000010010011110110
000000000000000000000000010010111101111
000000000000000000000000010011011101000
000000000000000000000000010011111100001
000000000000000000000000010100011011010
000000000000000000000000010100111010011
000000000000000000000000010101011001100
000000000000000000000000010101111000101
000000000000000000000000010110010111110
000000000000000000000000010110110110111
000000000000000000000000010111010110000
000000000000000000000000010111110101001
000000000000000000000000011000010100010
000000000000000000000000011000110011011
000000000000000000000000011001010010100
000000000000000000000000011001110001101
000000000000000000000000011010010000110
000000000000000000000000011010101111111
000000000000000000000000011011001111000
000000000000000000000000011011101110001
000000000000000000000000011100001101010
000000000000000000000000011100101100011
000000000000000000000000011101001011100
000000000000000000000000011101101010101
000000000000000000000000011110001001110
000000000000000000000000011110101000111
000000000000000000000000011111001000000
000000000000000000000000011111100111001
000000000000000000000000100000000110010
000000000000000000000000100000100101011
000000000000000000000000100001000100100
000000000000000000000000100001100011101
000000000000000000000000100010000010110
000000000000000000000000100010100001111
000000000000000000000000100011000001000
000000000000000000000000100011100000001
000000000000000000000000100011111111010
000000000000000000000000100100011110011
000000000000000000000000100100111101100
000000000000000000000000100101011100101
000000000000000000000000100101111011110
000000000000000000000000100110011010111
000000000000000000000000100110111010000
000000000000000000000000100111011001001
000000000000000000000000100111111000010
000000000000000000000000101000010111011
000000000000000000000000101000110110100
000000000000000000000000101001010101101
000000000000000000000000101001110100110
000000000000000000000000101010010011111
000000000000000000000000101010110011000
000000000000000000000000101011010010001
000000000000000000000000101011110001010
000000000000000000000000101100010000011
000000000000000000000000101100101111100
000000000000000000000000101101001110101
000000000000000000000000101101101101110
000000000000000000000000101110001100111
000000000000000000000000101110101100000
000000000000000000000000101111001011001
000000000000000000000000101111101010010
000000000000000000000000110000001001011
000000000000000000000000110000101000100
000000000000000000000000110001000111101
000000000000000000000000110001100110110
000000000000000000000000110010000101111
000000000000000000000000110010100101000
000000000000000000000000110011000100001
000000000000000000000000110011100011010
000000000000000000000000110100000010011
000000000000000000000000110100100001100
000000000000000000000000110101000000101
000000000000000000000000110101011111110
000000000000000000000000110101111110111
000000000000000000000000110110011110000
000000000000000000000000110110111101001
000000000000000000000000110111011100010
000000000000000000000000110111111011011
000000000000000000000000111000011010100
000000000000000000000000111000111001101
000000000000000000000000111001011000110
000000000000000000000000111001110111111
000000000000000000000000111010010111000
000000000000000000000000111010110110001
000000000000000000000000111011010101010
000000000000000000000000111011110100011
000000000000000000000000111100010011100
000000000000000000000000111100110010101
000000000000000000000000111101010001110
000000000000000000000000111101110000111
000000000000000000000000111110010000000
000000000000000000000000111110101111001
000000000000000000000000111111001110010
000000000000000000000000111111101101011
000000000000000000000001000000001100100
000000000000000000000001000000101011101
000000000000000000000001000001001010110
000000000000000000000001000001101001111
000000000000000000000001000010001001000
000000000000000000000001000010101000001
000000000000000000000001000011000111010
000000000000000000000001000011100110011
000000000000000000000001000100000101100
000000000000000000000001000100100100101
000000000000000000000001000101000011110
000000000000000000000001000101100010111
000000000000000000000001000110000010000
000000000000000000000001000110100001001
000000000000000000000001000111000000010
000000000000000000000001000111011111011
000000000000000000000001000111111110100
000000000000000000000001001000011101101
000000000000000000000001001000111100110
000000000000000000000001001001011011111
000000000000000000000001001001111011000
000000000000000000000001001010011010001
000000000000000000000001001010111001010
000000000000000000000001001011011000011
000000000000000000000001001011110111100
000000000000000000000001001100010110101
000000000000000000000001001100110101110
000000000000000000000001001101010100111
000000000000000000000001001101110100000
000000000000000000000001001110010011001
000000000000000000000001001110110010010
000000000000000000000001001111010001011
000000000000000000000001001111110000100
000000000000000000000001010000001111101
000000000000000000000001010000101110110
000000000000000000000001010001001101111
000000000000000000000001010001101101000
000000000000000000000001010010001100001
000000000000000000000001010010101011010
000000000000000000000001010011001010011
000000000000000000000001010011101001100
000000000000000000000001010100001000101
000000000000000000000001010100100111110
000000000000000000000001010101000110111
000000000000000000000001010101100110000
000000000000000000000001010110000101001
000000000000000000000001010110100100010
000000000000000000000001010111000011011
000000000000000000000001010111100010100
000000000000000000000001011000000001101
000000000000000000000001011000100000110
000000000000000000000001011000111111111
000000000000000000000001011001011111000
000000000000000000000001011001111110001
000000000000000000000001011010011101010
000000000000000000000001011010111100011
000000000000000000000001011011011011100
000000000000000000000001011011111010101
000000000000000000000001011100011001110
000000000000000000000001011100111000111
000000000000000000000001011101011000000
000000000000000000000001011101110111001
000000000000000000000001011110010110010
000000000000000000000001011110110101011
000000000000000000000001011111010100100
000000000000000000000001011111110011101
000000000000000000000001100000010010110
000000000000000000000001100000110001111
000000000000000000000001100001010001000
000000000000000000000001100001110000001
000000000000000000000001100010001111010
000000000000000000000001100010101110011
000000000000000000000001100011001101100
000000000000000000000001100011101100101
000000000000000000000001100100001011110
000000000000000000000001100100101010111
000000000000000000000001100101001010000
000000000000000000000001100101101001001
000000000000000000000001100110001000010
000000000000000000000001100110100111011
000000000000000000000001100111000110100
000000000000000000000001100111100101101
000000000000000000000001101000000100110
000000000000000000000001101000100011111
000000000000000000000001101001000011000
000000000000000000000001101001100010001
000000000000000000000001101010000001010
000000000000000000000001101010100000011
000000000000000000000001101010111111100
000000000000000000000001101011011110101
000000000000000000000001101011111101110
000000000000000000000001101100011100111
000000000000000000000001101100111100000
000000000000000000000001101101011011001
000000000000000000000001101101111010010
000000000000000000000001101110011001011
000000000000000000000001101110111000100
000000000000000000000001101111010111101
000000000000000000000001101111110110110
000000000000000000000001110000010101111
000000000000000000000001110000110101000
000000000000000000000001110001010100001
000000000000000000000001110001110011010
000000000000000000000001110010010010011
000000000000000000000001110010110001100
000000000000000000000001110011010000101
000000000000000000000001110011101111110
000000000000000000000001110100001110111
000000000000000000000001110100101110000
000000000000000000000001110101001101001
000000000000000000000001110101101100010
000000000000000000000001110110001011011
000000000000000000000001110110101010100
000000000000000000000001110111001001101
000000000000000000000001110111101000110
000000000000000000000001111000000111111
000000000000000000000001111000100111000
000000000000000000000001111001000110001
000000000000000000000001111001100101010
000000000000000000000001111010000100011
000000000000000000000001111010100011100
000000000000000000000001111011000010101
000000000000000000000001111011100001110
000000000000000000000001111100000000111
