000000000000000000000000000000000000000
000000000000000000000000000000000001001
000000000000000000000000000000000010010
000000000000000000000000000000000011011
000000000000000000000000000000000100100
000000000000000000000000000000000101101
000000000000000000000000000000000110110
000000000000000000000000000000000111111
000000000000000000000000000000001001000
000000000000000000000000000000001010001
000000000000000000000000000000001011010
000000000000000000000000000000001100011
000000000000000000000000000000001101100
000000000000000000000000000000001110101
000000000000000000000000000000001111110
000000000000000000000000000000010000111
000000000000000000000000000000010010000
000000000000000000000000000000010011001
000000000000000000000000000000010100010
000000000000000000000000000000010101011
000000000000000000000000000000010110100
000000000000000000000000000000010111101
000000000000000000000000000000011000110
000000000000000000000000000000011001111
000000000000000000000000000000011011000
000000000000000000000000000000011100001
000000000000000000000000000000011101010
000000000000000000000000000000011110011
000000000000000000000000000000011111100
000000000000000000000000000000100000101
000000000000000000000000000000100001110
000000000000000000000000000000100010111
000000000000000000000000000000100100000
000000000000000000000000000000100101001
000000000000000000000000000000100110010
000000000000000000000000000000100111011
000000000000000000000000000000101000100
000000000000000000000000000000101001101
000000000000000000000000000000101010110
000000000000000000000000000000101011111
000000000000000000000000000000101101000
000000000000000000000000000000101110001
000000000000000000000000000000101111010
000000000000000000000000000000110000011
000000000000000000000000000000110001100
000000000000000000000000000000110010101
000000000000000000000000000000110011110
000000000000000000000000000000110100111
000000000000000000000000000000110110000
000000000000000000000000000000110111001
000000000000000000000000000000111000010
000000000000000000000000000000111001011
000000000000000000000000000000111010100
000000000000000000000000000000111011101
000000000000000000000000000000111100110
000000000000000000000000000000111101111
000000000000000000000000000000111111000
000000000000000000000000000001000000001
000000000000000000000000000001000001010
000000000000000000000000000001000010011
000000000000000000000000000001000011100
000000000000000000000000000001000100101
000000000000000000000000000001000101110
000000000000000000000000000001000110111
000000000000000000000000000001001000000
000000000000000000000000000001001001001
000000000000000000000000000001001010010
000000000000000000000000000001001011011
000000000000000000000000000001001100100
000000000000000000000000000001001101101
000000000000000000000000000001001110110
000000000000000000000000000001001111111
000000000000000000000000000001010001000
000000000000000000000000000001010010001
000000000000000000000000000001010011010
000000000000000000000000000001010100011
000000000000000000000000000001010101100
000000000000000000000000000001010110101
000000000000000000000000000001010111110
000000000000000000000000000001011000111
000000000000000000000000000001011010000
000000000000000000000000000001011011001
000000000000000000000000000001011100010
000000000000000000000000000001011101011
000000000000000000000000000001011110100
000000000000000000000000000001011111101
000000000000000000000000000001100000110
000000000000000000000000000001100001111
000000000000000000000000000001100011000
000000000000000000000000000001100100001
000000000000000000000000000001100101010
000000000000000000000000000001100110011
000000000000000000000000000001100111100
000000000000000000000000000001101000101
000000000000000000000000000001101001110
000000000000000000000000000001101010111
000000000000000000000000000001101100000
000000000000000000000000000001101101001
000000000000000000000000000001101110010
000000000000000000000000000001101111011
000000000000000000000000000001110000100
000000000000000000000000000001110001101
000000000000000000000000000001110010110
000000000000000000000000000001110011111
000000000000000000000000000001110101000
000000000000000000000000000001110110001
000000000000000000000000000001110111010
000000000000000000000000000001111000011
000000000000000000000000000001111001100
000000000000000000000000000001111010101
000000000000000000000000000001111011110
000000000000000000000000000001111100111
000000000000000000000000000001111110000
000000000000000000000000000001111111001
000000000000000000000000000010000000010
000000000000000000000000000010000001011
000000000000000000000000000010000010100
000000000000000000000000000010000011101
000000000000000000000000000010000100110
000000000000000000000000000010000101111
000000000000000000000000000010000111000
000000000000000000000000000010001000001
000000000000000000000000000010001001010
000000000000000000000000000010001010011
000000000000000000000000000010001011100
000000000000000000000000000010001100101
000000000000000000000000000010001101110
000000000000000000000000000010001110111
000000000000000000000000000010010000000
000000000000000000000000000010010001001
000000000000000000000000000010010010010
000000000000000000000000000010010011011
000000000000000000000000000010010100100
000000000000000000000000000010010101101
000000000000000000000000000010010110110
000000000000000000000000000010010111111
000000000000000000000000000010011001000
000000000000000000000000000010011010001
000000000000000000000000000010011011010
000000000000000000000000000010011100011
000000000000000000000000000010011101100
000000000000000000000000000010011110101
000000000000000000000000000010011111110
000000000000000000000000000010100000111
000000000000000000000000000010100010000
000000000000000000000000000010100011001
000000000000000000000000000010100100010
000000000000000000000000000010100101011
000000000000000000000000000010100110100
000000000000000000000000000010100111101
000000000000000000000000000010101000110
000000000000000000000000000010101001111
000000000000000000000000000010101011000
000000000000000000000000000010101100001
000000000000000000000000000010101101010
000000000000000000000000000010101110011
000000000000000000000000000010101111100
000000000000000000000000000010110000101
000000000000000000000000000010110001110
000000000000000000000000000010110010111
000000000000000000000000000010110100000
000000000000000000000000000010110101001
000000000000000000000000000010110110010
000000000000000000000000000010110111011
000000000000000000000000000010111000100
000000000000000000000000000010111001101
000000000000000000000000000010111010110
000000000000000000000000000010111011111
000000000000000000000000000010111101000
000000000000000000000000000010111110001
000000000000000000000000000010111111010
000000000000000000000000000011000000011
000000000000000000000000000011000001100
000000000000000000000000000011000010101
000000000000000000000000000011000011110
000000000000000000000000000011000100111
000000000000000000000000000011000110000
000000000000000000000000000011000111001
000000000000000000000000000011001000010
000000000000000000000000000011001001011
000000000000000000000000000011001010100
000000000000000000000000000011001011101
000000000000000000000000000011001100110
000000000000000000000000000011001101111
000000000000000000000000000011001111000
000000000000000000000000000011010000001
000000000000000000000000000011010001010
000000000000000000000000000011010010011
000000000000000000000000000011010011100
000000000000000000000000000011010100101
000000000000000000000000000011010101110
000000000000000000000000000011010110111
000000000000000000000000000011011000000
000000000000000000000000000011011001001
000000000000000000000000000011011010010
000000000000000000000000000011011011011
000000000000000000000000000011011100100
000000000000000000000000000011011101101
000000000000000000000000000011011110110
000000000000000000000000000011011111111
000000000000000000000000000011100001000
000000000000000000000000000011100010001
000000000000000000000000000011100011010
000000000000000000000000000011100100011
000000000000000000000000000011100101100
000000000000000000000000000011100110101
000000000000000000000000000011100111110
000000000000000000000000000011101000111
000000000000000000000000000011101010000
000000000000000000000000000011101011001
000000000000000000000000000011101100010
000000000000000000000000000011101101011
000000000000000000000000000011101110100
000000000000000000000000000011101111101
000000000000000000000000000011110000110
000000000000000000000000000011110001111
000000000000000000000000000011110011000
000000000000000000000000000011110100001
000000000000000000000000000011110101010
000000000000000000000000000011110110011
000000000000000000000000000011110111100
000000000000000000000000000011111000101
000000000000000000000000000011111001110
000000000000000000000000000011111010111
000000000000000000000000000011111100000
000000000000000000000000000011111101001
000000000000000000000000000011111110010
000000000000000000000000000011111111011
000000000000000000000000000100000000100
000000000000000000000000000100000001101
000000000000000000000000000100000010110
000000000000000000000000000100000011111
000000000000000000000000000100000101000
000000000000000000000000000100000110001
000000000000000000000000000100000111010
000000000000000000000000000100001000011
000000000000000000000000000100001001100
000000000000000000000000000100001010101
000000000000000000000000000100001011110
000000000000000000000000000100001100111
000000000000000000000000000100001110000
000000000000000000000000000100001111001
000000000000000000000000000100010000010
000000000000000000000000000100010001011
000000000000000000000000000100010010100
000000000000000000000000000100010011101
000000000000000000000000000100010100110
000000000000000000000000000100010101111
000000000000000000000000000100010111000
000000000000000000000000000100011000001
000000000000000000000000000100011001010
000000000000000000000000000100011010011
000000000000000000000000000100011011100
000000000000000000000000000100011100101
000000000000000000000000000100011101110
000000000000000000000000000100011110111
