000000000000000000000000000000000000000
000000000000000000000000000000001011000
000000000000000000000000000000010110000
000000000000000000000000000000100001000
000000000000000000000000000000101100000
000000000000000000000000000000110111000
000000000000000000000000000001000010000
000000000000000000000000000001001101000
000000000000000000000000000001011000000
000000000000000000000000000001100011000
000000000000000000000000000001101110000
000000000000000000000000000001111001000
000000000000000000000000000010000100000
000000000000000000000000000010001111000
000000000000000000000000000010011010000
000000000000000000000000000010100101000
000000000000000000000000000010110000000
000000000000000000000000000010111011000
000000000000000000000000000011000110000
000000000000000000000000000011010001000
000000000000000000000000000011011100000
000000000000000000000000000011100111000
000000000000000000000000000011110010000
000000000000000000000000000011111101000
000000000000000000000000000100001000000
000000000000000000000000000100010011000
000000000000000000000000000100011110000
000000000000000000000000000100101001000
000000000000000000000000000100110100000
000000000000000000000000000100111111000
000000000000000000000000000101001010000
000000000000000000000000000101010101000
000000000000000000000000000101100000000
000000000000000000000000000101101011000
000000000000000000000000000101110110000
000000000000000000000000000110000001000
000000000000000000000000000110001100000
000000000000000000000000000110010111000
000000000000000000000000000110100010000
000000000000000000000000000110101101000
000000000000000000000000000110111000000
000000000000000000000000000111000011000
000000000000000000000000000111001110000
000000000000000000000000000111011001000
000000000000000000000000000111100100000
000000000000000000000000000111101111000
000000000000000000000000000111111010000
000000000000000000000000001000000101000
000000000000000000000000001000010000000
000000000000000000000000001000011011000
000000000000000000000000001000100110000
000000000000000000000000001000110001000
000000000000000000000000001000111100000
000000000000000000000000001001000111000
000000000000000000000000001001010010000
000000000000000000000000001001011101000
000000000000000000000000001001101000000
000000000000000000000000001001110011000
000000000000000000000000001001111110000
000000000000000000000000001010001001000
000000000000000000000000001010010100000
000000000000000000000000001010011111000
000000000000000000000000001010101010000
000000000000000000000000001010110101000
000000000000000000000000001011000000000
000000000000000000000000001011001011000
000000000000000000000000001011010110000
000000000000000000000000001011100001000
000000000000000000000000001011101100000
000000000000000000000000001011110111000
000000000000000000000000001100000010000
000000000000000000000000001100001101000
000000000000000000000000001100011000000
000000000000000000000000001100100011000
000000000000000000000000001100101110000
000000000000000000000000001100111001000
000000000000000000000000001101000100000
000000000000000000000000001101001111000
000000000000000000000000001101011010000
000000000000000000000000001101100101000
000000000000000000000000001101110000000
000000000000000000000000001101111011000
000000000000000000000000001110000110000
000000000000000000000000001110010001000
000000000000000000000000001110011100000
000000000000000000000000001110100111000
000000000000000000000000001110110010000
000000000000000000000000001110111101000
000000000000000000000000001111001000000
000000000000000000000000001111010011000
000000000000000000000000001111011110000
000000000000000000000000001111101001000
000000000000000000000000001111110100000
000000000000000000000000001111111111000
000000000000000000000000010000001010000
000000000000000000000000010000010101000
000000000000000000000000010000100000000
000000000000000000000000010000101011000
000000000000000000000000010000110110000
000000000000000000000000010001000001000
000000000000000000000000010001001100000
000000000000000000000000010001010111000
000000000000000000000000010001100010000
000000000000000000000000010001101101000
000000000000000000000000010001111000000
000000000000000000000000010010000011000
000000000000000000000000010010001110000
000000000000000000000000010010011001000
000000000000000000000000010010100100000
000000000000000000000000010010101111000
000000000000000000000000010010111010000
000000000000000000000000010011000101000
000000000000000000000000010011010000000
000000000000000000000000010011011011000
000000000000000000000000010011100110000
000000000000000000000000010011110001000
000000000000000000000000010011111100000
000000000000000000000000010100000111000
000000000000000000000000010100010010000
000000000000000000000000010100011101000
000000000000000000000000010100101000000
000000000000000000000000010100110011000
000000000000000000000000010100111110000
000000000000000000000000010101001001000
000000000000000000000000010101010100000
000000000000000000000000010101011111000
000000000000000000000000010101101010000
000000000000000000000000010101110101000
000000000000000000000000010110000000000
000000000000000000000000010110001011000
000000000000000000000000010110010110000
000000000000000000000000010110100001000
000000000000000000000000010110101100000
000000000000000000000000010110110111000
000000000000000000000000010111000010000
000000000000000000000000010111001101000
000000000000000000000000010111011000000
000000000000000000000000010111100011000
000000000000000000000000010111101110000
000000000000000000000000010111111001000
000000000000000000000000011000000100000
000000000000000000000000011000001111000
000000000000000000000000011000011010000
000000000000000000000000011000100101000
000000000000000000000000011000110000000
000000000000000000000000011000111011000
000000000000000000000000011001000110000
000000000000000000000000011001010001000
000000000000000000000000011001011100000
000000000000000000000000011001100111000
000000000000000000000000011001110010000
000000000000000000000000011001111101000
000000000000000000000000011010001000000
000000000000000000000000011010010011000
000000000000000000000000011010011110000
000000000000000000000000011010101001000
000000000000000000000000011010110100000
000000000000000000000000011010111111000
000000000000000000000000011011001010000
000000000000000000000000011011010101000
000000000000000000000000011011100000000
000000000000000000000000011011101011000
000000000000000000000000011011110110000
000000000000000000000000011100000001000
000000000000000000000000011100001100000
000000000000000000000000011100010111000
000000000000000000000000011100100010000
000000000000000000000000011100101101000
000000000000000000000000011100111000000
000000000000000000000000011101000011000
000000000000000000000000011101001110000
000000000000000000000000011101011001000
000000000000000000000000011101100100000
000000000000000000000000011101101111000
000000000000000000000000011101111010000
000000000000000000000000011110000101000
000000000000000000000000011110010000000
000000000000000000000000011110011011000
000000000000000000000000011110100110000
000000000000000000000000011110110001000
000000000000000000000000011110111100000
000000000000000000000000011111000111000
000000000000000000000000011111010010000
000000000000000000000000011111011101000
000000000000000000000000011111101000000
000000000000000000000000011111110011000
000000000000000000000000011111111110000
000000000000000000000000100000001001000
000000000000000000000000100000010100000
000000000000000000000000100000011111000
000000000000000000000000100000101010000
000000000000000000000000100000110101000
000000000000000000000000100001000000000
000000000000000000000000100001001011000
000000000000000000000000100001010110000
000000000000000000000000100001100001000
000000000000000000000000100001101100000
000000000000000000000000100001110111000
000000000000000000000000100010000010000
000000000000000000000000100010001101000
000000000000000000000000100010011000000
000000000000000000000000100010100011000
000000000000000000000000100010101110000
000000000000000000000000100010111001000
000000000000000000000000100011000100000
000000000000000000000000100011001111000
000000000000000000000000100011011010000
000000000000000000000000100011100101000
000000000000000000000000100011110000000
000000000000000000000000100011111011000
000000000000000000000000100100000110000
000000000000000000000000100100010001000
000000000000000000000000100100011100000
000000000000000000000000100100100111000
000000000000000000000000100100110010000
000000000000000000000000100100111101000
000000000000000000000000100101001000000
000000000000000000000000100101010011000
000000000000000000000000100101011110000
000000000000000000000000100101101001000
000000000000000000000000100101110100000
000000000000000000000000100101111111000
000000000000000000000000100110001010000
000000000000000000000000100110010101000
000000000000000000000000100110100000000
000000000000000000000000100110101011000
000000000000000000000000100110110110000
000000000000000000000000100111000001000
000000000000000000000000100111001100000
000000000000000000000000100111010111000
000000000000000000000000100111100010000
000000000000000000000000100111101101000
000000000000000000000000100111111000000
000000000000000000000000101000000011000
000000000000000000000000101000001110000
000000000000000000000000101000011001000
000000000000000000000000101000100100000
000000000000000000000000101000101111000
000000000000000000000000101000111010000
000000000000000000000000101001000101000
000000000000000000000000101001010000000
000000000000000000000000101001011011000
000000000000000000000000101001100110000
000000000000000000000000101001110001000
000000000000000000000000101001111100000
000000000000000000000000101010000111000
000000000000000000000000101010010010000
000000000000000000000000101010011101000
000000000000000000000000101010101000000
000000000000000000000000101010110011000
000000000000000000000000101010111110000
000000000000000000000000101011001001000
000000000000000000000000101011010100000
000000000000000000000000101011011111000
000000000000000000000000101011101010000
000000000000000000000000101011110101000
