000000000000000000000000000000000000000
111111111111111111111111111111100111011
111111111111111111111111111111001110110
111111111111111111111111111110110110001
111111111111111111111111111110011101100
111111111111111111111111111110000100111
111111111111111111111111111101101100010
111111111111111111111111111101010011101
111111111111111111111111111100111011000
111111111111111111111111111100100010011
111111111111111111111111111100001001110
111111111111111111111111111011110001001
111111111111111111111111111011011000100
111111111111111111111111111010111111111
111111111111111111111111111010100111010
111111111111111111111111111010001110101
111111111111111111111111111001110110000
111111111111111111111111111001011101011
111111111111111111111111111001000100110
111111111111111111111111111000101100001
111111111111111111111111111000010011100
111111111111111111111111110111111010111
111111111111111111111111110111100010010
111111111111111111111111110111001001101
111111111111111111111111110110110001000
111111111111111111111111110110011000011
111111111111111111111111110101111111110
111111111111111111111111110101100111001
111111111111111111111111110101001110100
111111111111111111111111110100110101111
111111111111111111111111110100011101010
111111111111111111111111110100000100101
111111111111111111111111110011101100000
111111111111111111111111110011010011011
111111111111111111111111110010111010110
111111111111111111111111110010100010001
111111111111111111111111110010001001100
111111111111111111111111110001110000111
111111111111111111111111110001011000010
111111111111111111111111110000111111101
111111111111111111111111110000100111000
111111111111111111111111110000001110011
111111111111111111111111101111110101110
111111111111111111111111101111011101001
111111111111111111111111101111000100100
111111111111111111111111101110101011111
111111111111111111111111101110010011010
111111111111111111111111101101111010101
111111111111111111111111101101100010000
111111111111111111111111101101001001011
111111111111111111111111101100110000110
111111111111111111111111101100011000001
111111111111111111111111101011111111100
111111111111111111111111101011100110111
111111111111111111111111101011001110010
111111111111111111111111101010110101101
111111111111111111111111101010011101000
111111111111111111111111101010000100011
111111111111111111111111101001101011110
111111111111111111111111101001010011001
111111111111111111111111101000111010100
111111111111111111111111101000100001111
111111111111111111111111101000001001010
111111111111111111111111100111110000101
111111111111111111111111100111011000000
111111111111111111111111100110111111011
111111111111111111111111100110100110110
111111111111111111111111100110001110001
111111111111111111111111100101110101100
111111111111111111111111100101011100111
111111111111111111111111100101000100010
111111111111111111111111100100101011101
111111111111111111111111100100010011000
111111111111111111111111100011111010011
111111111111111111111111100011100001110
111111111111111111111111100011001001001
111111111111111111111111100010110000100
111111111111111111111111100010010111111
111111111111111111111111100001111111010
111111111111111111111111100001100110101
111111111111111111111111100001001110000
111111111111111111111111100000110101011
111111111111111111111111100000011100110
111111111111111111111111100000000100001
111111111111111111111111011111101011100
111111111111111111111111011111010010111
111111111111111111111111011110111010010
111111111111111111111111011110100001101
111111111111111111111111011110001001000
111111111111111111111111011101110000011
111111111111111111111111011101010111110
111111111111111111111111011100111111001
111111111111111111111111011100100110100
111111111111111111111111011100001101111
111111111111111111111111011011110101010
111111111111111111111111011011011100101
111111111111111111111111011011000100000
111111111111111111111111011010101011011
111111111111111111111111011010010010110
111111111111111111111111011001111010001
111111111111111111111111011001100001100
111111111111111111111111011001001000111
111111111111111111111111011000110000010
111111111111111111111111011000010111101
111111111111111111111111010111111111000
111111111111111111111111010111100110011
111111111111111111111111010111001101110
111111111111111111111111010110110101001
111111111111111111111111010110011100100
111111111111111111111111010110000011111
111111111111111111111111010101101011010
111111111111111111111111010101010010101
111111111111111111111111010100111010000
111111111111111111111111010100100001011
111111111111111111111111010100001000110
111111111111111111111111010011110000001
111111111111111111111111010011010111100
111111111111111111111111010010111110111
111111111111111111111111010010100110010
111111111111111111111111010010001101101
111111111111111111111111010001110101000
111111111111111111111111010001011100011
111111111111111111111111010001000011110
111111111111111111111111010000101011001
111111111111111111111111010000010010100
111111111111111111111111001111111001111
111111111111111111111111001111100001010
111111111111111111111111001111001000101
111111111111111111111111001110110000000
111111111111111111111111001110010111011
111111111111111111111111001101111110110
111111111111111111111111001101100110001
111111111111111111111111001101001101100
111111111111111111111111001100110100111
111111111111111111111111001100011100010
111111111111111111111111001100000011101
111111111111111111111111001011101011000
111111111111111111111111001011010010011
111111111111111111111111001010111001110
111111111111111111111111001010100001001
111111111111111111111111001010001000100
111111111111111111111111001001101111111
111111111111111111111111001001010111010
111111111111111111111111001000111110101
111111111111111111111111001000100110000
111111111111111111111111001000001101011
111111111111111111111111000111110100110
111111111111111111111111000111011100001
111111111111111111111111000111000011100
111111111111111111111111000110101010111
111111111111111111111111000110010010010
111111111111111111111111000101111001101
111111111111111111111111000101100001000
111111111111111111111111000101001000011
111111111111111111111111000100101111110
111111111111111111111111000100010111001
111111111111111111111111000011111110100
111111111111111111111111000011100101111
111111111111111111111111000011001101010
111111111111111111111111000010110100101
111111111111111111111111000010011100000
111111111111111111111111000010000011011
111111111111111111111111000001101010110
111111111111111111111111000001010010001
111111111111111111111111000000111001100
111111111111111111111111000000100000111
111111111111111111111111000000001000010
111111111111111111111110111111101111101
111111111111111111111110111111010111000
111111111111111111111110111110111110011
111111111111111111111110111110100101110
111111111111111111111110111110001101001
111111111111111111111110111101110100100
111111111111111111111110111101011011111
111111111111111111111110111101000011010
111111111111111111111110111100101010101
111111111111111111111110111100010010000
111111111111111111111110111011111001011
111111111111111111111110111011100000110
111111111111111111111110111011001000001
111111111111111111111110111010101111100
111111111111111111111110111010010110111
111111111111111111111110111001111110010
111111111111111111111110111001100101101
111111111111111111111110111001001101000
111111111111111111111110111000110100011
111111111111111111111110111000011011110
111111111111111111111110111000000011001
111111111111111111111110110111101010100
111111111111111111111110110111010001111
111111111111111111111110110110111001010
111111111111111111111110110110100000101
111111111111111111111110110110001000000
111111111111111111111110110101101111011
111111111111111111111110110101010110110
111111111111111111111110110100111110001
111111111111111111111110110100100101100
111111111111111111111110110100001100111
111111111111111111111110110011110100010
111111111111111111111110110011011011101
111111111111111111111110110011000011000
111111111111111111111110110010101010011
111111111111111111111110110010010001110
111111111111111111111110110001111001001
111111111111111111111110110001100000100
111111111111111111111110110001000111111
111111111111111111111110110000101111010
111111111111111111111110110000010110101
111111111111111111111110101111111110000
111111111111111111111110101111100101011
111111111111111111111110101111001100110
111111111111111111111110101110110100001
111111111111111111111110101110011011100
111111111111111111111110101110000010111
111111111111111111111110101101101010010
111111111111111111111110101101010001101
111111111111111111111110101100111001000
111111111111111111111110101100100000011
111111111111111111111110101100000111110
111111111111111111111110101011101111001
111111111111111111111110101011010110100
111111111111111111111110101010111101111
111111111111111111111110101010100101010
111111111111111111111110101010001100101
111111111111111111111110101001110100000
111111111111111111111110101001011011011
111111111111111111111110101001000010110
111111111111111111111110101000101010001
111111111111111111111110101000010001100
111111111111111111111110100111111000111
111111111111111111111110100111100000010
111111111111111111111110100111000111101
111111111111111111111110100110101111000
111111111111111111111110100110010110011
111111111111111111111110100101111101110
111111111111111111111110100101100101001
111111111111111111111110100101001100100
111111111111111111111110100100110011111
111111111111111111111110100100011011010
111111111111111111111110100100000010101
111111111111111111111110100011101010000
111111111111111111111110100011010001011
111111111111111111111110100010111000110
111111111111111111111110100010100000001
111111111111111111111110100010000111100
111111111111111111111110100001101110111
111111111111111111111110100001010110010
111111111111111111111110100000111101101
111111111111111111111110100000100101000
111111111111111111111110100000001100011
111111111111111111111110011111110011110
111111111111111111111110011111011011001
111111111111111111111110011111000010100
111111111111111111111110011110101001111
111111111111111111111110011110010001010
111111111111111111111110011101111000101
