000000000000000000000000000000000000000
111111111111111111111111111111110011001
111111111111111111111111111111100110010
111111111111111111111111111111011001011
111111111111111111111111111111001100100
111111111111111111111111111110111111101
111111111111111111111111111110110010110
111111111111111111111111111110100101111
111111111111111111111111111110011001000
111111111111111111111111111110001100001
111111111111111111111111111101111111010
111111111111111111111111111101110010011
111111111111111111111111111101100101100
111111111111111111111111111101011000101
111111111111111111111111111101001011110
111111111111111111111111111100111110111
111111111111111111111111111100110010000
111111111111111111111111111100100101001
111111111111111111111111111100011000010
111111111111111111111111111100001011011
111111111111111111111111111011111110100
111111111111111111111111111011110001101
111111111111111111111111111011100100110
111111111111111111111111111011010111111
111111111111111111111111111011001011000
111111111111111111111111111010111110001
111111111111111111111111111010110001010
111111111111111111111111111010100100011
111111111111111111111111111010010111100
111111111111111111111111111010001010101
111111111111111111111111111001111101110
111111111111111111111111111001110000111
111111111111111111111111111001100100000
111111111111111111111111111001010111001
111111111111111111111111111001001010010
111111111111111111111111111000111101011
111111111111111111111111111000110000100
111111111111111111111111111000100011101
111111111111111111111111111000010110110
111111111111111111111111111000001001111
111111111111111111111111110111111101000
111111111111111111111111110111110000001
111111111111111111111111110111100011010
111111111111111111111111110111010110011
111111111111111111111111110111001001100
111111111111111111111111110110111100101
111111111111111111111111110110101111110
111111111111111111111111110110100010111
111111111111111111111111110110010110000
111111111111111111111111110110001001001
111111111111111111111111110101111100010
111111111111111111111111110101101111011
111111111111111111111111110101100010100
111111111111111111111111110101010101101
111111111111111111111111110101001000110
111111111111111111111111110100111011111
111111111111111111111111110100101111000
111111111111111111111111110100100010001
111111111111111111111111110100010101010
111111111111111111111111110100001000011
111111111111111111111111110011111011100
111111111111111111111111110011101110101
111111111111111111111111110011100001110
111111111111111111111111110011010100111
111111111111111111111111110011001000000
111111111111111111111111110010111011001
111111111111111111111111110010101110010
111111111111111111111111110010100001011
111111111111111111111111110010010100100
111111111111111111111111110010000111101
111111111111111111111111110001111010110
111111111111111111111111110001101101111
111111111111111111111111110001100001000
111111111111111111111111110001010100001
111111111111111111111111110001000111010
111111111111111111111111110000111010011
111111111111111111111111110000101101100
111111111111111111111111110000100000101
111111111111111111111111110000010011110
111111111111111111111111110000000110111
111111111111111111111111101111111010000
111111111111111111111111101111101101001
111111111111111111111111101111100000010
111111111111111111111111101111010011011
111111111111111111111111101111000110100
111111111111111111111111101110111001101
111111111111111111111111101110101100110
111111111111111111111111101110011111111
111111111111111111111111101110010011000
111111111111111111111111101110000110001
111111111111111111111111101101111001010
111111111111111111111111101101101100011
111111111111111111111111101101011111100
111111111111111111111111101101010010101
111111111111111111111111101101000101110
111111111111111111111111101100111000111
111111111111111111111111101100101100000
111111111111111111111111101100011111001
111111111111111111111111101100010010010
111111111111111111111111101100000101011
111111111111111111111111101011111000100
111111111111111111111111101011101011101
111111111111111111111111101011011110110
111111111111111111111111101011010001111
111111111111111111111111101011000101000
111111111111111111111111101010111000001
111111111111111111111111101010101011010
111111111111111111111111101010011110011
111111111111111111111111101010010001100
111111111111111111111111101010000100101
111111111111111111111111101001110111110
111111111111111111111111101001101010111
111111111111111111111111101001011110000
111111111111111111111111101001010001001
111111111111111111111111101001000100010
111111111111111111111111101000110111011
111111111111111111111111101000101010100
111111111111111111111111101000011101101
111111111111111111111111101000010000110
111111111111111111111111101000000011111
111111111111111111111111100111110111000
111111111111111111111111100111101010001
111111111111111111111111100111011101010
111111111111111111111111100111010000011
111111111111111111111111100111000011100
111111111111111111111111100110110110101
111111111111111111111111100110101001110
111111111111111111111111100110011100111
111111111111111111111111100110010000000
111111111111111111111111100110000011001
111111111111111111111111100101110110010
111111111111111111111111100101101001011
111111111111111111111111100101011100100
111111111111111111111111100101001111101
111111111111111111111111100101000010110
111111111111111111111111100100110101111
111111111111111111111111100100101001000
111111111111111111111111100100011100001
111111111111111111111111100100001111010
111111111111111111111111100100000010011
111111111111111111111111100011110101100
111111111111111111111111100011101000101
111111111111111111111111100011011011110
111111111111111111111111100011001110111
111111111111111111111111100011000010000
111111111111111111111111100010110101001
111111111111111111111111100010101000010
111111111111111111111111100010011011011
111111111111111111111111100010001110100
111111111111111111111111100010000001101
111111111111111111111111100001110100110
111111111111111111111111100001100111111
111111111111111111111111100001011011000
111111111111111111111111100001001110001
111111111111111111111111100001000001010
111111111111111111111111100000110100011
111111111111111111111111100000100111100
111111111111111111111111100000011010101
111111111111111111111111100000001101110
111111111111111111111111100000000000111
111111111111111111111111011111110100000
111111111111111111111111011111100111001
111111111111111111111111011111011010010
111111111111111111111111011111001101011
111111111111111111111111011111000000100
111111111111111111111111011110110011101
111111111111111111111111011110100110110
111111111111111111111111011110011001111
111111111111111111111111011110001101000
111111111111111111111111011110000000001
111111111111111111111111011101110011010
111111111111111111111111011101100110011
111111111111111111111111011101011001100
111111111111111111111111011101001100101
111111111111111111111111011100111111110
111111111111111111111111011100110010111
111111111111111111111111011100100110000
111111111111111111111111011100011001001
111111111111111111111111011100001100010
111111111111111111111111011011111111011
111111111111111111111111011011110010100
111111111111111111111111011011100101101
111111111111111111111111011011011000110
111111111111111111111111011011001011111
111111111111111111111111011010111111000
111111111111111111111111011010110010001
111111111111111111111111011010100101010
111111111111111111111111011010011000011
111111111111111111111111011010001011100
111111111111111111111111011001111110101
111111111111111111111111011001110001110
111111111111111111111111011001100100111
111111111111111111111111011001011000000
111111111111111111111111011001001011001
111111111111111111111111011000111110010
111111111111111111111111011000110001011
111111111111111111111111011000100100100
111111111111111111111111011000010111101
111111111111111111111111011000001010110
111111111111111111111111010111111101111
111111111111111111111111010111110001000
111111111111111111111111010111100100001
111111111111111111111111010111010111010
111111111111111111111111010111001010011
111111111111111111111111010110111101100
111111111111111111111111010110110000101
111111111111111111111111010110100011110
111111111111111111111111010110010110111
111111111111111111111111010110001010000
111111111111111111111111010101111101001
111111111111111111111111010101110000010
111111111111111111111111010101100011011
111111111111111111111111010101010110100
111111111111111111111111010101001001101
111111111111111111111111010100111100110
111111111111111111111111010100101111111
111111111111111111111111010100100011000
111111111111111111111111010100010110001
111111111111111111111111010100001001010
111111111111111111111111010011111100011
111111111111111111111111010011101111100
111111111111111111111111010011100010101
111111111111111111111111010011010101110
111111111111111111111111010011001000111
111111111111111111111111010010111100000
111111111111111111111111010010101111001
111111111111111111111111010010100010010
111111111111111111111111010010010101011
111111111111111111111111010010001000100
111111111111111111111111010001111011101
111111111111111111111111010001101110110
111111111111111111111111010001100001111
111111111111111111111111010001010101000
111111111111111111111111010001001000001
111111111111111111111111010000111011010
111111111111111111111111010000101110011
111111111111111111111111010000100001100
111111111111111111111111010000010100101
111111111111111111111111010000000111110
111111111111111111111111001111111010111
111111111111111111111111001111101110000
111111111111111111111111001111100001001
111111111111111111111111001111010100010
111111111111111111111111001111000111011
111111111111111111111111001110111010100
111111111111111111111111001110101101101
111111111111111111111111001110100000110
111111111111111111111111001110010011111
111111111111111111111111001110000111000
111111111111111111111111001101111010001
111111111111111111111111001101101101010
111111111111111111111111001101100000011
111111111111111111111111001101010011100
111111111111111111111111001101000110101
111111111111111111111111001100111001110
111111111111111111111111001100101100111
