000000000000000000000000000000000000000
111111111111111111111111111111100110100
111111111111111111111111111111001101000
111111111111111111111111111110110011100
111111111111111111111111111110011010000
111111111111111111111111111110000000100
111111111111111111111111111101100111000
111111111111111111111111111101001101100
111111111111111111111111111100110100000
111111111111111111111111111100011010100
111111111111111111111111111100000001000
111111111111111111111111111011100111100
111111111111111111111111111011001110000
111111111111111111111111111010110100100
111111111111111111111111111010011011000
111111111111111111111111111010000001100
111111111111111111111111111001101000000
111111111111111111111111111001001110100
111111111111111111111111111000110101000
111111111111111111111111111000011011100
111111111111111111111111111000000010000
111111111111111111111111110111101000100
111111111111111111111111110111001111000
111111111111111111111111110110110101100
111111111111111111111111110110011100000
111111111111111111111111110110000010100
111111111111111111111111110101101001000
111111111111111111111111110101001111100
111111111111111111111111110100110110000
111111111111111111111111110100011100100
111111111111111111111111110100000011000
111111111111111111111111110011101001100
111111111111111111111111110011010000000
111111111111111111111111110010110110100
111111111111111111111111110010011101000
111111111111111111111111110010000011100
111111111111111111111111110001101010000
111111111111111111111111110001010000100
111111111111111111111111110000110111000
111111111111111111111111110000011101100
111111111111111111111111110000000100000
111111111111111111111111101111101010100
111111111111111111111111101111010001000
111111111111111111111111101110110111100
111111111111111111111111101110011110000
111111111111111111111111101110000100100
111111111111111111111111101101101011000
111111111111111111111111101101010001100
111111111111111111111111101100111000000
111111111111111111111111101100011110100
111111111111111111111111101100000101000
111111111111111111111111101011101011100
111111111111111111111111101011010010000
111111111111111111111111101010111000100
111111111111111111111111101010011111000
111111111111111111111111101010000101100
111111111111111111111111101001101100000
111111111111111111111111101001010010100
111111111111111111111111101000111001000
111111111111111111111111101000011111100
111111111111111111111111101000000110000
111111111111111111111111100111101100100
111111111111111111111111100111010011000
111111111111111111111111100110111001100
111111111111111111111111100110100000000
111111111111111111111111100110000110100
111111111111111111111111100101101101000
111111111111111111111111100101010011100
111111111111111111111111100100111010000
111111111111111111111111100100100000100
111111111111111111111111100100000111000
111111111111111111111111100011101101100
111111111111111111111111100011010100000
111111111111111111111111100010111010100
111111111111111111111111100010100001000
111111111111111111111111100010000111100
111111111111111111111111100001101110000
111111111111111111111111100001010100100
111111111111111111111111100000111011000
111111111111111111111111100000100001100
111111111111111111111111100000001000000
111111111111111111111111011111101110100
111111111111111111111111011111010101000
111111111111111111111111011110111011100
111111111111111111111111011110100010000
111111111111111111111111011110001000100
111111111111111111111111011101101111000
111111111111111111111111011101010101100
111111111111111111111111011100111100000
111111111111111111111111011100100010100
111111111111111111111111011100001001000
111111111111111111111111011011101111100
111111111111111111111111011011010110000
111111111111111111111111011010111100100
111111111111111111111111011010100011000
111111111111111111111111011010001001100
111111111111111111111111011001110000000
111111111111111111111111011001010110100
111111111111111111111111011000111101000
111111111111111111111111011000100011100
111111111111111111111111011000001010000
111111111111111111111111010111110000100
111111111111111111111111010111010111000
111111111111111111111111010110111101100
111111111111111111111111010110100100000
111111111111111111111111010110001010100
111111111111111111111111010101110001000
111111111111111111111111010101010111100
111111111111111111111111010100111110000
111111111111111111111111010100100100100
111111111111111111111111010100001011000
111111111111111111111111010011110001100
111111111111111111111111010011011000000
111111111111111111111111010010111110100
111111111111111111111111010010100101000
111111111111111111111111010010001011100
111111111111111111111111010001110010000
111111111111111111111111010001011000100
111111111111111111111111010000111111000
111111111111111111111111010000100101100
111111111111111111111111010000001100000
111111111111111111111111001111110010100
111111111111111111111111001111011001000
111111111111111111111111001110111111100
111111111111111111111111001110100110000
111111111111111111111111001110001100100
111111111111111111111111001101110011000
111111111111111111111111001101011001100
111111111111111111111111001101000000000
111111111111111111111111001100100110100
111111111111111111111111001100001101000
111111111111111111111111001011110011100
111111111111111111111111001011011010000
111111111111111111111111001011000000100
111111111111111111111111001010100111000
111111111111111111111111001010001101100
111111111111111111111111001001110100000
111111111111111111111111001001011010100
111111111111111111111111001001000001000
111111111111111111111111001000100111100
111111111111111111111111001000001110000
111111111111111111111111000111110100100
111111111111111111111111000111011011000
111111111111111111111111000111000001100
111111111111111111111111000110101000000
111111111111111111111111000110001110100
111111111111111111111111000101110101000
111111111111111111111111000101011011100
111111111111111111111111000101000010000
111111111111111111111111000100101000100
111111111111111111111111000100001111000
111111111111111111111111000011110101100
111111111111111111111111000011011100000
111111111111111111111111000011000010100
111111111111111111111111000010101001000
111111111111111111111111000010001111100
111111111111111111111111000001110110000
111111111111111111111111000001011100100
111111111111111111111111000001000011000
111111111111111111111111000000101001100
111111111111111111111111000000010000000
111111111111111111111110111111110110100
111111111111111111111110111111011101000
111111111111111111111110111111000011100
111111111111111111111110111110101010000
111111111111111111111110111110010000100
111111111111111111111110111101110111000
111111111111111111111110111101011101100
111111111111111111111110111101000100000
111111111111111111111110111100101010100
111111111111111111111110111100010001000
111111111111111111111110111011110111100
111111111111111111111110111011011110000
111111111111111111111110111011000100100
111111111111111111111110111010101011000
111111111111111111111110111010010001100
111111111111111111111110111001111000000
111111111111111111111110111001011110100
111111111111111111111110111001000101000
111111111111111111111110111000101011100
111111111111111111111110111000010010000
111111111111111111111110110111111000100
111111111111111111111110110111011111000
111111111111111111111110110111000101100
111111111111111111111110110110101100000
111111111111111111111110110110010010100
111111111111111111111110110101111001000
111111111111111111111110110101011111100
111111111111111111111110110101000110000
111111111111111111111110110100101100100
111111111111111111111110110100010011000
111111111111111111111110110011111001100
111111111111111111111110110011100000000
111111111111111111111110110011000110100
111111111111111111111110110010101101000
111111111111111111111110110010010011100
111111111111111111111110110001111010000
111111111111111111111110110001100000100
111111111111111111111110110001000111000
111111111111111111111110110000101101100
111111111111111111111110110000010100000
111111111111111111111110101111111010100
111111111111111111111110101111100001000
111111111111111111111110101111000111100
111111111111111111111110101110101110000
111111111111111111111110101110010100100
111111111111111111111110101101111011000
111111111111111111111110101101100001100
111111111111111111111110101101001000000
111111111111111111111110101100101110100
111111111111111111111110101100010101000
111111111111111111111110101011111011100
111111111111111111111110101011100010000
111111111111111111111110101011001000100
111111111111111111111110101010101111000
111111111111111111111110101010010101100
111111111111111111111110101001111100000
111111111111111111111110101001100010100
111111111111111111111110101001001001000
111111111111111111111110101000101111100
111111111111111111111110101000010110000
111111111111111111111110100111111100100
111111111111111111111110100111100011000
111111111111111111111110100111001001100
111111111111111111111110100110110000000
111111111111111111111110100110010110100
111111111111111111111110100101111101000
111111111111111111111110100101100011100
111111111111111111111110100101001010000
111111111111111111111110100100110000100
111111111111111111111110100100010111000
111111111111111111111110100011111101100
111111111111111111111110100011100100000
111111111111111111111110100011001010100
111111111111111111111110100010110001000
111111111111111111111110100010010111100
111111111111111111111110100001111110000
111111111111111111111110100001100100100
111111111111111111111110100001001011000
111111111111111111111110100000110001100
111111111111111111111110100000011000000
111111111111111111111110011111111110100
111111111111111111111110011111100101000
111111111111111111111110011111001011100
111111111111111111111110011110110010000
111111111111111111111110011110011000100
111111111111111111111110011101111111000
111111111111111111111110011101100101100
111111111111111111111110011101001100000
111111111111111111111110011100110010100
111111111111111111111110011100011001000
111111111111111111111110011011111111100
111111111111111111111110011011100110000
111111111111111111111110011011001100100
111111111111111111111110011010110011000
111111111111111111111110011010011001100
