000000000000000000000000000000000000000
000000000000000000000000000000010001111
000000000000000000000000000000100011110
000000000000000000000000000000110101101
000000000000000000000000000001000111100
000000000000000000000000000001011001011
000000000000000000000000000001101011010
000000000000000000000000000001111101001
000000000000000000000000000010001111000
000000000000000000000000000010100000111
000000000000000000000000000010110010110
000000000000000000000000000011000100101
000000000000000000000000000011010110100
000000000000000000000000000011101000011
000000000000000000000000000011111010010
000000000000000000000000000100001100001
000000000000000000000000000100011110000
000000000000000000000000000100101111111
000000000000000000000000000101000001110
000000000000000000000000000101010011101
000000000000000000000000000101100101100
000000000000000000000000000101110111011
000000000000000000000000000110001001010
000000000000000000000000000110011011001
000000000000000000000000000110101101000
000000000000000000000000000110111110111
000000000000000000000000000111010000110
000000000000000000000000000111100010101
000000000000000000000000000111110100100
000000000000000000000000001000000110011
000000000000000000000000001000011000010
000000000000000000000000001000101010001
000000000000000000000000001000111100000
000000000000000000000000001001001101111
000000000000000000000000001001011111110
000000000000000000000000001001110001101
000000000000000000000000001010000011100
000000000000000000000000001010010101011
000000000000000000000000001010100111010
000000000000000000000000001010111001001
000000000000000000000000001011001011000
000000000000000000000000001011011100111
000000000000000000000000001011101110110
000000000000000000000000001100000000101
000000000000000000000000001100010010100
000000000000000000000000001100100100011
000000000000000000000000001100110110010
000000000000000000000000001101001000001
000000000000000000000000001101011010000
000000000000000000000000001101101011111
000000000000000000000000001101111101110
000000000000000000000000001110001111101
000000000000000000000000001110100001100
000000000000000000000000001110110011011
000000000000000000000000001111000101010
000000000000000000000000001111010111001
000000000000000000000000001111101001000
000000000000000000000000001111111010111
000000000000000000000000010000001100110
000000000000000000000000010000011110101
000000000000000000000000010000110000100
000000000000000000000000010001000010011
000000000000000000000000010001010100010
000000000000000000000000010001100110001
000000000000000000000000010001111000000
000000000000000000000000010010001001111
000000000000000000000000010010011011110
000000000000000000000000010010101101101
000000000000000000000000010010111111100
000000000000000000000000010011010001011
000000000000000000000000010011100011010
000000000000000000000000010011110101001
000000000000000000000000010100000111000
000000000000000000000000010100011000111
000000000000000000000000010100101010110
000000000000000000000000010100111100101
000000000000000000000000010101001110100
000000000000000000000000010101100000011
000000000000000000000000010101110010010
000000000000000000000000010110000100001
000000000000000000000000010110010110000
000000000000000000000000010110100111111
000000000000000000000000010110111001110
000000000000000000000000010111001011101
000000000000000000000000010111011101100
000000000000000000000000010111101111011
000000000000000000000000011000000001010
000000000000000000000000011000010011001
000000000000000000000000011000100101000
000000000000000000000000011000110110111
000000000000000000000000011001001000110
000000000000000000000000011001011010101
000000000000000000000000011001101100100
000000000000000000000000011001111110011
000000000000000000000000011010010000010
000000000000000000000000011010100010001
000000000000000000000000011010110100000
000000000000000000000000011011000101111
000000000000000000000000011011010111110
000000000000000000000000011011101001101
000000000000000000000000011011111011100
000000000000000000000000011100001101011
000000000000000000000000011100011111010
000000000000000000000000011100110001001
000000000000000000000000011101000011000
000000000000000000000000011101010100111
000000000000000000000000011101100110110
000000000000000000000000011101111000101
000000000000000000000000011110001010100
000000000000000000000000011110011100011
000000000000000000000000011110101110010
000000000000000000000000011111000000001
000000000000000000000000011111010010000
000000000000000000000000011111100011111
000000000000000000000000011111110101110
000000000000000000000000100000000111101
000000000000000000000000100000011001100
000000000000000000000000100000101011011
000000000000000000000000100000111101010
000000000000000000000000100001001111001
000000000000000000000000100001100001000
000000000000000000000000100001110010111
000000000000000000000000100010000100110
000000000000000000000000100010010110101
000000000000000000000000100010101000100
000000000000000000000000100010111010011
000000000000000000000000100011001100010
000000000000000000000000100011011110001
000000000000000000000000100011110000000
000000000000000000000000100100000001111
000000000000000000000000100100010011110
000000000000000000000000100100100101101
000000000000000000000000100100110111100
000000000000000000000000100101001001011
000000000000000000000000100101011011010
000000000000000000000000100101101101001
000000000000000000000000100101111111000
000000000000000000000000100110010000111
000000000000000000000000100110100010110
000000000000000000000000100110110100101
000000000000000000000000100111000110100
000000000000000000000000100111011000011
000000000000000000000000100111101010010
000000000000000000000000100111111100001
000000000000000000000000101000001110000
000000000000000000000000101000011111111
000000000000000000000000101000110001110
000000000000000000000000101001000011101
000000000000000000000000101001010101100
000000000000000000000000101001100111011
000000000000000000000000101001111001010
000000000000000000000000101010001011001
000000000000000000000000101010011101000
000000000000000000000000101010101110111
000000000000000000000000101011000000110
000000000000000000000000101011010010101
000000000000000000000000101011100100100
000000000000000000000000101011110110011
000000000000000000000000101100001000010
000000000000000000000000101100011010001
000000000000000000000000101100101100000
000000000000000000000000101100111101111
000000000000000000000000101101001111110
000000000000000000000000101101100001101
000000000000000000000000101101110011100
000000000000000000000000101110000101011
000000000000000000000000101110010111010
000000000000000000000000101110101001001
000000000000000000000000101110111011000
000000000000000000000000101111001100111
000000000000000000000000101111011110110
000000000000000000000000101111110000101
000000000000000000000000110000000010100
000000000000000000000000110000010100011
000000000000000000000000110000100110010
000000000000000000000000110000111000001
000000000000000000000000110001001010000
000000000000000000000000110001011011111
000000000000000000000000110001101101110
000000000000000000000000110001111111101
000000000000000000000000110010010001100
000000000000000000000000110010100011011
000000000000000000000000110010110101010
000000000000000000000000110011000111001
000000000000000000000000110011011001000
000000000000000000000000110011101010111
000000000000000000000000110011111100110
000000000000000000000000110100001110101
000000000000000000000000110100100000100
000000000000000000000000110100110010011
000000000000000000000000110101000100010
000000000000000000000000110101010110001
000000000000000000000000110101101000000
000000000000000000000000110101111001111
000000000000000000000000110110001011110
000000000000000000000000110110011101101
000000000000000000000000110110101111100
000000000000000000000000110111000001011
000000000000000000000000110111010011010
000000000000000000000000110111100101001
000000000000000000000000110111110111000
000000000000000000000000111000001000111
000000000000000000000000111000011010110
000000000000000000000000111000101100101
000000000000000000000000111000111110100
000000000000000000000000111001010000011
000000000000000000000000111001100010010
000000000000000000000000111001110100001
000000000000000000000000111010000110000
000000000000000000000000111010010111111
000000000000000000000000111010101001110
000000000000000000000000111010111011101
000000000000000000000000111011001101100
000000000000000000000000111011011111011
000000000000000000000000111011110001010
000000000000000000000000111100000011001
000000000000000000000000111100010101000
000000000000000000000000111100100110111
000000000000000000000000111100111000110
000000000000000000000000111101001010101
000000000000000000000000111101011100100
000000000000000000000000111101101110011
000000000000000000000000111110000000010
000000000000000000000000111110010010001
000000000000000000000000111110100100000
000000000000000000000000111110110101111
000000000000000000000000111111000111110
000000000000000000000000111111011001101
000000000000000000000000111111101011100
000000000000000000000000111111111101011
000000000000000000000001000000001111010
000000000000000000000001000000100001001
000000000000000000000001000000110011000
000000000000000000000001000001000100111
000000000000000000000001000001010110110
000000000000000000000001000001101000101
000000000000000000000001000001111010100
000000000000000000000001000010001100011
000000000000000000000001000010011110010
000000000000000000000001000010110000001
000000000000000000000001000011000010000
000000000000000000000001000011010011111
000000000000000000000001000011100101110
000000000000000000000001000011110111101
000000000000000000000001000100001001100
000000000000000000000001000100011011011
000000000000000000000001000100101101010
000000000000000000000001000100111111001
000000000000000000000001000101010001000
000000000000000000000001000101100010111
000000000000000000000001000101110100110
000000000000000000000001000110000110101
000000000000000000000001000110011000100
000000000000000000000001000110101010011
000000000000000000000001000110111100010
000000000000000000000001000111001110001
