000000000000000000000000000000000000000
111111111111111111111111111111110010000
111111111111111111111111111111100100000
111111111111111111111111111111010110000
111111111111111111111111111111001000000
111111111111111111111111111110111010000
111111111111111111111111111110101100000
111111111111111111111111111110011110000
111111111111111111111111111110010000000
111111111111111111111111111110000010000
111111111111111111111111111101110100000
111111111111111111111111111101100110000
111111111111111111111111111101011000000
111111111111111111111111111101001010000
111111111111111111111111111100111100000
111111111111111111111111111100101110000
111111111111111111111111111100100000000
111111111111111111111111111100010010000
111111111111111111111111111100000100000
111111111111111111111111111011110110000
111111111111111111111111111011101000000
111111111111111111111111111011011010000
111111111111111111111111111011001100000
111111111111111111111111111010111110000
111111111111111111111111111010110000000
111111111111111111111111111010100010000
111111111111111111111111111010010100000
111111111111111111111111111010000110000
111111111111111111111111111001111000000
111111111111111111111111111001101010000
111111111111111111111111111001011100000
111111111111111111111111111001001110000
111111111111111111111111111001000000000
111111111111111111111111111000110010000
111111111111111111111111111000100100000
111111111111111111111111111000010110000
111111111111111111111111111000001000000
111111111111111111111111110111111010000
111111111111111111111111110111101100000
111111111111111111111111110111011110000
111111111111111111111111110111010000000
111111111111111111111111110111000010000
111111111111111111111111110110110100000
111111111111111111111111110110100110000
111111111111111111111111110110011000000
111111111111111111111111110110001010000
111111111111111111111111110101111100000
111111111111111111111111110101101110000
111111111111111111111111110101100000000
111111111111111111111111110101010010000
111111111111111111111111110101000100000
111111111111111111111111110100110110000
111111111111111111111111110100101000000
111111111111111111111111110100011010000
111111111111111111111111110100001100000
111111111111111111111111110011111110000
111111111111111111111111110011110000000
111111111111111111111111110011100010000
111111111111111111111111110011010100000
111111111111111111111111110011000110000
111111111111111111111111110010111000000
111111111111111111111111110010101010000
111111111111111111111111110010011100000
111111111111111111111111110010001110000
111111111111111111111111110010000000000
111111111111111111111111110001110010000
111111111111111111111111110001100100000
111111111111111111111111110001010110000
111111111111111111111111110001001000000
111111111111111111111111110000111010000
111111111111111111111111110000101100000
111111111111111111111111110000011110000
111111111111111111111111110000010000000
111111111111111111111111110000000010000
111111111111111111111111101111110100000
111111111111111111111111101111100110000
111111111111111111111111101111011000000
111111111111111111111111101111001010000
111111111111111111111111101110111100000
111111111111111111111111101110101110000
111111111111111111111111101110100000000
111111111111111111111111101110010010000
111111111111111111111111101110000100000
111111111111111111111111101101110110000
111111111111111111111111101101101000000
111111111111111111111111101101011010000
111111111111111111111111101101001100000
111111111111111111111111101100111110000
111111111111111111111111101100110000000
111111111111111111111111101100100010000
111111111111111111111111101100010100000
111111111111111111111111101100000110000
111111111111111111111111101011111000000
111111111111111111111111101011101010000
111111111111111111111111101011011100000
111111111111111111111111101011001110000
111111111111111111111111101011000000000
111111111111111111111111101010110010000
111111111111111111111111101010100100000
111111111111111111111111101010010110000
111111111111111111111111101010001000000
111111111111111111111111101001111010000
111111111111111111111111101001101100000
111111111111111111111111101001011110000
111111111111111111111111101001010000000
111111111111111111111111101001000010000
111111111111111111111111101000110100000
111111111111111111111111101000100110000
111111111111111111111111101000011000000
111111111111111111111111101000001010000
111111111111111111111111100111111100000
111111111111111111111111100111101110000
111111111111111111111111100111100000000
111111111111111111111111100111010010000
111111111111111111111111100111000100000
111111111111111111111111100110110110000
111111111111111111111111100110101000000
111111111111111111111111100110011010000
111111111111111111111111100110001100000
111111111111111111111111100101111110000
111111111111111111111111100101110000000
111111111111111111111111100101100010000
111111111111111111111111100101010100000
111111111111111111111111100101000110000
111111111111111111111111100100111000000
111111111111111111111111100100101010000
111111111111111111111111100100011100000
111111111111111111111111100100001110000
111111111111111111111111100100000000000
111111111111111111111111100011110010000
111111111111111111111111100011100100000
111111111111111111111111100011010110000
111111111111111111111111100011001000000
111111111111111111111111100010111010000
111111111111111111111111100010101100000
111111111111111111111111100010011110000
111111111111111111111111100010010000000
111111111111111111111111100010000010000
111111111111111111111111100001110100000
111111111111111111111111100001100110000
111111111111111111111111100001011000000
111111111111111111111111100001001010000
111111111111111111111111100000111100000
111111111111111111111111100000101110000
111111111111111111111111100000100000000
111111111111111111111111100000010010000
111111111111111111111111100000000100000
111111111111111111111111011111110110000
111111111111111111111111011111101000000
111111111111111111111111011111011010000
111111111111111111111111011111001100000
111111111111111111111111011110111110000
111111111111111111111111011110110000000
111111111111111111111111011110100010000
111111111111111111111111011110010100000
111111111111111111111111011110000110000
111111111111111111111111011101111000000
111111111111111111111111011101101010000
111111111111111111111111011101011100000
111111111111111111111111011101001110000
111111111111111111111111011101000000000
111111111111111111111111011100110010000
111111111111111111111111011100100100000
111111111111111111111111011100010110000
111111111111111111111111011100001000000
111111111111111111111111011011111010000
111111111111111111111111011011101100000
111111111111111111111111011011011110000
111111111111111111111111011011010000000
111111111111111111111111011011000010000
111111111111111111111111011010110100000
111111111111111111111111011010100110000
111111111111111111111111011010011000000
111111111111111111111111011010001010000
111111111111111111111111011001111100000
111111111111111111111111011001101110000
111111111111111111111111011001100000000
111111111111111111111111011001010010000
111111111111111111111111011001000100000
111111111111111111111111011000110110000
111111111111111111111111011000101000000
111111111111111111111111011000011010000
111111111111111111111111011000001100000
111111111111111111111111010111111110000
111111111111111111111111010111110000000
111111111111111111111111010111100010000
111111111111111111111111010111010100000
111111111111111111111111010111000110000
111111111111111111111111010110111000000
111111111111111111111111010110101010000
111111111111111111111111010110011100000
111111111111111111111111010110001110000
111111111111111111111111010110000000000
111111111111111111111111010101110010000
111111111111111111111111010101100100000
111111111111111111111111010101010110000
111111111111111111111111010101001000000
111111111111111111111111010100111010000
111111111111111111111111010100101100000
111111111111111111111111010100011110000
111111111111111111111111010100010000000
111111111111111111111111010100000010000
111111111111111111111111010011110100000
111111111111111111111111010011100110000
111111111111111111111111010011011000000
111111111111111111111111010011001010000
111111111111111111111111010010111100000
111111111111111111111111010010101110000
111111111111111111111111010010100000000
111111111111111111111111010010010010000
111111111111111111111111010010000100000
111111111111111111111111010001110110000
111111111111111111111111010001101000000
111111111111111111111111010001011010000
111111111111111111111111010001001100000
111111111111111111111111010000111110000
111111111111111111111111010000110000000
111111111111111111111111010000100010000
111111111111111111111111010000010100000
111111111111111111111111010000000110000
111111111111111111111111001111111000000
111111111111111111111111001111101010000
111111111111111111111111001111011100000
111111111111111111111111001111001110000
111111111111111111111111001111000000000
111111111111111111111111001110110010000
111111111111111111111111001110100100000
111111111111111111111111001110010110000
111111111111111111111111001110001000000
111111111111111111111111001101111010000
111111111111111111111111001101101100000
111111111111111111111111001101011110000
111111111111111111111111001101010000000
111111111111111111111111001101000010000
111111111111111111111111001100110100000
111111111111111111111111001100100110000
111111111111111111111111001100011000000
111111111111111111111111001100001010000
111111111111111111111111001011111100000
111111111111111111111111001011101110000
111111111111111111111111001011100000000
111111111111111111111111001011010010000
111111111111111111111111001011000100000
111111111111111111111111001010110110000
111111111111111111111111001010101000000
111111111111111111111111001010011010000
111111111111111111111111001010001100000
111111111111111111111111001001111110000
111111111111111111111111001001110000000
111111111111111111111111001001100010000
111111111111111111111111001001010100000
111111111111111111111111001001000110000
111111111111111111111111001000111000000
111111111111111111111111001000101010000
111111111111111111111111001000011100000
111111111111111111111111001000001110000
