000000000000000000000000000000000000000
000000000000000000000000000000001010101
000000000000000000000000000000010101010
000000000000000000000000000000011111111
000000000000000000000000000000101010100
000000000000000000000000000000110101001
000000000000000000000000000000111111110
000000000000000000000000000001001010011
000000000000000000000000000001010101000
000000000000000000000000000001011111101
000000000000000000000000000001101010010
000000000000000000000000000001110100111
000000000000000000000000000001111111100
000000000000000000000000000010001010001
000000000000000000000000000010010100110
000000000000000000000000000010011111011
000000000000000000000000000010101010000
000000000000000000000000000010110100101
000000000000000000000000000010111111010
000000000000000000000000000011001001111
000000000000000000000000000011010100100
000000000000000000000000000011011111001
000000000000000000000000000011101001110
000000000000000000000000000011110100011
000000000000000000000000000011111111000
000000000000000000000000000100001001101
000000000000000000000000000100010100010
000000000000000000000000000100011110111
000000000000000000000000000100101001100
000000000000000000000000000100110100001
000000000000000000000000000100111110110
000000000000000000000000000101001001011
000000000000000000000000000101010100000
000000000000000000000000000101011110101
000000000000000000000000000101101001010
000000000000000000000000000101110011111
000000000000000000000000000101111110100
000000000000000000000000000110001001001
000000000000000000000000000110010011110
000000000000000000000000000110011110011
000000000000000000000000000110101001000
000000000000000000000000000110110011101
000000000000000000000000000110111110010
000000000000000000000000000111001000111
000000000000000000000000000111010011100
000000000000000000000000000111011110001
000000000000000000000000000111101000110
000000000000000000000000000111110011011
000000000000000000000000000111111110000
000000000000000000000000001000001000101
000000000000000000000000001000010011010
000000000000000000000000001000011101111
000000000000000000000000001000101000100
000000000000000000000000001000110011001
000000000000000000000000001000111101110
000000000000000000000000001001001000011
000000000000000000000000001001010011000
000000000000000000000000001001011101101
000000000000000000000000001001101000010
000000000000000000000000001001110010111
000000000000000000000000001001111101100
000000000000000000000000001010001000001
000000000000000000000000001010010010110
000000000000000000000000001010011101011
000000000000000000000000001010101000000
000000000000000000000000001010110010101
000000000000000000000000001010111101010
000000000000000000000000001011000111111
000000000000000000000000001011010010100
000000000000000000000000001011011101001
000000000000000000000000001011100111110
000000000000000000000000001011110010011
000000000000000000000000001011111101000
000000000000000000000000001100000111101
000000000000000000000000001100010010010
000000000000000000000000001100011100111
000000000000000000000000001100100111100
000000000000000000000000001100110010001
000000000000000000000000001100111100110
000000000000000000000000001101000111011
000000000000000000000000001101010010000
000000000000000000000000001101011100101
000000000000000000000000001101100111010
000000000000000000000000001101110001111
000000000000000000000000001101111100100
000000000000000000000000001110000111001
000000000000000000000000001110010001110
000000000000000000000000001110011100011
000000000000000000000000001110100111000
000000000000000000000000001110110001101
000000000000000000000000001110111100010
000000000000000000000000001111000110111
000000000000000000000000001111010001100
000000000000000000000000001111011100001
000000000000000000000000001111100110110
000000000000000000000000001111110001011
000000000000000000000000001111111100000
000000000000000000000000010000000110101
000000000000000000000000010000010001010
000000000000000000000000010000011011111
000000000000000000000000010000100110100
000000000000000000000000010000110001001
000000000000000000000000010000111011110
000000000000000000000000010001000110011
000000000000000000000000010001010001000
000000000000000000000000010001011011101
000000000000000000000000010001100110010
000000000000000000000000010001110000111
000000000000000000000000010001111011100
000000000000000000000000010010000110001
000000000000000000000000010010010000110
000000000000000000000000010010011011011
000000000000000000000000010010100110000
000000000000000000000000010010110000101
000000000000000000000000010010111011010
000000000000000000000000010011000101111
000000000000000000000000010011010000100
000000000000000000000000010011011011001
000000000000000000000000010011100101110
000000000000000000000000010011110000011
000000000000000000000000010011111011000
000000000000000000000000010100000101101
000000000000000000000000010100010000010
000000000000000000000000010100011010111
000000000000000000000000010100100101100
000000000000000000000000010100110000001
000000000000000000000000010100111010110
000000000000000000000000010101000101011
000000000000000000000000010101010000000
000000000000000000000000010101011010101
000000000000000000000000010101100101010
000000000000000000000000010101101111111
000000000000000000000000010101111010100
000000000000000000000000010110000101001
000000000000000000000000010110001111110
000000000000000000000000010110011010011
000000000000000000000000010110100101000
000000000000000000000000010110101111101
000000000000000000000000010110111010010
000000000000000000000000010111000100111
000000000000000000000000010111001111100
000000000000000000000000010111011010001
000000000000000000000000010111100100110
000000000000000000000000010111101111011
000000000000000000000000010111111010000
000000000000000000000000011000000100101
000000000000000000000000011000001111010
000000000000000000000000011000011001111
000000000000000000000000011000100100100
000000000000000000000000011000101111001
000000000000000000000000011000111001110
000000000000000000000000011001000100011
000000000000000000000000011001001111000
000000000000000000000000011001011001101
000000000000000000000000011001100100010
000000000000000000000000011001101110111
000000000000000000000000011001111001100
000000000000000000000000011010000100001
000000000000000000000000011010001110110
000000000000000000000000011010011001011
000000000000000000000000011010100100000
000000000000000000000000011010101110101
000000000000000000000000011010111001010
000000000000000000000000011011000011111
000000000000000000000000011011001110100
000000000000000000000000011011011001001
000000000000000000000000011011100011110
000000000000000000000000011011101110011
000000000000000000000000011011111001000
000000000000000000000000011100000011101
000000000000000000000000011100001110010
000000000000000000000000011100011000111
000000000000000000000000011100100011100
000000000000000000000000011100101110001
000000000000000000000000011100111000110
000000000000000000000000011101000011011
000000000000000000000000011101001110000
000000000000000000000000011101011000101
000000000000000000000000011101100011010
000000000000000000000000011101101101111
000000000000000000000000011101111000100
000000000000000000000000011110000011001
000000000000000000000000011110001101110
000000000000000000000000011110011000011
000000000000000000000000011110100011000
000000000000000000000000011110101101101
000000000000000000000000011110111000010
000000000000000000000000011111000010111
000000000000000000000000011111001101100
000000000000000000000000011111011000001
000000000000000000000000011111100010110
000000000000000000000000011111101101011
000000000000000000000000011111111000000
000000000000000000000000100000000010101
000000000000000000000000100000001101010
000000000000000000000000100000010111111
000000000000000000000000100000100010100
000000000000000000000000100000101101001
000000000000000000000000100000110111110
000000000000000000000000100001000010011
000000000000000000000000100001001101000
000000000000000000000000100001010111101
000000000000000000000000100001100010010
000000000000000000000000100001101100111
000000000000000000000000100001110111100
000000000000000000000000100010000010001
000000000000000000000000100010001100110
000000000000000000000000100010010111011
000000000000000000000000100010100010000
000000000000000000000000100010101100101
000000000000000000000000100010110111010
000000000000000000000000100011000001111
000000000000000000000000100011001100100
000000000000000000000000100011010111001
000000000000000000000000100011100001110
000000000000000000000000100011101100011
000000000000000000000000100011110111000
000000000000000000000000100100000001101
000000000000000000000000100100001100010
000000000000000000000000100100010110111
000000000000000000000000100100100001100
000000000000000000000000100100101100001
000000000000000000000000100100110110110
000000000000000000000000100101000001011
000000000000000000000000100101001100000
000000000000000000000000100101010110101
000000000000000000000000100101100001010
000000000000000000000000100101101011111
000000000000000000000000100101110110100
000000000000000000000000100110000001001
000000000000000000000000100110001011110
000000000000000000000000100110010110011
000000000000000000000000100110100001000
000000000000000000000000100110101011101
000000000000000000000000100110110110010
000000000000000000000000100111000000111
000000000000000000000000100111001011100
000000000000000000000000100111010110001
000000000000000000000000100111100000110
000000000000000000000000100111101011011
000000000000000000000000100111110110000
000000000000000000000000101000000000101
000000000000000000000000101000001011010
000000000000000000000000101000010101111
000000000000000000000000101000100000100
000000000000000000000000101000101011001
000000000000000000000000101000110101110
000000000000000000000000101001000000011
000000000000000000000000101001001011000
000000000000000000000000101001010101101
000000000000000000000000101001100000010
000000000000000000000000101001101010111
000000000000000000000000101001110101100
000000000000000000000000101010000000001
000000000000000000000000101010001010110
000000000000000000000000101010010101011
