000000000000000000000000000000000000000
111111111111111111111111111111110110101
111111111111111111111111111111101101010
111111111111111111111111111111100011111
111111111111111111111111111111011010100
111111111111111111111111111111010001001
111111111111111111111111111111000111110
111111111111111111111111111110111110011
111111111111111111111111111110110101000
111111111111111111111111111110101011101
111111111111111111111111111110100010010
111111111111111111111111111110011000111
111111111111111111111111111110001111100
111111111111111111111111111110000110001
111111111111111111111111111101111100110
111111111111111111111111111101110011011
111111111111111111111111111101101010000
111111111111111111111111111101100000101
111111111111111111111111111101010111010
111111111111111111111111111101001101111
111111111111111111111111111101000100100
111111111111111111111111111100111011001
111111111111111111111111111100110001110
111111111111111111111111111100101000011
111111111111111111111111111100011111000
111111111111111111111111111100010101101
111111111111111111111111111100001100010
111111111111111111111111111100000010111
111111111111111111111111111011111001100
111111111111111111111111111011110000001
111111111111111111111111111011100110110
111111111111111111111111111011011101011
111111111111111111111111111011010100000
111111111111111111111111111011001010101
111111111111111111111111111011000001010
111111111111111111111111111010110111111
111111111111111111111111111010101110100
111111111111111111111111111010100101001
111111111111111111111111111010011011110
111111111111111111111111111010010010011
111111111111111111111111111010001001000
111111111111111111111111111001111111101
111111111111111111111111111001110110010
111111111111111111111111111001101100111
111111111111111111111111111001100011100
111111111111111111111111111001011010001
111111111111111111111111111001010000110
111111111111111111111111111001000111011
111111111111111111111111111000111110000
111111111111111111111111111000110100101
111111111111111111111111111000101011010
111111111111111111111111111000100001111
111111111111111111111111111000011000100
111111111111111111111111111000001111001
111111111111111111111111111000000101110
111111111111111111111111110111111100011
111111111111111111111111110111110011000
111111111111111111111111110111101001101
111111111111111111111111110111100000010
111111111111111111111111110111010110111
111111111111111111111111110111001101100
111111111111111111111111110111000100001
111111111111111111111111110110111010110
111111111111111111111111110110110001011
111111111111111111111111110110101000000
111111111111111111111111110110011110101
111111111111111111111111110110010101010
111111111111111111111111110110001011111
111111111111111111111111110110000010100
111111111111111111111111110101111001001
111111111111111111111111110101101111110
111111111111111111111111110101100110011
111111111111111111111111110101011101000
111111111111111111111111110101010011101
111111111111111111111111110101001010010
111111111111111111111111110101000000111
111111111111111111111111110100110111100
111111111111111111111111110100101110001
111111111111111111111111110100100100110
111111111111111111111111110100011011011
111111111111111111111111110100010010000
111111111111111111111111110100001000101
111111111111111111111111110011111111010
111111111111111111111111110011110101111
111111111111111111111111110011101100100
111111111111111111111111110011100011001
111111111111111111111111110011011001110
111111111111111111111111110011010000011
111111111111111111111111110011000111000
111111111111111111111111110010111101101
111111111111111111111111110010110100010
111111111111111111111111110010101010111
111111111111111111111111110010100001100
111111111111111111111111110010011000001
111111111111111111111111110010001110110
111111111111111111111111110010000101011
111111111111111111111111110001111100000
111111111111111111111111110001110010101
111111111111111111111111110001101001010
111111111111111111111111110001011111111
111111111111111111111111110001010110100
111111111111111111111111110001001101001
111111111111111111111111110001000011110
111111111111111111111111110000111010011
111111111111111111111111110000110001000
111111111111111111111111110000100111101
111111111111111111111111110000011110010
111111111111111111111111110000010100111
111111111111111111111111110000001011100
111111111111111111111111110000000010001
111111111111111111111111101111111000110
111111111111111111111111101111101111011
111111111111111111111111101111100110000
111111111111111111111111101111011100101
111111111111111111111111101111010011010
111111111111111111111111101111001001111
111111111111111111111111101111000000100
111111111111111111111111101110110111001
111111111111111111111111101110101101110
111111111111111111111111101110100100011
111111111111111111111111101110011011000
111111111111111111111111101110010001101
111111111111111111111111101110001000010
111111111111111111111111101101111110111
111111111111111111111111101101110101100
111111111111111111111111101101101100001
111111111111111111111111101101100010110
111111111111111111111111101101011001011
111111111111111111111111101101010000000
111111111111111111111111101101000110101
111111111111111111111111101100111101010
111111111111111111111111101100110011111
111111111111111111111111101100101010100
111111111111111111111111101100100001001
111111111111111111111111101100010111110
111111111111111111111111101100001110011
111111111111111111111111101100000101000
111111111111111111111111101011111011101
111111111111111111111111101011110010010
111111111111111111111111101011101000111
111111111111111111111111101011011111100
111111111111111111111111101011010110001
111111111111111111111111101011001100110
111111111111111111111111101011000011011
111111111111111111111111101010111010000
111111111111111111111111101010110000101
111111111111111111111111101010100111010
111111111111111111111111101010011101111
111111111111111111111111101010010100100
111111111111111111111111101010001011001
111111111111111111111111101010000001110
111111111111111111111111101001111000011
111111111111111111111111101001101111000
111111111111111111111111101001100101101
111111111111111111111111101001011100010
111111111111111111111111101001010010111
111111111111111111111111101001001001100
111111111111111111111111101001000000001
111111111111111111111111101000110110110
111111111111111111111111101000101101011
111111111111111111111111101000100100000
111111111111111111111111101000011010101
111111111111111111111111101000010001010
111111111111111111111111101000000111111
111111111111111111111111100111111110100
111111111111111111111111100111110101001
111111111111111111111111100111101011110
111111111111111111111111100111100010011
111111111111111111111111100111011001000
111111111111111111111111100111001111101
111111111111111111111111100111000110010
111111111111111111111111100110111100111
111111111111111111111111100110110011100
111111111111111111111111100110101010001
111111111111111111111111100110100000110
111111111111111111111111100110010111011
111111111111111111111111100110001110000
111111111111111111111111100110000100101
111111111111111111111111100101111011010
111111111111111111111111100101110001111
111111111111111111111111100101101000100
111111111111111111111111100101011111001
111111111111111111111111100101010101110
111111111111111111111111100101001100011
111111111111111111111111100101000011000
111111111111111111111111100100111001101
111111111111111111111111100100110000010
111111111111111111111111100100100110111
111111111111111111111111100100011101100
111111111111111111111111100100010100001
111111111111111111111111100100001010110
111111111111111111111111100100000001011
111111111111111111111111100011111000000
111111111111111111111111100011101110101
111111111111111111111111100011100101010
111111111111111111111111100011011011111
111111111111111111111111100011010010100
111111111111111111111111100011001001001
111111111111111111111111100010111111110
111111111111111111111111100010110110011
111111111111111111111111100010101101000
111111111111111111111111100010100011101
111111111111111111111111100010011010010
111111111111111111111111100010010000111
111111111111111111111111100010000111100
111111111111111111111111100001111110001
111111111111111111111111100001110100110
111111111111111111111111100001101011011
111111111111111111111111100001100010000
111111111111111111111111100001011000101
111111111111111111111111100001001111010
111111111111111111111111100001000101111
111111111111111111111111100000111100100
111111111111111111111111100000110011001
111111111111111111111111100000101001110
111111111111111111111111100000100000011
111111111111111111111111100000010111000
111111111111111111111111100000001101101
111111111111111111111111100000000100010
111111111111111111111111011111111010111
111111111111111111111111011111110001100
111111111111111111111111011111101000001
111111111111111111111111011111011110110
111111111111111111111111011111010101011
111111111111111111111111011111001100000
111111111111111111111111011111000010101
111111111111111111111111011110111001010
111111111111111111111111011110101111111
111111111111111111111111011110100110100
111111111111111111111111011110011101001
111111111111111111111111011110010011110
111111111111111111111111011110001010011
111111111111111111111111011110000001000
111111111111111111111111011101110111101
111111111111111111111111011101101110010
111111111111111111111111011101100100111
111111111111111111111111011101011011100
111111111111111111111111011101010010001
111111111111111111111111011101001000110
111111111111111111111111011100111111011
111111111111111111111111011100110110000
111111111111111111111111011100101100101
111111111111111111111111011100100011010
111111111111111111111111011100011001111
111111111111111111111111011100010000100
111111111111111111111111011100000111001
111111111111111111111111011011111101110
111111111111111111111111011011110100011
111111111111111111111111011011101011000
111111111111111111111111011011100001101
111111111111111111111111011011011000010
111111111111111111111111011011001110111
111111111111111111111111011011000101100
111111111111111111111111011010111100001
111111111111111111111111011010110010110
111111111111111111111111011010101001011
