000000000000000000000000000000000000000
000000000000000000000000000000000110100
000000000000000000000000000000001101000
000000000000000000000000000000010011100
000000000000000000000000000000011010000
000000000000000000000000000000100000100
000000000000000000000000000000100111000
000000000000000000000000000000101101100
000000000000000000000000000000110100000
000000000000000000000000000000111010100
000000000000000000000000000001000001000
000000000000000000000000000001000111100
000000000000000000000000000001001110000
000000000000000000000000000001010100100
000000000000000000000000000001011011000
000000000000000000000000000001100001100
000000000000000000000000000001101000000
000000000000000000000000000001101110100
000000000000000000000000000001110101000
000000000000000000000000000001111011100
000000000000000000000000000010000010000
000000000000000000000000000010001000100
000000000000000000000000000010001111000
000000000000000000000000000010010101100
000000000000000000000000000010011100000
000000000000000000000000000010100010100
000000000000000000000000000010101001000
000000000000000000000000000010101111100
000000000000000000000000000010110110000
000000000000000000000000000010111100100
000000000000000000000000000011000011000
000000000000000000000000000011001001100
000000000000000000000000000011010000000
000000000000000000000000000011010110100
000000000000000000000000000011011101000
000000000000000000000000000011100011100
000000000000000000000000000011101010000
000000000000000000000000000011110000100
000000000000000000000000000011110111000
000000000000000000000000000011111101100
000000000000000000000000000100000100000
000000000000000000000000000100001010100
000000000000000000000000000100010001000
000000000000000000000000000100010111100
000000000000000000000000000100011110000
000000000000000000000000000100100100100
000000000000000000000000000100101011000
000000000000000000000000000100110001100
000000000000000000000000000100111000000
000000000000000000000000000100111110100
000000000000000000000000000101000101000
000000000000000000000000000101001011100
000000000000000000000000000101010010000
000000000000000000000000000101011000100
000000000000000000000000000101011111000
000000000000000000000000000101100101100
000000000000000000000000000101101100000
000000000000000000000000000101110010100
000000000000000000000000000101111001000
000000000000000000000000000101111111100
000000000000000000000000000110000110000
000000000000000000000000000110001100100
000000000000000000000000000110010011000
000000000000000000000000000110011001100
000000000000000000000000000110100000000
000000000000000000000000000110100110100
000000000000000000000000000110101101000
000000000000000000000000000110110011100
000000000000000000000000000110111010000
000000000000000000000000000111000000100
000000000000000000000000000111000111000
000000000000000000000000000111001101100
000000000000000000000000000111010100000
000000000000000000000000000111011010100
000000000000000000000000000111100001000
000000000000000000000000000111100111100
000000000000000000000000000111101110000
000000000000000000000000000111110100100
000000000000000000000000000111111011000
000000000000000000000000001000000001100
000000000000000000000000001000001000000
000000000000000000000000001000001110100
000000000000000000000000001000010101000
000000000000000000000000001000011011100
000000000000000000000000001000100010000
000000000000000000000000001000101000100
000000000000000000000000001000101111000
000000000000000000000000001000110101100
000000000000000000000000001000111100000
000000000000000000000000001001000010100
000000000000000000000000001001001001000
000000000000000000000000001001001111100
000000000000000000000000001001010110000
000000000000000000000000001001011100100
000000000000000000000000001001100011000
000000000000000000000000001001101001100
000000000000000000000000001001110000000
000000000000000000000000001001110110100
000000000000000000000000001001111101000
000000000000000000000000001010000011100
000000000000000000000000001010001010000
000000000000000000000000001010010000100
000000000000000000000000001010010111000
000000000000000000000000001010011101100
000000000000000000000000001010100100000
000000000000000000000000001010101010100
000000000000000000000000001010110001000
000000000000000000000000001010110111100
000000000000000000000000001010111110000
000000000000000000000000001011000100100
000000000000000000000000001011001011000
000000000000000000000000001011010001100
000000000000000000000000001011011000000
000000000000000000000000001011011110100
000000000000000000000000001011100101000
000000000000000000000000001011101011100
000000000000000000000000001011110010000
000000000000000000000000001011111000100
000000000000000000000000001011111111000
000000000000000000000000001100000101100
000000000000000000000000001100001100000
000000000000000000000000001100010010100
000000000000000000000000001100011001000
000000000000000000000000001100011111100
000000000000000000000000001100100110000
000000000000000000000000001100101100100
000000000000000000000000001100110011000
000000000000000000000000001100111001100
000000000000000000000000001101000000000
000000000000000000000000001101000110100
000000000000000000000000001101001101000
000000000000000000000000001101010011100
000000000000000000000000001101011010000
000000000000000000000000001101100000100
000000000000000000000000001101100111000
000000000000000000000000001101101101100
000000000000000000000000001101110100000
000000000000000000000000001101111010100
000000000000000000000000001110000001000
000000000000000000000000001110000111100
000000000000000000000000001110001110000
000000000000000000000000001110010100100
000000000000000000000000001110011011000
000000000000000000000000001110100001100
000000000000000000000000001110101000000
000000000000000000000000001110101110100
000000000000000000000000001110110101000
000000000000000000000000001110111011100
000000000000000000000000001111000010000
000000000000000000000000001111001000100
000000000000000000000000001111001111000
000000000000000000000000001111010101100
000000000000000000000000001111011100000
000000000000000000000000001111100010100
000000000000000000000000001111101001000
000000000000000000000000001111101111100
000000000000000000000000001111110110000
000000000000000000000000001111111100100
000000000000000000000000010000000011000
000000000000000000000000010000001001100
000000000000000000000000010000010000000
000000000000000000000000010000010110100
000000000000000000000000010000011101000
000000000000000000000000010000100011100
000000000000000000000000010000101010000
000000000000000000000000010000110000100
000000000000000000000000010000110111000
000000000000000000000000010000111101100
000000000000000000000000010001000100000
000000000000000000000000010001001010100
000000000000000000000000010001010001000
000000000000000000000000010001010111100
000000000000000000000000010001011110000
000000000000000000000000010001100100100
000000000000000000000000010001101011000
000000000000000000000000010001110001100
000000000000000000000000010001111000000
000000000000000000000000010001111110100
000000000000000000000000010010000101000
000000000000000000000000010010001011100
000000000000000000000000010010010010000
000000000000000000000000010010011000100
000000000000000000000000010010011111000
000000000000000000000000010010100101100
000000000000000000000000010010101100000
000000000000000000000000010010110010100
000000000000000000000000010010111001000
000000000000000000000000010010111111100
000000000000000000000000010011000110000
000000000000000000000000010011001100100
000000000000000000000000010011010011000
000000000000000000000000010011011001100
000000000000000000000000010011100000000
000000000000000000000000010011100110100
000000000000000000000000010011101101000
000000000000000000000000010011110011100
000000000000000000000000010011111010000
000000000000000000000000010100000000100
000000000000000000000000010100000111000
000000000000000000000000010100001101100
000000000000000000000000010100010100000
000000000000000000000000010100011010100
000000000000000000000000010100100001000
000000000000000000000000010100100111100
000000000000000000000000010100101110000
000000000000000000000000010100110100100
000000000000000000000000010100111011000
000000000000000000000000010101000001100
000000000000000000000000010101001000000
000000000000000000000000010101001110100
000000000000000000000000010101010101000
000000000000000000000000010101011011100
000000000000000000000000010101100010000
000000000000000000000000010101101000100
000000000000000000000000010101101111000
000000000000000000000000010101110101100
000000000000000000000000010101111100000
000000000000000000000000010110000010100
000000000000000000000000010110001001000
000000000000000000000000010110001111100
000000000000000000000000010110010110000
000000000000000000000000010110011100100
000000000000000000000000010110100011000
000000000000000000000000010110101001100
000000000000000000000000010110110000000
000000000000000000000000010110110110100
000000000000000000000000010110111101000
000000000000000000000000010111000011100
000000000000000000000000010111001010000
000000000000000000000000010111010000100
000000000000000000000000010111010111000
000000000000000000000000010111011101100
000000000000000000000000010111100100000
000000000000000000000000010111101010100
000000000000000000000000010111110001000
000000000000000000000000010111110111100
000000000000000000000000010111111110000
000000000000000000000000011000000100100
000000000000000000000000011000001011000
000000000000000000000000011000010001100
000000000000000000000000011000011000000
000000000000000000000000011000011110100
000000000000000000000000011000100101000
000000000000000000000000011000101011100
000000000000000000000000011000110010000
000000000000000000000000011000111000100
000000000000000000000000011000111111000
000000000000000000000000011001000101100
000000000000000000000000011001001100000
000000000000000000000000011001010010100
000000000000000000000000011001011001000
000000000000000000000000011001011111100
000000000000000000000000011001100110000
000000000000000000000000011001101100100
000000000000000000000000011001110011000
000000000000000000000000011001111001100
