000000000000000000000000000000000000000
000000000000000000000000000000000011011
000000000000000000000000000000000110110
000000000000000000000000000000001010001
000000000000000000000000000000001101100
000000000000000000000000000000010000111
000000000000000000000000000000010100010
000000000000000000000000000000010111101
000000000000000000000000000000011011000
000000000000000000000000000000011110011
000000000000000000000000000000100001110
000000000000000000000000000000100101001
000000000000000000000000000000101000100
000000000000000000000000000000101011111
000000000000000000000000000000101111010
000000000000000000000000000000110010101
000000000000000000000000000000110110000
000000000000000000000000000000111001011
000000000000000000000000000000111100110
000000000000000000000000000001000000001
000000000000000000000000000001000011100
000000000000000000000000000001000110111
000000000000000000000000000001001010010
000000000000000000000000000001001101101
000000000000000000000000000001010001000
000000000000000000000000000001010100011
000000000000000000000000000001010111110
000000000000000000000000000001011011001
000000000000000000000000000001011110100
000000000000000000000000000001100001111
000000000000000000000000000001100101010
000000000000000000000000000001101000101
000000000000000000000000000001101100000
000000000000000000000000000001101111011
000000000000000000000000000001110010110
000000000000000000000000000001110110001
000000000000000000000000000001111001100
000000000000000000000000000001111100111
000000000000000000000000000010000000010
000000000000000000000000000010000011101
000000000000000000000000000010000111000
000000000000000000000000000010001010011
000000000000000000000000000010001101110
000000000000000000000000000010010001001
000000000000000000000000000010010100100
000000000000000000000000000010010111111
000000000000000000000000000010011011010
000000000000000000000000000010011110101
000000000000000000000000000010100010000
000000000000000000000000000010100101011
000000000000000000000000000010101000110
000000000000000000000000000010101100001
000000000000000000000000000010101111100
000000000000000000000000000010110010111
000000000000000000000000000010110110010
000000000000000000000000000010111001101
000000000000000000000000000010111101000
000000000000000000000000000011000000011
000000000000000000000000000011000011110
000000000000000000000000000011000111001
000000000000000000000000000011001010100
000000000000000000000000000011001101111
000000000000000000000000000011010001010
000000000000000000000000000011010100101
000000000000000000000000000011011000000
000000000000000000000000000011011011011
000000000000000000000000000011011110110
000000000000000000000000000011100010001
000000000000000000000000000011100101100
000000000000000000000000000011101000111
000000000000000000000000000011101100010
000000000000000000000000000011101111101
000000000000000000000000000011110011000
000000000000000000000000000011110110011
000000000000000000000000000011111001110
000000000000000000000000000011111101001
000000000000000000000000000100000000100
000000000000000000000000000100000011111
000000000000000000000000000100000111010
000000000000000000000000000100001010101
000000000000000000000000000100001110000
000000000000000000000000000100010001011
000000000000000000000000000100010100110
000000000000000000000000000100011000001
000000000000000000000000000100011011100
000000000000000000000000000100011110111
000000000000000000000000000100100010010
000000000000000000000000000100100101101
000000000000000000000000000100101001000
000000000000000000000000000100101100011
000000000000000000000000000100101111110
000000000000000000000000000100110011001
000000000000000000000000000100110110100
000000000000000000000000000100111001111
000000000000000000000000000100111101010
000000000000000000000000000101000000101
000000000000000000000000000101000100000
000000000000000000000000000101000111011
000000000000000000000000000101001010110
000000000000000000000000000101001110001
000000000000000000000000000101010001100
000000000000000000000000000101010100111
000000000000000000000000000101011000010
000000000000000000000000000101011011101
000000000000000000000000000101011111000
000000000000000000000000000101100010011
000000000000000000000000000101100101110
000000000000000000000000000101101001001
000000000000000000000000000101101100100
000000000000000000000000000101101111111
000000000000000000000000000101110011010
000000000000000000000000000101110110101
000000000000000000000000000101111010000
000000000000000000000000000101111101011
000000000000000000000000000110000000110
000000000000000000000000000110000100001
000000000000000000000000000110000111100
000000000000000000000000000110001010111
000000000000000000000000000110001110010
000000000000000000000000000110010001101
000000000000000000000000000110010101000
000000000000000000000000000110011000011
000000000000000000000000000110011011110
000000000000000000000000000110011111001
000000000000000000000000000110100010100
000000000000000000000000000110100101111
000000000000000000000000000110101001010
000000000000000000000000000110101100101
000000000000000000000000000110110000000
000000000000000000000000000110110011011
000000000000000000000000000110110110110
000000000000000000000000000110111010001
000000000000000000000000000110111101100
000000000000000000000000000111000000111
000000000000000000000000000111000100010
000000000000000000000000000111000111101
000000000000000000000000000111001011000
000000000000000000000000000111001110011
000000000000000000000000000111010001110
000000000000000000000000000111010101001
000000000000000000000000000111011000100
000000000000000000000000000111011011111
000000000000000000000000000111011111010
000000000000000000000000000111100010101
000000000000000000000000000111100110000
000000000000000000000000000111101001011
000000000000000000000000000111101100110
000000000000000000000000000111110000001
000000000000000000000000000111110011100
000000000000000000000000000111110110111
000000000000000000000000000111111010010
000000000000000000000000000111111101101
000000000000000000000000001000000001000
000000000000000000000000001000000100011
000000000000000000000000001000000111110
000000000000000000000000001000001011001
000000000000000000000000001000001110100
000000000000000000000000001000010001111
000000000000000000000000001000010101010
000000000000000000000000001000011000101
000000000000000000000000001000011100000
000000000000000000000000001000011111011
000000000000000000000000001000100010110
000000000000000000000000001000100110001
000000000000000000000000001000101001100
000000000000000000000000001000101100111
000000000000000000000000001000110000010
000000000000000000000000001000110011101
000000000000000000000000001000110111000
000000000000000000000000001000111010011
000000000000000000000000001000111101110
000000000000000000000000001001000001001
000000000000000000000000001001000100100
000000000000000000000000001001000111111
000000000000000000000000001001001011010
000000000000000000000000001001001110101
000000000000000000000000001001010010000
000000000000000000000000001001010101011
000000000000000000000000001001011000110
000000000000000000000000001001011100001
000000000000000000000000001001011111100
000000000000000000000000001001100010111
000000000000000000000000001001100110010
000000000000000000000000001001101001101
000000000000000000000000001001101101000
000000000000000000000000001001110000011
000000000000000000000000001001110011110
000000000000000000000000001001110111001
000000000000000000000000001001111010100
000000000000000000000000001001111101111
000000000000000000000000001010000001010
000000000000000000000000001010000100101
000000000000000000000000001010001000000
000000000000000000000000001010001011011
000000000000000000000000001010001110110
000000000000000000000000001010010010001
000000000000000000000000001010010101100
000000000000000000000000001010011000111
000000000000000000000000001010011100010
000000000000000000000000001010011111101
000000000000000000000000001010100011000
000000000000000000000000001010100110011
000000000000000000000000001010101001110
000000000000000000000000001010101101001
000000000000000000000000001010110000100
000000000000000000000000001010110011111
000000000000000000000000001010110111010
000000000000000000000000001010111010101
000000000000000000000000001010111110000
000000000000000000000000001011000001011
000000000000000000000000001011000100110
000000000000000000000000001011001000001
000000000000000000000000001011001011100
000000000000000000000000001011001110111
000000000000000000000000001011010010010
000000000000000000000000001011010101101
000000000000000000000000001011011001000
000000000000000000000000001011011100011
000000000000000000000000001011011111110
000000000000000000000000001011100011001
000000000000000000000000001011100110100
000000000000000000000000001011101001111
000000000000000000000000001011101101010
000000000000000000000000001011110000101
000000000000000000000000001011110100000
000000000000000000000000001011110111011
000000000000000000000000001011111010110
000000000000000000000000001011111110001
000000000000000000000000001100000001100
000000000000000000000000001100000100111
000000000000000000000000001100001000010
000000000000000000000000001100001011101
000000000000000000000000001100001111000
000000000000000000000000001100010010011
000000000000000000000000001100010101110
000000000000000000000000001100011001001
000000000000000000000000001100011100100
000000000000000000000000001100011111111
000000000000000000000000001100100011010
000000000000000000000000001100100110101
000000000000000000000000001100101010000
000000000000000000000000001100101101011
000000000000000000000000001100110000110
000000000000000000000000001100110100001
000000000000000000000000001100110111100
000000000000000000000000001100111010111
000000000000000000000000001100111110010
000000000000000000000000001101000001101
000000000000000000000000001101000101000
000000000000000000000000001101001000011
000000000000000000000000001101001011110
000000000000000000000000001101001111001
000000000000000000000000001101010010100
000000000000000000000000001101010101111
000000000000000000000000001101011001010
000000000000000000000000001101011100101
