000000000000000000000000000000000000000
111111111111111111111111111111110001111
111111111111111111111111111111100011110
111111111111111111111111111111010101101
111111111111111111111111111111000111100
111111111111111111111111111110111001011
111111111111111111111111111110101011010
111111111111111111111111111110011101001
111111111111111111111111111110001111000
111111111111111111111111111110000000111
111111111111111111111111111101110010110
111111111111111111111111111101100100101
111111111111111111111111111101010110100
111111111111111111111111111101001000011
111111111111111111111111111100111010010
111111111111111111111111111100101100001
111111111111111111111111111100011110000
111111111111111111111111111100001111111
111111111111111111111111111100000001110
111111111111111111111111111011110011101
111111111111111111111111111011100101100
111111111111111111111111111011010111011
111111111111111111111111111011001001010
111111111111111111111111111010111011001
111111111111111111111111111010101101000
111111111111111111111111111010011110111
111111111111111111111111111010010000110
111111111111111111111111111010000010101
111111111111111111111111111001110100100
111111111111111111111111111001100110011
111111111111111111111111111001011000010
111111111111111111111111111001001010001
111111111111111111111111111000111100000
111111111111111111111111111000101101111
111111111111111111111111111000011111110
111111111111111111111111111000010001101
111111111111111111111111111000000011100
111111111111111111111111110111110101011
111111111111111111111111110111100111010
111111111111111111111111110111011001001
111111111111111111111111110111001011000
111111111111111111111111110110111100111
111111111111111111111111110110101110110
111111111111111111111111110110100000101
111111111111111111111111110110010010100
111111111111111111111111110110000100011
111111111111111111111111110101110110010
111111111111111111111111110101101000001
111111111111111111111111110101011010000
111111111111111111111111110101001011111
111111111111111111111111110100111101110
111111111111111111111111110100101111101
111111111111111111111111110100100001100
111111111111111111111111110100010011011
111111111111111111111111110100000101010
111111111111111111111111110011110111001
111111111111111111111111110011101001000
111111111111111111111111110011011010111
111111111111111111111111110011001100110
111111111111111111111111110010111110101
111111111111111111111111110010110000100
111111111111111111111111110010100010011
111111111111111111111111110010010100010
111111111111111111111111110010000110001
111111111111111111111111110001111000000
111111111111111111111111110001101001111
111111111111111111111111110001011011110
111111111111111111111111110001001101101
111111111111111111111111110000111111100
111111111111111111111111110000110001011
111111111111111111111111110000100011010
111111111111111111111111110000010101001
111111111111111111111111110000000111000
111111111111111111111111101111111000111
111111111111111111111111101111101010110
111111111111111111111111101111011100101
111111111111111111111111101111001110100
111111111111111111111111101111000000011
111111111111111111111111101110110010010
111111111111111111111111101110100100001
111111111111111111111111101110010110000
111111111111111111111111101110000111111
111111111111111111111111101101111001110
111111111111111111111111101101101011101
111111111111111111111111101101011101100
111111111111111111111111101101001111011
111111111111111111111111101101000001010
111111111111111111111111101100110011001
111111111111111111111111101100100101000
111111111111111111111111101100010110111
111111111111111111111111101100001000110
111111111111111111111111101011111010101
111111111111111111111111101011101100100
111111111111111111111111101011011110011
111111111111111111111111101011010000010
111111111111111111111111101011000010001
111111111111111111111111101010110100000
111111111111111111111111101010100101111
111111111111111111111111101010010111110
111111111111111111111111101010001001101
111111111111111111111111101001111011100
111111111111111111111111101001101101011
111111111111111111111111101001011111010
111111111111111111111111101001010001001
111111111111111111111111101001000011000
111111111111111111111111101000110100111
111111111111111111111111101000100110110
111111111111111111111111101000011000101
111111111111111111111111101000001010100
111111111111111111111111100111111100011
111111111111111111111111100111101110010
111111111111111111111111100111100000001
111111111111111111111111100111010010000
111111111111111111111111100111000011111
111111111111111111111111100110110101110
111111111111111111111111100110100111101
111111111111111111111111100110011001100
111111111111111111111111100110001011011
111111111111111111111111100101111101010
111111111111111111111111100101101111001
111111111111111111111111100101100001000
111111111111111111111111100101010010111
111111111111111111111111100101000100110
111111111111111111111111100100110110101
111111111111111111111111100100101000100
111111111111111111111111100100011010011
111111111111111111111111100100001100010
111111111111111111111111100011111110001
111111111111111111111111100011110000000
111111111111111111111111100011100001111
111111111111111111111111100011010011110
111111111111111111111111100011000101101
111111111111111111111111100010110111100
111111111111111111111111100010101001011
111111111111111111111111100010011011010
111111111111111111111111100010001101001
111111111111111111111111100001111111000
111111111111111111111111100001110000111
111111111111111111111111100001100010110
111111111111111111111111100001010100101
111111111111111111111111100001000110100
111111111111111111111111100000111000011
111111111111111111111111100000101010010
111111111111111111111111100000011100001
111111111111111111111111100000001110000
111111111111111111111111011111111111111
111111111111111111111111011111110001110
111111111111111111111111011111100011101
111111111111111111111111011111010101100
111111111111111111111111011111000111011
111111111111111111111111011110111001010
111111111111111111111111011110101011001
111111111111111111111111011110011101000
111111111111111111111111011110001110111
111111111111111111111111011110000000110
111111111111111111111111011101110010101
111111111111111111111111011101100100100
111111111111111111111111011101010110011
111111111111111111111111011101001000010
111111111111111111111111011100111010001
111111111111111111111111011100101100000
111111111111111111111111011100011101111
111111111111111111111111011100001111110
111111111111111111111111011100000001101
111111111111111111111111011011110011100
111111111111111111111111011011100101011
111111111111111111111111011011010111010
111111111111111111111111011011001001001
111111111111111111111111011010111011000
111111111111111111111111011010101100111
111111111111111111111111011010011110110
111111111111111111111111011010010000101
111111111111111111111111011010000010100
111111111111111111111111011001110100011
111111111111111111111111011001100110010
111111111111111111111111011001011000001
111111111111111111111111011001001010000
111111111111111111111111011000111011111
111111111111111111111111011000101101110
111111111111111111111111011000011111101
111111111111111111111111011000010001100
111111111111111111111111011000000011011
111111111111111111111111010111110101010
111111111111111111111111010111100111001
111111111111111111111111010111011001000
111111111111111111111111010111001010111
111111111111111111111111010110111100110
111111111111111111111111010110101110101
111111111111111111111111010110100000100
111111111111111111111111010110010010011
111111111111111111111111010110000100010
111111111111111111111111010101110110001
111111111111111111111111010101101000000
111111111111111111111111010101011001111
111111111111111111111111010101001011110
111111111111111111111111010100111101101
111111111111111111111111010100101111100
111111111111111111111111010100100001011
111111111111111111111111010100010011010
111111111111111111111111010100000101001
111111111111111111111111010011110111000
111111111111111111111111010011101000111
111111111111111111111111010011011010110
111111111111111111111111010011001100101
111111111111111111111111010010111110100
111111111111111111111111010010110000011
111111111111111111111111010010100010010
111111111111111111111111010010010100001
111111111111111111111111010010000110000
111111111111111111111111010001110111111
111111111111111111111111010001101001110
111111111111111111111111010001011011101
111111111111111111111111010001001101100
111111111111111111111111010000111111011
111111111111111111111111010000110001010
111111111111111111111111010000100011001
111111111111111111111111010000010101000
111111111111111111111111010000000110111
111111111111111111111111001111111000110
111111111111111111111111001111101010101
111111111111111111111111001111011100100
111111111111111111111111001111001110011
111111111111111111111111001111000000010
111111111111111111111111001110110010001
111111111111111111111111001110100100000
111111111111111111111111001110010101111
111111111111111111111111001110000111110
111111111111111111111111001101111001101
111111111111111111111111001101101011100
111111111111111111111111001101011101011
111111111111111111111111001101001111010
111111111111111111111111001101000001001
111111111111111111111111001100110011000
111111111111111111111111001100100100111
111111111111111111111111001100010110110
111111111111111111111111001100001000101
111111111111111111111111001011111010100
111111111111111111111111001011101100011
111111111111111111111111001011011110010
111111111111111111111111001011010000001
111111111111111111111111001011000010000
111111111111111111111111001010110011111
111111111111111111111111001010100101110
111111111111111111111111001010010111101
111111111111111111111111001010001001100
111111111111111111111111001001111011011
111111111111111111111111001001101101010
111111111111111111111111001001011111001
111111111111111111111111001001010001000
111111111111111111111111001001000010111
111111111111111111111111001000110100110
111111111111111111111111001000100110101
111111111111111111111111001000011000100
111111111111111111111111001000001010011
111111111111111111111111000111111100010
111111111111111111111111000111101110001
