000000000000000000000000000000000000000
000000000000000000000000000000011010001
000000000000000000000000000000110100010
000000000000000000000000000001001110011
000000000000000000000000000001101000100
000000000000000000000000000010000010101
000000000000000000000000000010011100110
000000000000000000000000000010110110111
000000000000000000000000000011010001000
000000000000000000000000000011101011001
000000000000000000000000000100000101010
000000000000000000000000000100011111011
000000000000000000000000000100111001100
000000000000000000000000000101010011101
000000000000000000000000000101101101110
000000000000000000000000000110000111111
000000000000000000000000000110100010000
000000000000000000000000000110111100001
000000000000000000000000000111010110010
000000000000000000000000000111110000011
000000000000000000000000001000001010100
000000000000000000000000001000100100101
000000000000000000000000001000111110110
000000000000000000000000001001011000111
000000000000000000000000001001110011000
000000000000000000000000001010001101001
000000000000000000000000001010100111010
000000000000000000000000001011000001011
000000000000000000000000001011011011100
000000000000000000000000001011110101101
000000000000000000000000001100001111110
000000000000000000000000001100101001111
000000000000000000000000001101000100000
000000000000000000000000001101011110001
000000000000000000000000001101111000010
000000000000000000000000001110010010011
000000000000000000000000001110101100100
000000000000000000000000001111000110101
000000000000000000000000001111100000110
000000000000000000000000001111111010111
000000000000000000000000010000010101000
000000000000000000000000010000101111001
000000000000000000000000010001001001010
000000000000000000000000010001100011011
000000000000000000000000010001111101100
000000000000000000000000010010010111101
000000000000000000000000010010110001110
000000000000000000000000010011001011111
000000000000000000000000010011100110000
000000000000000000000000010100000000001
000000000000000000000000010100011010010
000000000000000000000000010100110100011
000000000000000000000000010101001110100
000000000000000000000000010101101000101
000000000000000000000000010110000010110
000000000000000000000000010110011100111
000000000000000000000000010110110111000
000000000000000000000000010111010001001
000000000000000000000000010111101011010
000000000000000000000000011000000101011
000000000000000000000000011000011111100
000000000000000000000000011000111001101
000000000000000000000000011001010011110
000000000000000000000000011001101101111
000000000000000000000000011010001000000
000000000000000000000000011010100010001
000000000000000000000000011010111100010
000000000000000000000000011011010110011
000000000000000000000000011011110000100
000000000000000000000000011100001010101
000000000000000000000000011100100100110
000000000000000000000000011100111110111
000000000000000000000000011101011001000
000000000000000000000000011101110011001
000000000000000000000000011110001101010
000000000000000000000000011110100111011
000000000000000000000000011111000001100
000000000000000000000000011111011011101
000000000000000000000000011111110101110
000000000000000000000000100000001111111
000000000000000000000000100000101010000
000000000000000000000000100001000100001
000000000000000000000000100001011110010
000000000000000000000000100001111000011
000000000000000000000000100010010010100
000000000000000000000000100010101100101
000000000000000000000000100011000110110
000000000000000000000000100011100000111
000000000000000000000000100011111011000
000000000000000000000000100100010101001
000000000000000000000000100100101111010
000000000000000000000000100101001001011
000000000000000000000000100101100011100
000000000000000000000000100101111101101
000000000000000000000000100110010111110
000000000000000000000000100110110001111
000000000000000000000000100111001100000
000000000000000000000000100111100110001
000000000000000000000000101000000000010
000000000000000000000000101000011010011
000000000000000000000000101000110100100
000000000000000000000000101001001110101
000000000000000000000000101001101000110
000000000000000000000000101010000010111
000000000000000000000000101010011101000
000000000000000000000000101010110111001
000000000000000000000000101011010001010
000000000000000000000000101011101011011
000000000000000000000000101100000101100
000000000000000000000000101100011111101
000000000000000000000000101100111001110
000000000000000000000000101101010011111
000000000000000000000000101101101110000
000000000000000000000000101110001000001
000000000000000000000000101110100010010
000000000000000000000000101110111100011
000000000000000000000000101111010110100
000000000000000000000000101111110000101
000000000000000000000000110000001010110
000000000000000000000000110000100100111
000000000000000000000000110000111111000
000000000000000000000000110001011001001
000000000000000000000000110001110011010
000000000000000000000000110010001101011
000000000000000000000000110010100111100
000000000000000000000000110011000001101
000000000000000000000000110011011011110
000000000000000000000000110011110101111
000000000000000000000000110100010000000
000000000000000000000000110100101010001
000000000000000000000000110101000100010
000000000000000000000000110101011110011
000000000000000000000000110101111000100
000000000000000000000000110110010010101
000000000000000000000000110110101100110
000000000000000000000000110111000110111
000000000000000000000000110111100001000
000000000000000000000000110111111011001
000000000000000000000000111000010101010
000000000000000000000000111000101111011
000000000000000000000000111001001001100
000000000000000000000000111001100011101
000000000000000000000000111001111101110
000000000000000000000000111010010111111
000000000000000000000000111010110010000
000000000000000000000000111011001100001
000000000000000000000000111011100110010
000000000000000000000000111100000000011
000000000000000000000000111100011010100
000000000000000000000000111100110100101
000000000000000000000000111101001110110
000000000000000000000000111101101000111
000000000000000000000000111110000011000
000000000000000000000000111110011101001
000000000000000000000000111110110111010
000000000000000000000000111111010001011
000000000000000000000000111111101011100
000000000000000000000001000000000101101
000000000000000000000001000000011111110
000000000000000000000001000000111001111
000000000000000000000001000001010100000
000000000000000000000001000001101110001
000000000000000000000001000010001000010
000000000000000000000001000010100010011
000000000000000000000001000010111100100
000000000000000000000001000011010110101
000000000000000000000001000011110000110
000000000000000000000001000100001010111
000000000000000000000001000100100101000
000000000000000000000001000100111111001
000000000000000000000001000101011001010
000000000000000000000001000101110011011
000000000000000000000001000110001101100
000000000000000000000001000110100111101
000000000000000000000001000111000001110
000000000000000000000001000111011011111
000000000000000000000001000111110110000
000000000000000000000001001000010000001
000000000000000000000001001000101010010
000000000000000000000001001001000100011
000000000000000000000001001001011110100
000000000000000000000001001001111000101
000000000000000000000001001010010010110
000000000000000000000001001010101100111
000000000000000000000001001011000111000
000000000000000000000001001011100001001
000000000000000000000001001011111011010
000000000000000000000001001100010101011
000000000000000000000001001100101111100
000000000000000000000001001101001001101
000000000000000000000001001101100011110
000000000000000000000001001101111101111
000000000000000000000001001110011000000
000000000000000000000001001110110010001
000000000000000000000001001111001100010
000000000000000000000001001111100110011
000000000000000000000001010000000000100
000000000000000000000001010000011010101
000000000000000000000001010000110100110
000000000000000000000001010001001110111
000000000000000000000001010001101001000
000000000000000000000001010010000011001
000000000000000000000001010010011101010
000000000000000000000001010010110111011
000000000000000000000001010011010001100
000000000000000000000001010011101011101
000000000000000000000001010100000101110
000000000000000000000001010100011111111
000000000000000000000001010100111010000
000000000000000000000001010101010100001
000000000000000000000001010101101110010
000000000000000000000001010110001000011
000000000000000000000001010110100010100
000000000000000000000001010110111100101
000000000000000000000001010111010110110
000000000000000000000001010111110000111
000000000000000000000001011000001011000
000000000000000000000001011000100101001
000000000000000000000001011000111111010
000000000000000000000001011001011001011
000000000000000000000001011001110011100
000000000000000000000001011010001101101
000000000000000000000001011010100111110
000000000000000000000001011011000001111
000000000000000000000001011011011100000
000000000000000000000001011011110110001
000000000000000000000001011100010000010
000000000000000000000001011100101010011
000000000000000000000001011101000100100
000000000000000000000001011101011110101
000000000000000000000001011101111000110
000000000000000000000001011110010010111
000000000000000000000001011110101101000
000000000000000000000001011111000111001
000000000000000000000001011111100001010
000000000000000000000001011111111011011
000000000000000000000001100000010101100
000000000000000000000001100000101111101
000000000000000000000001100001001001110
000000000000000000000001100001100011111
000000000000000000000001100001111110000
000000000000000000000001100010011000001
000000000000000000000001100010110010010
000000000000000000000001100011001100011
000000000000000000000001100011100110100
000000000000000000000001100100000000101
000000000000000000000001100100011010110
000000000000000000000001100100110100111
000000000000000000000001100101001111000
000000000000000000000001100101101001001
000000000000000000000001100110000011010
000000000000000000000001100110011101011
000000000000000000000001100110110111100
000000000000000000000001100111010001101
000000000000000000000001100111101011110
000000000000000000000001101000000101111
