000000000000000000000000000000000000000
000000000000000000000000000000010100100
000000000000000000000000000000101001000
000000000000000000000000000000111101100
000000000000000000000000000001010010000
000000000000000000000000000001100110100
000000000000000000000000000001111011000
000000000000000000000000000010001111100
000000000000000000000000000010100100000
000000000000000000000000000010111000100
000000000000000000000000000011001101000
000000000000000000000000000011100001100
000000000000000000000000000011110110000
000000000000000000000000000100001010100
000000000000000000000000000100011111000
000000000000000000000000000100110011100
000000000000000000000000000101001000000
000000000000000000000000000101011100100
000000000000000000000000000101110001000
000000000000000000000000000110000101100
000000000000000000000000000110011010000
000000000000000000000000000110101110100
000000000000000000000000000111000011000
000000000000000000000000000111010111100
000000000000000000000000000111101100000
000000000000000000000000001000000000100
000000000000000000000000001000010101000
000000000000000000000000001000101001100
000000000000000000000000001000111110000
000000000000000000000000001001010010100
000000000000000000000000001001100111000
000000000000000000000000001001111011100
000000000000000000000000001010010000000
000000000000000000000000001010100100100
000000000000000000000000001010111001000
000000000000000000000000001011001101100
000000000000000000000000001011100010000
000000000000000000000000001011110110100
000000000000000000000000001100001011000
000000000000000000000000001100011111100
000000000000000000000000001100110100000
000000000000000000000000001101001000100
000000000000000000000000001101011101000
000000000000000000000000001101110001100
000000000000000000000000001110000110000
000000000000000000000000001110011010100
000000000000000000000000001110101111000
000000000000000000000000001111000011100
000000000000000000000000001111011000000
000000000000000000000000001111101100100
000000000000000000000000010000000001000
000000000000000000000000010000010101100
000000000000000000000000010000101010000
000000000000000000000000010000111110100
000000000000000000000000010001010011000
000000000000000000000000010001100111100
000000000000000000000000010001111100000
000000000000000000000000010010010000100
000000000000000000000000010010100101000
000000000000000000000000010010111001100
000000000000000000000000010011001110000
000000000000000000000000010011100010100
000000000000000000000000010011110111000
000000000000000000000000010100001011100
000000000000000000000000010100100000000
000000000000000000000000010100110100100
000000000000000000000000010101001001000
000000000000000000000000010101011101100
000000000000000000000000010101110010000
000000000000000000000000010110000110100
000000000000000000000000010110011011000
000000000000000000000000010110101111100
000000000000000000000000010111000100000
000000000000000000000000010111011000100
000000000000000000000000010111101101000
000000000000000000000000011000000001100
000000000000000000000000011000010110000
000000000000000000000000011000101010100
000000000000000000000000011000111111000
000000000000000000000000011001010011100
000000000000000000000000011001101000000
000000000000000000000000011001111100100
000000000000000000000000011010010001000
000000000000000000000000011010100101100
000000000000000000000000011010111010000
000000000000000000000000011011001110100
000000000000000000000000011011100011000
000000000000000000000000011011110111100
000000000000000000000000011100001100000
000000000000000000000000011100100000100
000000000000000000000000011100110101000
000000000000000000000000011101001001100
000000000000000000000000011101011110000
000000000000000000000000011101110010100
000000000000000000000000011110000111000
000000000000000000000000011110011011100
000000000000000000000000011110110000000
000000000000000000000000011111000100100
000000000000000000000000011111011001000
000000000000000000000000011111101101100
000000000000000000000000100000000010000
000000000000000000000000100000010110100
000000000000000000000000100000101011000
000000000000000000000000100000111111100
000000000000000000000000100001010100000
000000000000000000000000100001101000100
000000000000000000000000100001111101000
000000000000000000000000100010010001100
000000000000000000000000100010100110000
000000000000000000000000100010111010100
000000000000000000000000100011001111000
000000000000000000000000100011100011100
000000000000000000000000100011111000000
000000000000000000000000100100001100100
000000000000000000000000100100100001000
000000000000000000000000100100110101100
000000000000000000000000100101001010000
000000000000000000000000100101011110100
000000000000000000000000100101110011000
000000000000000000000000100110000111100
000000000000000000000000100110011100000
000000000000000000000000100110110000100
000000000000000000000000100111000101000
000000000000000000000000100111011001100
000000000000000000000000100111101110000
000000000000000000000000101000000010100
000000000000000000000000101000010111000
000000000000000000000000101000101011100
000000000000000000000000101001000000000
000000000000000000000000101001010100100
000000000000000000000000101001101001000
000000000000000000000000101001111101100
000000000000000000000000101010010010000
000000000000000000000000101010100110100
000000000000000000000000101010111011000
000000000000000000000000101011001111100
000000000000000000000000101011100100000
000000000000000000000000101011111000100
000000000000000000000000101100001101000
000000000000000000000000101100100001100
000000000000000000000000101100110110000
000000000000000000000000101101001010100
000000000000000000000000101101011111000
000000000000000000000000101101110011100
000000000000000000000000101110001000000
000000000000000000000000101110011100100
000000000000000000000000101110110001000
000000000000000000000000101111000101100
000000000000000000000000101111011010000
000000000000000000000000101111101110100
000000000000000000000000110000000011000
000000000000000000000000110000010111100
000000000000000000000000110000101100000
000000000000000000000000110001000000100
000000000000000000000000110001010101000
000000000000000000000000110001101001100
000000000000000000000000110001111110000
000000000000000000000000110010010010100
000000000000000000000000110010100111000
000000000000000000000000110010111011100
000000000000000000000000110011010000000
000000000000000000000000110011100100100
000000000000000000000000110011111001000
000000000000000000000000110100001101100
000000000000000000000000110100100010000
000000000000000000000000110100110110100
000000000000000000000000110101001011000
000000000000000000000000110101011111100
000000000000000000000000110101110100000
000000000000000000000000110110001000100
000000000000000000000000110110011101000
000000000000000000000000110110110001100
000000000000000000000000110111000110000
000000000000000000000000110111011010100
000000000000000000000000110111101111000
000000000000000000000000111000000011100
000000000000000000000000111000011000000
000000000000000000000000111000101100100
000000000000000000000000111001000001000
000000000000000000000000111001010101100
000000000000000000000000111001101010000
000000000000000000000000111001111110100
000000000000000000000000111010010011000
000000000000000000000000111010100111100
000000000000000000000000111010111100000
000000000000000000000000111011010000100
000000000000000000000000111011100101000
000000000000000000000000111011111001100
000000000000000000000000111100001110000
000000000000000000000000111100100010100
000000000000000000000000111100110111000
000000000000000000000000111101001011100
000000000000000000000000111101100000000
000000000000000000000000111101110100100
000000000000000000000000111110001001000
000000000000000000000000111110011101100
000000000000000000000000111110110010000
000000000000000000000000111111000110100
000000000000000000000000111111011011000
000000000000000000000000111111101111100
000000000000000000000001000000000100000
000000000000000000000001000000011000100
000000000000000000000001000000101101000
000000000000000000000001000001000001100
000000000000000000000001000001010110000
000000000000000000000001000001101010100
000000000000000000000001000001111111000
000000000000000000000001000010010011100
000000000000000000000001000010101000000
000000000000000000000001000010111100100
000000000000000000000001000011010001000
000000000000000000000001000011100101100
000000000000000000000001000011111010000
000000000000000000000001000100001110100
000000000000000000000001000100100011000
000000000000000000000001000100110111100
000000000000000000000001000101001100000
000000000000000000000001000101100000100
000000000000000000000001000101110101000
000000000000000000000001000110001001100
000000000000000000000001000110011110000
000000000000000000000001000110110010100
000000000000000000000001000111000111000
000000000000000000000001000111011011100
000000000000000000000001000111110000000
000000000000000000000001001000000100100
000000000000000000000001001000011001000
000000000000000000000001001000101101100
000000000000000000000001001001000010000
000000000000000000000001001001010110100
000000000000000000000001001001101011000
000000000000000000000001001001111111100
000000000000000000000001001010010100000
000000000000000000000001001010101000100
000000000000000000000001001010111101000
000000000000000000000001001011010001100
000000000000000000000001001011100110000
000000000000000000000001001011111010100
000000000000000000000001001100001111000
000000000000000000000001001100100011100
000000000000000000000001001100111000000
000000000000000000000001001101001100100
000000000000000000000001001101100001000
000000000000000000000001001101110101100
000000000000000000000001001110001010000
000000000000000000000001001110011110100
000000000000000000000001001110110011000
000000000000000000000001001111000111100
000000000000000000000001001111011100000
000000000000000000000001001111110000100
000000000000000000000001010000000101000
000000000000000000000001010000011001100
000000000000000000000001010000101110000
000000000000000000000001010001000010100
000000000000000000000001010001010111000
000000000000000000000001010001101011100
