000000000000000000000000000000000000000
000000000000000000000000000000010010111
000000000000000000000000000000100101110
000000000000000000000000000000111000101
000000000000000000000000000001001011100
000000000000000000000000000001011110011
000000000000000000000000000001110001010
000000000000000000000000000010000100001
000000000000000000000000000010010111000
000000000000000000000000000010101001111
000000000000000000000000000010111100110
000000000000000000000000000011001111101
000000000000000000000000000011100010100
000000000000000000000000000011110101011
000000000000000000000000000100001000010
000000000000000000000000000100011011001
000000000000000000000000000100101110000
000000000000000000000000000101000000111
000000000000000000000000000101010011110
000000000000000000000000000101100110101
000000000000000000000000000101111001100
000000000000000000000000000110001100011
000000000000000000000000000110011111010
000000000000000000000000000110110010001
000000000000000000000000000111000101000
000000000000000000000000000111010111111
000000000000000000000000000111101010110
000000000000000000000000000111111101101
000000000000000000000000001000010000100
000000000000000000000000001000100011011
000000000000000000000000001000110110010
000000000000000000000000001001001001001
000000000000000000000000001001011100000
000000000000000000000000001001101110111
000000000000000000000000001010000001110
000000000000000000000000001010010100101
000000000000000000000000001010100111100
000000000000000000000000001010111010011
000000000000000000000000001011001101010
000000000000000000000000001011100000001
000000000000000000000000001011110011000
000000000000000000000000001100000101111
000000000000000000000000001100011000110
000000000000000000000000001100101011101
000000000000000000000000001100111110100
000000000000000000000000001101010001011
000000000000000000000000001101100100010
000000000000000000000000001101110111001
000000000000000000000000001110001010000
000000000000000000000000001110011100111
000000000000000000000000001110101111110
000000000000000000000000001111000010101
000000000000000000000000001111010101100
000000000000000000000000001111101000011
000000000000000000000000001111111011010
000000000000000000000000010000001110001
000000000000000000000000010000100001000
000000000000000000000000010000110011111
000000000000000000000000010001000110110
000000000000000000000000010001011001101
000000000000000000000000010001101100100
000000000000000000000000010001111111011
000000000000000000000000010010010010010
000000000000000000000000010010100101001
000000000000000000000000010010111000000
000000000000000000000000010011001010111
000000000000000000000000010011011101110
000000000000000000000000010011110000101
000000000000000000000000010100000011100
000000000000000000000000010100010110011
000000000000000000000000010100101001010
000000000000000000000000010100111100001
000000000000000000000000010101001111000
000000000000000000000000010101100001111
000000000000000000000000010101110100110
000000000000000000000000010110000111101
000000000000000000000000010110011010100
000000000000000000000000010110101101011
000000000000000000000000010111000000010
000000000000000000000000010111010011001
000000000000000000000000010111100110000
000000000000000000000000010111111000111
000000000000000000000000011000001011110
000000000000000000000000011000011110101
000000000000000000000000011000110001100
000000000000000000000000011001000100011
000000000000000000000000011001010111010
000000000000000000000000011001101010001
000000000000000000000000011001111101000
000000000000000000000000011010001111111
000000000000000000000000011010100010110
000000000000000000000000011010110101101
000000000000000000000000011011001000100
000000000000000000000000011011011011011
000000000000000000000000011011101110010
000000000000000000000000011100000001001
000000000000000000000000011100010100000
000000000000000000000000011100100110111
000000000000000000000000011100111001110
000000000000000000000000011101001100101
000000000000000000000000011101011111100
000000000000000000000000011101110010011
000000000000000000000000011110000101010
000000000000000000000000011110011000001
000000000000000000000000011110101011000
000000000000000000000000011110111101111
000000000000000000000000011111010000110
000000000000000000000000011111100011101
000000000000000000000000011111110110100
000000000000000000000000100000001001011
000000000000000000000000100000011100010
000000000000000000000000100000101111001
000000000000000000000000100001000010000
000000000000000000000000100001010100111
000000000000000000000000100001100111110
000000000000000000000000100001111010101
000000000000000000000000100010001101100
000000000000000000000000100010100000011
000000000000000000000000100010110011010
000000000000000000000000100011000110001
000000000000000000000000100011011001000
000000000000000000000000100011101011111
000000000000000000000000100011111110110
000000000000000000000000100100010001101
000000000000000000000000100100100100100
000000000000000000000000100100110111011
000000000000000000000000100101001010010
000000000000000000000000100101011101001
000000000000000000000000100101110000000
000000000000000000000000100110000010111
000000000000000000000000100110010101110
000000000000000000000000100110101000101
000000000000000000000000100110111011100
000000000000000000000000100111001110011
000000000000000000000000100111100001010
000000000000000000000000100111110100001
000000000000000000000000101000000111000
000000000000000000000000101000011001111
000000000000000000000000101000101100110
000000000000000000000000101000111111101
000000000000000000000000101001010010100
000000000000000000000000101001100101011
000000000000000000000000101001111000010
000000000000000000000000101010001011001
000000000000000000000000101010011110000
000000000000000000000000101010110000111
000000000000000000000000101011000011110
000000000000000000000000101011010110101
000000000000000000000000101011101001100
000000000000000000000000101011111100011
000000000000000000000000101100001111010
000000000000000000000000101100100010001
000000000000000000000000101100110101000
000000000000000000000000101101000111111
000000000000000000000000101101011010110
000000000000000000000000101101101101101
000000000000000000000000101110000000100
000000000000000000000000101110010011011
000000000000000000000000101110100110010
000000000000000000000000101110111001001
000000000000000000000000101111001100000
000000000000000000000000101111011110111
000000000000000000000000101111110001110
000000000000000000000000110000000100101
000000000000000000000000110000010111100
000000000000000000000000110000101010011
000000000000000000000000110000111101010
000000000000000000000000110001010000001
000000000000000000000000110001100011000
000000000000000000000000110001110101111
000000000000000000000000110010001000110
000000000000000000000000110010011011101
000000000000000000000000110010101110100
000000000000000000000000110011000001011
000000000000000000000000110011010100010
000000000000000000000000110011100111001
000000000000000000000000110011111010000
000000000000000000000000110100001100111
000000000000000000000000110100011111110
000000000000000000000000110100110010101
000000000000000000000000110101000101100
000000000000000000000000110101011000011
000000000000000000000000110101101011010
000000000000000000000000110101111110001
000000000000000000000000110110010001000
000000000000000000000000110110100011111
000000000000000000000000110110110110110
000000000000000000000000110111001001101
000000000000000000000000110111011100100
000000000000000000000000110111101111011
000000000000000000000000111000000010010
000000000000000000000000111000010101001
000000000000000000000000111000101000000
000000000000000000000000111000111010111
000000000000000000000000111001001101110
000000000000000000000000111001100000101
000000000000000000000000111001110011100
000000000000000000000000111010000110011
000000000000000000000000111010011001010
000000000000000000000000111010101100001
000000000000000000000000111010111111000
000000000000000000000000111011010001111
000000000000000000000000111011100100110
000000000000000000000000111011110111101
000000000000000000000000111100001010100
000000000000000000000000111100011101011
000000000000000000000000111100110000010
000000000000000000000000111101000011001
000000000000000000000000111101010110000
000000000000000000000000111101101000111
000000000000000000000000111101111011110
000000000000000000000000111110001110101
000000000000000000000000111110100001100
000000000000000000000000111110110100011
000000000000000000000000111111000111010
000000000000000000000000111111011010001
000000000000000000000000111111101101000
000000000000000000000000111111111111111
000000000000000000000001000000010010110
000000000000000000000001000000100101101
000000000000000000000001000000111000100
000000000000000000000001000001001011011
000000000000000000000001000001011110010
000000000000000000000001000001110001001
000000000000000000000001000010000100000
000000000000000000000001000010010110111
000000000000000000000001000010101001110
000000000000000000000001000010111100101
000000000000000000000001000011001111100
000000000000000000000001000011100010011
000000000000000000000001000011110101010
000000000000000000000001000100001000001
000000000000000000000001000100011011000
000000000000000000000001000100101101111
000000000000000000000001000101000000110
000000000000000000000001000101010011101
000000000000000000000001000101100110100
000000000000000000000001000101111001011
000000000000000000000001000110001100010
000000000000000000000001000110011111001
000000000000000000000001000110110010000
000000000000000000000001000111000100111
000000000000000000000001000111010111110
000000000000000000000001000111101010101
000000000000000000000001000111111101100
000000000000000000000001001000010000011
000000000000000000000001001000100011010
000000000000000000000001001000110110001
000000000000000000000001001001001001000
000000000000000000000001001001011011111
000000000000000000000001001001101110110
000000000000000000000001001010000001101
000000000000000000000001001010010100100
000000000000000000000001001010100111011
000000000000000000000001001010111010010
000000000000000000000001001011001101001
