000000000000000000000000000000000000000
111111111111111111111111111111100111000
111111111111111111111111111111001110000
111111111111111111111111111110110101000
111111111111111111111111111110011100000
111111111111111111111111111110000011000
111111111111111111111111111101101010000
111111111111111111111111111101010001000
111111111111111111111111111100111000000
111111111111111111111111111100011111000
111111111111111111111111111100000110000
111111111111111111111111111011101101000
111111111111111111111111111011010100000
111111111111111111111111111010111011000
111111111111111111111111111010100010000
111111111111111111111111111010001001000
111111111111111111111111111001110000000
111111111111111111111111111001010111000
111111111111111111111111111000111110000
111111111111111111111111111000100101000
111111111111111111111111111000001100000
111111111111111111111111110111110011000
111111111111111111111111110111011010000
111111111111111111111111110111000001000
111111111111111111111111110110101000000
111111111111111111111111110110001111000
111111111111111111111111110101110110000
111111111111111111111111110101011101000
111111111111111111111111110101000100000
111111111111111111111111110100101011000
111111111111111111111111110100010010000
111111111111111111111111110011111001000
111111111111111111111111110011100000000
111111111111111111111111110011000111000
111111111111111111111111110010101110000
111111111111111111111111110010010101000
111111111111111111111111110001111100000
111111111111111111111111110001100011000
111111111111111111111111110001001010000
111111111111111111111111110000110001000
111111111111111111111111110000011000000
111111111111111111111111101111111111000
111111111111111111111111101111100110000
111111111111111111111111101111001101000
111111111111111111111111101110110100000
111111111111111111111111101110011011000
111111111111111111111111101110000010000
111111111111111111111111101101101001000
111111111111111111111111101101010000000
111111111111111111111111101100110111000
111111111111111111111111101100011110000
111111111111111111111111101100000101000
111111111111111111111111101011101100000
111111111111111111111111101011010011000
111111111111111111111111101010111010000
111111111111111111111111101010100001000
111111111111111111111111101010001000000
111111111111111111111111101001101111000
111111111111111111111111101001010110000
111111111111111111111111101000111101000
111111111111111111111111101000100100000
111111111111111111111111101000001011000
111111111111111111111111100111110010000
111111111111111111111111100111011001000
111111111111111111111111100111000000000
111111111111111111111111100110100111000
111111111111111111111111100110001110000
111111111111111111111111100101110101000
111111111111111111111111100101011100000
111111111111111111111111100101000011000
111111111111111111111111100100101010000
111111111111111111111111100100010001000
111111111111111111111111100011111000000
111111111111111111111111100011011111000
111111111111111111111111100011000110000
111111111111111111111111100010101101000
111111111111111111111111100010010100000
111111111111111111111111100001111011000
111111111111111111111111100001100010000
111111111111111111111111100001001001000
111111111111111111111111100000110000000
111111111111111111111111100000010111000
111111111111111111111111011111111110000
111111111111111111111111011111100101000
111111111111111111111111011111001100000
111111111111111111111111011110110011000
111111111111111111111111011110011010000
111111111111111111111111011110000001000
111111111111111111111111011101101000000
111111111111111111111111011101001111000
111111111111111111111111011100110110000
111111111111111111111111011100011101000
111111111111111111111111011100000100000
111111111111111111111111011011101011000
111111111111111111111111011011010010000
111111111111111111111111011010111001000
111111111111111111111111011010100000000
111111111111111111111111011010000111000
111111111111111111111111011001101110000
111111111111111111111111011001010101000
111111111111111111111111011000111100000
111111111111111111111111011000100011000
111111111111111111111111011000001010000
111111111111111111111111010111110001000
111111111111111111111111010111011000000
111111111111111111111111010110111111000
111111111111111111111111010110100110000
111111111111111111111111010110001101000
111111111111111111111111010101110100000
111111111111111111111111010101011011000
111111111111111111111111010101000010000
111111111111111111111111010100101001000
111111111111111111111111010100010000000
111111111111111111111111010011110111000
111111111111111111111111010011011110000
111111111111111111111111010011000101000
111111111111111111111111010010101100000
111111111111111111111111010010010011000
111111111111111111111111010001111010000
111111111111111111111111010001100001000
111111111111111111111111010001001000000
111111111111111111111111010000101111000
111111111111111111111111010000010110000
111111111111111111111111001111111101000
111111111111111111111111001111100100000
111111111111111111111111001111001011000
111111111111111111111111001110110010000
111111111111111111111111001110011001000
111111111111111111111111001110000000000
111111111111111111111111001101100111000
111111111111111111111111001101001110000
111111111111111111111111001100110101000
111111111111111111111111001100011100000
111111111111111111111111001100000011000
111111111111111111111111001011101010000
111111111111111111111111001011010001000
111111111111111111111111001010111000000
111111111111111111111111001010011111000
111111111111111111111111001010000110000
111111111111111111111111001001101101000
111111111111111111111111001001010100000
111111111111111111111111001000111011000
111111111111111111111111001000100010000
111111111111111111111111001000001001000
111111111111111111111111000111110000000
111111111111111111111111000111010111000
111111111111111111111111000110111110000
111111111111111111111111000110100101000
111111111111111111111111000110001100000
111111111111111111111111000101110011000
111111111111111111111111000101011010000
111111111111111111111111000101000001000
111111111111111111111111000100101000000
111111111111111111111111000100001111000
111111111111111111111111000011110110000
111111111111111111111111000011011101000
111111111111111111111111000011000100000
111111111111111111111111000010101011000
111111111111111111111111000010010010000
111111111111111111111111000001111001000
111111111111111111111111000001100000000
111111111111111111111111000001000111000
111111111111111111111111000000101110000
111111111111111111111111000000010101000
111111111111111111111110111111111100000
111111111111111111111110111111100011000
111111111111111111111110111111001010000
111111111111111111111110111110110001000
111111111111111111111110111110011000000
111111111111111111111110111101111111000
111111111111111111111110111101100110000
111111111111111111111110111101001101000
111111111111111111111110111100110100000
111111111111111111111110111100011011000
111111111111111111111110111100000010000
111111111111111111111110111011101001000
111111111111111111111110111011010000000
111111111111111111111110111010110111000
111111111111111111111110111010011110000
111111111111111111111110111010000101000
111111111111111111111110111001101100000
111111111111111111111110111001010011000
111111111111111111111110111000111010000
111111111111111111111110111000100001000
111111111111111111111110111000001000000
111111111111111111111110110111101111000
111111111111111111111110110111010110000
111111111111111111111110110110111101000
111111111111111111111110110110100100000
111111111111111111111110110110001011000
111111111111111111111110110101110010000
111111111111111111111110110101011001000
111111111111111111111110110101000000000
111111111111111111111110110100100111000
111111111111111111111110110100001110000
111111111111111111111110110011110101000
111111111111111111111110110011011100000
111111111111111111111110110011000011000
111111111111111111111110110010101010000
111111111111111111111110110010010001000
111111111111111111111110110001111000000
111111111111111111111110110001011111000
111111111111111111111110110001000110000
111111111111111111111110110000101101000
111111111111111111111110110000010100000
111111111111111111111110101111111011000
111111111111111111111110101111100010000
111111111111111111111110101111001001000
111111111111111111111110101110110000000
111111111111111111111110101110010111000
111111111111111111111110101101111110000
111111111111111111111110101101100101000
111111111111111111111110101101001100000
111111111111111111111110101100110011000
111111111111111111111110101100011010000
111111111111111111111110101100000001000
111111111111111111111110101011101000000
111111111111111111111110101011001111000
111111111111111111111110101010110110000
111111111111111111111110101010011101000
111111111111111111111110101010000100000
111111111111111111111110101001101011000
111111111111111111111110101001010010000
111111111111111111111110101000111001000
111111111111111111111110101000100000000
111111111111111111111110101000000111000
111111111111111111111110100111101110000
111111111111111111111110100111010101000
111111111111111111111110100110111100000
111111111111111111111110100110100011000
111111111111111111111110100110001010000
111111111111111111111110100101110001000
111111111111111111111110100101011000000
111111111111111111111110100100111111000
111111111111111111111110100100100110000
111111111111111111111110100100001101000
111111111111111111111110100011110100000
111111111111111111111110100011011011000
111111111111111111111110100011000010000
111111111111111111111110100010101001000
111111111111111111111110100010010000000
111111111111111111111110100001110111000
111111111111111111111110100001011110000
111111111111111111111110100001000101000
111111111111111111111110100000101100000
111111111111111111111110100000010011000
111111111111111111111110011111111010000
111111111111111111111110011111100001000
111111111111111111111110011111001000000
111111111111111111111110011110101111000
111111111111111111111110011110010110000
111111111111111111111110011101111101000
111111111111111111111110011101100100000
111111111111111111111110011101001011000
111111111111111111111110011100110010000
111111111111111111111110011100011001000
