000000000000000000000000000000000000000
000000000000000000000000000000001101110
000000000000000000000000000000011011100
000000000000000000000000000000101001010
000000000000000000000000000000110111000
000000000000000000000000000001000100110
000000000000000000000000000001010010100
000000000000000000000000000001100000010
000000000000000000000000000001101110000
000000000000000000000000000001111011110
000000000000000000000000000010001001100
000000000000000000000000000010010111010
000000000000000000000000000010100101000
000000000000000000000000000010110010110
000000000000000000000000000011000000100
000000000000000000000000000011001110010
000000000000000000000000000011011100000
000000000000000000000000000011101001110
000000000000000000000000000011110111100
000000000000000000000000000100000101010
000000000000000000000000000100010011000
000000000000000000000000000100100000110
000000000000000000000000000100101110100
000000000000000000000000000100111100010
000000000000000000000000000101001010000
000000000000000000000000000101010111110
000000000000000000000000000101100101100
000000000000000000000000000101110011010
000000000000000000000000000110000001000
000000000000000000000000000110001110110
000000000000000000000000000110011100100
000000000000000000000000000110101010010
000000000000000000000000000110111000000
000000000000000000000000000111000101110
000000000000000000000000000111010011100
000000000000000000000000000111100001010
000000000000000000000000000111101111000
000000000000000000000000000111111100110
000000000000000000000000001000001010100
000000000000000000000000001000011000010
000000000000000000000000001000100110000
000000000000000000000000001000110011110
000000000000000000000000001001000001100
000000000000000000000000001001001111010
000000000000000000000000001001011101000
000000000000000000000000001001101010110
000000000000000000000000001001111000100
000000000000000000000000001010000110010
000000000000000000000000001010010100000
000000000000000000000000001010100001110
000000000000000000000000001010101111100
000000000000000000000000001010111101010
000000000000000000000000001011001011000
000000000000000000000000001011011000110
000000000000000000000000001011100110100
000000000000000000000000001011110100010
000000000000000000000000001100000010000
000000000000000000000000001100001111110
000000000000000000000000001100011101100
000000000000000000000000001100101011010
000000000000000000000000001100111001000
000000000000000000000000001101000110110
000000000000000000000000001101010100100
000000000000000000000000001101100010010
000000000000000000000000001101110000000
000000000000000000000000001101111101110
000000000000000000000000001110001011100
000000000000000000000000001110011001010
000000000000000000000000001110100111000
000000000000000000000000001110110100110
000000000000000000000000001111000010100
000000000000000000000000001111010000010
000000000000000000000000001111011110000
000000000000000000000000001111101011110
000000000000000000000000001111111001100
000000000000000000000000010000000111010
000000000000000000000000010000010101000
000000000000000000000000010000100010110
000000000000000000000000010000110000100
000000000000000000000000010000111110010
000000000000000000000000010001001100000
000000000000000000000000010001011001110
000000000000000000000000010001100111100
000000000000000000000000010001110101010
000000000000000000000000010010000011000
000000000000000000000000010010010000110
000000000000000000000000010010011110100
000000000000000000000000010010101100010
000000000000000000000000010010111010000
000000000000000000000000010011000111110
000000000000000000000000010011010101100
000000000000000000000000010011100011010
000000000000000000000000010011110001000
000000000000000000000000010011111110110
000000000000000000000000010100001100100
000000000000000000000000010100011010010
000000000000000000000000010100101000000
000000000000000000000000010100110101110
000000000000000000000000010101000011100
000000000000000000000000010101010001010
000000000000000000000000010101011111000
000000000000000000000000010101101100110
000000000000000000000000010101111010100
000000000000000000000000010110001000010
000000000000000000000000010110010110000
000000000000000000000000010110100011110
000000000000000000000000010110110001100
000000000000000000000000010110111111010
000000000000000000000000010111001101000
000000000000000000000000010111011010110
000000000000000000000000010111101000100
000000000000000000000000010111110110010
000000000000000000000000011000000100000
000000000000000000000000011000010001110
000000000000000000000000011000011111100
000000000000000000000000011000101101010
000000000000000000000000011000111011000
000000000000000000000000011001001000110
000000000000000000000000011001010110100
000000000000000000000000011001100100010
000000000000000000000000011001110010000
000000000000000000000000011001111111110
000000000000000000000000011010001101100
000000000000000000000000011010011011010
000000000000000000000000011010101001000
000000000000000000000000011010110110110
000000000000000000000000011011000100100
000000000000000000000000011011010010010
000000000000000000000000011011100000000
000000000000000000000000011011101101110
000000000000000000000000011011111011100
000000000000000000000000011100001001010
000000000000000000000000011100010111000
000000000000000000000000011100100100110
000000000000000000000000011100110010100
000000000000000000000000011101000000010
000000000000000000000000011101001110000
000000000000000000000000011101011011110
000000000000000000000000011101101001100
000000000000000000000000011101110111010
000000000000000000000000011110000101000
000000000000000000000000011110010010110
000000000000000000000000011110100000100
000000000000000000000000011110101110010
000000000000000000000000011110111100000
000000000000000000000000011111001001110
000000000000000000000000011111010111100
000000000000000000000000011111100101010
000000000000000000000000011111110011000
000000000000000000000000100000000000110
000000000000000000000000100000001110100
000000000000000000000000100000011100010
000000000000000000000000100000101010000
000000000000000000000000100000110111110
000000000000000000000000100001000101100
000000000000000000000000100001010011010
000000000000000000000000100001100001000
000000000000000000000000100001101110110
000000000000000000000000100001111100100
000000000000000000000000100010001010010
000000000000000000000000100010011000000
000000000000000000000000100010100101110
000000000000000000000000100010110011100
000000000000000000000000100011000001010
000000000000000000000000100011001111000
000000000000000000000000100011011100110
000000000000000000000000100011101010100
000000000000000000000000100011111000010
000000000000000000000000100100000110000
000000000000000000000000100100010011110
000000000000000000000000100100100001100
000000000000000000000000100100101111010
000000000000000000000000100100111101000
000000000000000000000000100101001010110
000000000000000000000000100101011000100
000000000000000000000000100101100110010
000000000000000000000000100101110100000
000000000000000000000000100110000001110
000000000000000000000000100110001111100
000000000000000000000000100110011101010
000000000000000000000000100110101011000
000000000000000000000000100110111000110
000000000000000000000000100111000110100
000000000000000000000000100111010100010
000000000000000000000000100111100010000
000000000000000000000000100111101111110
000000000000000000000000100111111101100
000000000000000000000000101000001011010
000000000000000000000000101000011001000
000000000000000000000000101000100110110
000000000000000000000000101000110100100
000000000000000000000000101001000010010
000000000000000000000000101001010000000
000000000000000000000000101001011101110
000000000000000000000000101001101011100
000000000000000000000000101001111001010
000000000000000000000000101010000111000
000000000000000000000000101010010100110
000000000000000000000000101010100010100
000000000000000000000000101010110000010
000000000000000000000000101010111110000
000000000000000000000000101011001011110
000000000000000000000000101011011001100
000000000000000000000000101011100111010
000000000000000000000000101011110101000
000000000000000000000000101100000010110
000000000000000000000000101100010000100
000000000000000000000000101100011110010
000000000000000000000000101100101100000
000000000000000000000000101100111001110
000000000000000000000000101101000111100
000000000000000000000000101101010101010
000000000000000000000000101101100011000
000000000000000000000000101101110000110
000000000000000000000000101101111110100
000000000000000000000000101110001100010
000000000000000000000000101110011010000
000000000000000000000000101110100111110
000000000000000000000000101110110101100
000000000000000000000000101111000011010
000000000000000000000000101111010001000
000000000000000000000000101111011110110
000000000000000000000000101111101100100
000000000000000000000000101111111010010
000000000000000000000000110000001000000
000000000000000000000000110000010101110
000000000000000000000000110000100011100
000000000000000000000000110000110001010
000000000000000000000000110000111111000
000000000000000000000000110001001100110
000000000000000000000000110001011010100
000000000000000000000000110001101000010
000000000000000000000000110001110110000
000000000000000000000000110010000011110
000000000000000000000000110010010001100
000000000000000000000000110010011111010
000000000000000000000000110010101101000
000000000000000000000000110010111010110
000000000000000000000000110011001000100
000000000000000000000000110011010110010
000000000000000000000000110011100100000
000000000000000000000000110011110001110
000000000000000000000000110011111111100
000000000000000000000000110100001101010
000000000000000000000000110100011011000
000000000000000000000000110100101000110
000000000000000000000000110100110110100
000000000000000000000000110101000100010
000000000000000000000000110101010010000
000000000000000000000000110101011111110
000000000000000000000000110101101101100
000000000000000000000000110101111011010
000000000000000000000000110110001001000
000000000000000000000000110110010110110
000000000000000000000000110110100100100
000000000000000000000000110110110010010
