000000000000000000000000000000000000000
111111111111111111111111111111111011000
111111111111111111111111111111110110000
111111111111111111111111111111110001000
111111111111111111111111111111101100000
111111111111111111111111111111100111000
111111111111111111111111111111100010000
111111111111111111111111111111011101000
111111111111111111111111111111011000000
111111111111111111111111111111010011000
111111111111111111111111111111001110000
111111111111111111111111111111001001000
111111111111111111111111111111000100000
111111111111111111111111111110111111000
111111111111111111111111111110111010000
111111111111111111111111111110110101000
111111111111111111111111111110110000000
111111111111111111111111111110101011000
111111111111111111111111111110100110000
111111111111111111111111111110100001000
111111111111111111111111111110011100000
111111111111111111111111111110010111000
111111111111111111111111111110010010000
111111111111111111111111111110001101000
111111111111111111111111111110001000000
111111111111111111111111111110000011000
111111111111111111111111111101111110000
111111111111111111111111111101111001000
111111111111111111111111111101110100000
111111111111111111111111111101101111000
111111111111111111111111111101101010000
111111111111111111111111111101100101000
111111111111111111111111111101100000000
111111111111111111111111111101011011000
111111111111111111111111111101010110000
111111111111111111111111111101010001000
111111111111111111111111111101001100000
111111111111111111111111111101000111000
111111111111111111111111111101000010000
111111111111111111111111111100111101000
111111111111111111111111111100111000000
111111111111111111111111111100110011000
111111111111111111111111111100101110000
111111111111111111111111111100101001000
111111111111111111111111111100100100000
111111111111111111111111111100011111000
111111111111111111111111111100011010000
111111111111111111111111111100010101000
111111111111111111111111111100010000000
111111111111111111111111111100001011000
111111111111111111111111111100000110000
111111111111111111111111111100000001000
111111111111111111111111111011111100000
111111111111111111111111111011110111000
111111111111111111111111111011110010000
111111111111111111111111111011101101000
111111111111111111111111111011101000000
111111111111111111111111111011100011000
111111111111111111111111111011011110000
111111111111111111111111111011011001000
111111111111111111111111111011010100000
111111111111111111111111111011001111000
111111111111111111111111111011001010000
111111111111111111111111111011000101000
111111111111111111111111111011000000000
111111111111111111111111111010111011000
111111111111111111111111111010110110000
111111111111111111111111111010110001000
111111111111111111111111111010101100000
111111111111111111111111111010100111000
111111111111111111111111111010100010000
111111111111111111111111111010011101000
111111111111111111111111111010011000000
111111111111111111111111111010010011000
111111111111111111111111111010001110000
111111111111111111111111111010001001000
111111111111111111111111111010000100000
111111111111111111111111111001111111000
111111111111111111111111111001111010000
111111111111111111111111111001110101000
111111111111111111111111111001110000000
111111111111111111111111111001101011000
111111111111111111111111111001100110000
111111111111111111111111111001100001000
111111111111111111111111111001011100000
111111111111111111111111111001010111000
111111111111111111111111111001010010000
111111111111111111111111111001001101000
111111111111111111111111111001001000000
111111111111111111111111111001000011000
111111111111111111111111111000111110000
111111111111111111111111111000111001000
111111111111111111111111111000110100000
111111111111111111111111111000101111000
111111111111111111111111111000101010000
111111111111111111111111111000100101000
111111111111111111111111111000100000000
111111111111111111111111111000011011000
111111111111111111111111111000010110000
111111111111111111111111111000010001000
111111111111111111111111111000001100000
111111111111111111111111111000000111000
111111111111111111111111111000000010000
111111111111111111111111110111111101000
111111111111111111111111110111111000000
111111111111111111111111110111110011000
111111111111111111111111110111101110000
111111111111111111111111110111101001000
111111111111111111111111110111100100000
111111111111111111111111110111011111000
111111111111111111111111110111011010000
111111111111111111111111110111010101000
111111111111111111111111110111010000000
111111111111111111111111110111001011000
111111111111111111111111110111000110000
111111111111111111111111110111000001000
111111111111111111111111110110111100000
111111111111111111111111110110110111000
111111111111111111111111110110110010000
111111111111111111111111110110101101000
111111111111111111111111110110101000000
111111111111111111111111110110100011000
111111111111111111111111110110011110000
111111111111111111111111110110011001000
111111111111111111111111110110010100000
111111111111111111111111110110001111000
111111111111111111111111110110001010000
111111111111111111111111110110000101000
111111111111111111111111110110000000000
111111111111111111111111110101111011000
111111111111111111111111110101110110000
111111111111111111111111110101110001000
111111111111111111111111110101101100000
111111111111111111111111110101100111000
111111111111111111111111110101100010000
111111111111111111111111110101011101000
111111111111111111111111110101011000000
111111111111111111111111110101010011000
111111111111111111111111110101001110000
111111111111111111111111110101001001000
111111111111111111111111110101000100000
111111111111111111111111110100111111000
111111111111111111111111110100111010000
111111111111111111111111110100110101000
111111111111111111111111110100110000000
111111111111111111111111110100101011000
111111111111111111111111110100100110000
111111111111111111111111110100100001000
111111111111111111111111110100011100000
111111111111111111111111110100010111000
111111111111111111111111110100010010000
111111111111111111111111110100001101000
111111111111111111111111110100001000000
111111111111111111111111110100000011000
111111111111111111111111110011111110000
111111111111111111111111110011111001000
111111111111111111111111110011110100000
111111111111111111111111110011101111000
111111111111111111111111110011101010000
111111111111111111111111110011100101000
111111111111111111111111110011100000000
111111111111111111111111110011011011000
111111111111111111111111110011010110000
111111111111111111111111110011010001000
111111111111111111111111110011001100000
111111111111111111111111110011000111000
111111111111111111111111110011000010000
111111111111111111111111110010111101000
111111111111111111111111110010111000000
111111111111111111111111110010110011000
111111111111111111111111110010101110000
111111111111111111111111110010101001000
111111111111111111111111110010100100000
111111111111111111111111110010011111000
111111111111111111111111110010011010000
111111111111111111111111110010010101000
111111111111111111111111110010010000000
111111111111111111111111110010001011000
111111111111111111111111110010000110000
111111111111111111111111110010000001000
111111111111111111111111110001111100000
111111111111111111111111110001110111000
111111111111111111111111110001110010000
111111111111111111111111110001101101000
111111111111111111111111110001101000000
111111111111111111111111110001100011000
111111111111111111111111110001011110000
111111111111111111111111110001011001000
111111111111111111111111110001010100000
111111111111111111111111110001001111000
111111111111111111111111110001001010000
111111111111111111111111110001000101000
111111111111111111111111110001000000000
111111111111111111111111110000111011000
111111111111111111111111110000110110000
111111111111111111111111110000110001000
111111111111111111111111110000101100000
111111111111111111111111110000100111000
111111111111111111111111110000100010000
111111111111111111111111110000011101000
111111111111111111111111110000011000000
111111111111111111111111110000010011000
111111111111111111111111110000001110000
111111111111111111111111110000001001000
111111111111111111111111110000000100000
111111111111111111111111101111111111000
111111111111111111111111101111111010000
111111111111111111111111101111110101000
111111111111111111111111101111110000000
111111111111111111111111101111101011000
111111111111111111111111101111100110000
111111111111111111111111101111100001000
111111111111111111111111101111011100000
111111111111111111111111101111010111000
111111111111111111111111101111010010000
111111111111111111111111101111001101000
111111111111111111111111101111001000000
111111111111111111111111101111000011000
111111111111111111111111101110111110000
111111111111111111111111101110111001000
111111111111111111111111101110110100000
111111111111111111111111101110101111000
111111111111111111111111101110101010000
111111111111111111111111101110100101000
111111111111111111111111101110100000000
111111111111111111111111101110011011000
111111111111111111111111101110010110000
111111111111111111111111101110010001000
111111111111111111111111101110001100000
111111111111111111111111101110000111000
111111111111111111111111101110000010000
111111111111111111111111101101111101000
111111111111111111111111101101111000000
111111111111111111111111101101110011000
111111111111111111111111101101101110000
111111111111111111111111101101101001000
111111111111111111111111101101100100000
111111111111111111111111101101011111000
111111111111111111111111101101011010000
111111111111111111111111101101010101000
111111111111111111111111101101010000000
111111111111111111111111101101001011000
111111111111111111111111101101000110000
111111111111111111111111101101000001000
111111111111111111111111101100111100000
111111111111111111111111101100110111000
111111111111111111111111101100110010000
111111111111111111111111101100101101000
111111111111111111111111101100101000000
111111111111111111111111101100100011000
111111111111111111111111101100011110000
111111111111111111111111101100011001000
111111111111111111111111101100010100000
111111111111111111111111101100001111000
111111111111111111111111101100001010000
111111111111111111111111101100000101000
