000000000000000000000000000000000000000
000000000000000000000000000000001100001
000000000000000000000000000000011000010
000000000000000000000000000000100100011
000000000000000000000000000000110000100
000000000000000000000000000000111100101
000000000000000000000000000001001000110
000000000000000000000000000001010100111
000000000000000000000000000001100001000
000000000000000000000000000001101101001
000000000000000000000000000001111001010
000000000000000000000000000010000101011
000000000000000000000000000010010001100
000000000000000000000000000010011101101
000000000000000000000000000010101001110
000000000000000000000000000010110101111
000000000000000000000000000011000010000
000000000000000000000000000011001110001
000000000000000000000000000011011010010
000000000000000000000000000011100110011
000000000000000000000000000011110010100
000000000000000000000000000011111110101
000000000000000000000000000100001010110
000000000000000000000000000100010110111
000000000000000000000000000100100011000
000000000000000000000000000100101111001
000000000000000000000000000100111011010
000000000000000000000000000101000111011
000000000000000000000000000101010011100
000000000000000000000000000101011111101
000000000000000000000000000101101011110
000000000000000000000000000101110111111
000000000000000000000000000110000100000
000000000000000000000000000110010000001
000000000000000000000000000110011100010
000000000000000000000000000110101000011
000000000000000000000000000110110100100
000000000000000000000000000111000000101
000000000000000000000000000111001100110
000000000000000000000000000111011000111
000000000000000000000000000111100101000
000000000000000000000000000111110001001
000000000000000000000000000111111101010
000000000000000000000000001000001001011
000000000000000000000000001000010101100
000000000000000000000000001000100001101
000000000000000000000000001000101101110
000000000000000000000000001000111001111
000000000000000000000000001001000110000
000000000000000000000000001001010010001
000000000000000000000000001001011110010
000000000000000000000000001001101010011
000000000000000000000000001001110110100
000000000000000000000000001010000010101
000000000000000000000000001010001110110
000000000000000000000000001010011010111
000000000000000000000000001010100111000
000000000000000000000000001010110011001
000000000000000000000000001010111111010
000000000000000000000000001011001011011
000000000000000000000000001011010111100
000000000000000000000000001011100011101
000000000000000000000000001011101111110
000000000000000000000000001011111011111
000000000000000000000000001100001000000
000000000000000000000000001100010100001
000000000000000000000000001100100000010
000000000000000000000000001100101100011
000000000000000000000000001100111000100
000000000000000000000000001101000100101
000000000000000000000000001101010000110
000000000000000000000000001101011100111
000000000000000000000000001101101001000
000000000000000000000000001101110101001
000000000000000000000000001110000001010
000000000000000000000000001110001101011
000000000000000000000000001110011001100
000000000000000000000000001110100101101
000000000000000000000000001110110001110
000000000000000000000000001110111101111
000000000000000000000000001111001010000
000000000000000000000000001111010110001
000000000000000000000000001111100010010
000000000000000000000000001111101110011
000000000000000000000000001111111010100
000000000000000000000000010000000110101
000000000000000000000000010000010010110
000000000000000000000000010000011110111
000000000000000000000000010000101011000
000000000000000000000000010000110111001
000000000000000000000000010001000011010
000000000000000000000000010001001111011
000000000000000000000000010001011011100
000000000000000000000000010001100111101
000000000000000000000000010001110011110
000000000000000000000000010001111111111
000000000000000000000000010010001100000
000000000000000000000000010010011000001
000000000000000000000000010010100100010
000000000000000000000000010010110000011
000000000000000000000000010010111100100
000000000000000000000000010011001000101
000000000000000000000000010011010100110
000000000000000000000000010011100000111
000000000000000000000000010011101101000
000000000000000000000000010011111001001
000000000000000000000000010100000101010
000000000000000000000000010100010001011
000000000000000000000000010100011101100
000000000000000000000000010100101001101
000000000000000000000000010100110101110
000000000000000000000000010101000001111
000000000000000000000000010101001110000
000000000000000000000000010101011010001
000000000000000000000000010101100110010
000000000000000000000000010101110010011
000000000000000000000000010101111110100
000000000000000000000000010110001010101
000000000000000000000000010110010110110
000000000000000000000000010110100010111
000000000000000000000000010110101111000
000000000000000000000000010110111011001
000000000000000000000000010111000111010
000000000000000000000000010111010011011
000000000000000000000000010111011111100
000000000000000000000000010111101011101
000000000000000000000000010111110111110
000000000000000000000000011000000011111
000000000000000000000000011000010000000
000000000000000000000000011000011100001
000000000000000000000000011000101000010
000000000000000000000000011000110100011
000000000000000000000000011001000000100
000000000000000000000000011001001100101
000000000000000000000000011001011000110
000000000000000000000000011001100100111
000000000000000000000000011001110001000
000000000000000000000000011001111101001
000000000000000000000000011010001001010
000000000000000000000000011010010101011
000000000000000000000000011010100001100
000000000000000000000000011010101101101
000000000000000000000000011010111001110
000000000000000000000000011011000101111
000000000000000000000000011011010010000
000000000000000000000000011011011110001
000000000000000000000000011011101010010
000000000000000000000000011011110110011
000000000000000000000000011100000010100
000000000000000000000000011100001110101
000000000000000000000000011100011010110
000000000000000000000000011100100110111
000000000000000000000000011100110011000
000000000000000000000000011100111111001
000000000000000000000000011101001011010
000000000000000000000000011101010111011
000000000000000000000000011101100011100
000000000000000000000000011101101111101
000000000000000000000000011101111011110
000000000000000000000000011110000111111
000000000000000000000000011110010100000
000000000000000000000000011110100000001
000000000000000000000000011110101100010
000000000000000000000000011110111000011
000000000000000000000000011111000100100
000000000000000000000000011111010000101
000000000000000000000000011111011100110
000000000000000000000000011111101000111
000000000000000000000000011111110101000
000000000000000000000000100000000001001
000000000000000000000000100000001101010
000000000000000000000000100000011001011
000000000000000000000000100000100101100
000000000000000000000000100000110001101
000000000000000000000000100000111101110
000000000000000000000000100001001001111
000000000000000000000000100001010110000
000000000000000000000000100001100010001
000000000000000000000000100001101110010
000000000000000000000000100001111010011
000000000000000000000000100010000110100
000000000000000000000000100010010010101
000000000000000000000000100010011110110
000000000000000000000000100010101010111
000000000000000000000000100010110111000
000000000000000000000000100011000011001
000000000000000000000000100011001111010
000000000000000000000000100011011011011
000000000000000000000000100011100111100
000000000000000000000000100011110011101
000000000000000000000000100011111111110
000000000000000000000000100100001011111
000000000000000000000000100100011000000
000000000000000000000000100100100100001
000000000000000000000000100100110000010
000000000000000000000000100100111100011
000000000000000000000000100101001000100
000000000000000000000000100101010100101
000000000000000000000000100101100000110
000000000000000000000000100101101100111
000000000000000000000000100101111001000
000000000000000000000000100110000101001
000000000000000000000000100110010001010
000000000000000000000000100110011101011
000000000000000000000000100110101001100
000000000000000000000000100110110101101
000000000000000000000000100111000001110
000000000000000000000000100111001101111
000000000000000000000000100111011010000
000000000000000000000000100111100110001
000000000000000000000000100111110010010
000000000000000000000000100111111110011
000000000000000000000000101000001010100
000000000000000000000000101000010110101
000000000000000000000000101000100010110
000000000000000000000000101000101110111
000000000000000000000000101000111011000
000000000000000000000000101001000111001
000000000000000000000000101001010011010
000000000000000000000000101001011111011
000000000000000000000000101001101011100
000000000000000000000000101001110111101
000000000000000000000000101010000011110
000000000000000000000000101010001111111
000000000000000000000000101010011100000
000000000000000000000000101010101000001
000000000000000000000000101010110100010
000000000000000000000000101011000000011
000000000000000000000000101011001100100
000000000000000000000000101011011000101
000000000000000000000000101011100100110
000000000000000000000000101011110000111
000000000000000000000000101011111101000
000000000000000000000000101100001001001
000000000000000000000000101100010101010
000000000000000000000000101100100001011
000000000000000000000000101100101101100
000000000000000000000000101100111001101
000000000000000000000000101101000101110
000000000000000000000000101101010001111
000000000000000000000000101101011110000
000000000000000000000000101101101010001
000000000000000000000000101101110110010
000000000000000000000000101110000010011
000000000000000000000000101110001110100
000000000000000000000000101110011010101
000000000000000000000000101110100110110
000000000000000000000000101110110010111
000000000000000000000000101110111111000
000000000000000000000000101111001011001
000000000000000000000000101111010111010
000000000000000000000000101111100011011
000000000000000000000000101111101111100
000000000000000000000000101111111011101
000000000000000000000000110000000111110
000000000000000000000000110000010011111
