000000000000000000000000000000000000000
111111111111111111111111111111110010110
111111111111111111111111111111100101100
111111111111111111111111111111011000010
111111111111111111111111111111001011000
111111111111111111111111111110111101110
111111111111111111111111111110110000100
111111111111111111111111111110100011010
111111111111111111111111111110010110000
111111111111111111111111111110001000110
111111111111111111111111111101111011100
111111111111111111111111111101101110010
111111111111111111111111111101100001000
111111111111111111111111111101010011110
111111111111111111111111111101000110100
111111111111111111111111111100111001010
111111111111111111111111111100101100000
111111111111111111111111111100011110110
111111111111111111111111111100010001100
111111111111111111111111111100000100010
111111111111111111111111111011110111000
111111111111111111111111111011101001110
111111111111111111111111111011011100100
111111111111111111111111111011001111010
111111111111111111111111111011000010000
111111111111111111111111111010110100110
111111111111111111111111111010100111100
111111111111111111111111111010011010010
111111111111111111111111111010001101000
111111111111111111111111111001111111110
111111111111111111111111111001110010100
111111111111111111111111111001100101010
111111111111111111111111111001011000000
111111111111111111111111111001001010110
111111111111111111111111111000111101100
111111111111111111111111111000110000010
111111111111111111111111111000100011000
111111111111111111111111111000010101110
111111111111111111111111111000001000100
111111111111111111111111110111111011010
111111111111111111111111110111101110000
111111111111111111111111110111100000110
111111111111111111111111110111010011100
111111111111111111111111110111000110010
111111111111111111111111110110111001000
111111111111111111111111110110101011110
111111111111111111111111110110011110100
111111111111111111111111110110010001010
111111111111111111111111110110000100000
111111111111111111111111110101110110110
111111111111111111111111110101101001100
111111111111111111111111110101011100010
111111111111111111111111110101001111000
111111111111111111111111110101000001110
111111111111111111111111110100110100100
111111111111111111111111110100100111010
111111111111111111111111110100011010000
111111111111111111111111110100001100110
111111111111111111111111110011111111100
111111111111111111111111110011110010010
111111111111111111111111110011100101000
111111111111111111111111110011010111110
111111111111111111111111110011001010100
111111111111111111111111110010111101010
111111111111111111111111110010110000000
111111111111111111111111110010100010110
111111111111111111111111110010010101100
111111111111111111111111110010001000010
111111111111111111111111110001111011000
111111111111111111111111110001101101110
111111111111111111111111110001100000100
111111111111111111111111110001010011010
111111111111111111111111110001000110000
111111111111111111111111110000111000110
111111111111111111111111110000101011100
111111111111111111111111110000011110010
111111111111111111111111110000010001000
111111111111111111111111110000000011110
111111111111111111111111101111110110100
111111111111111111111111101111101001010
111111111111111111111111101111011100000
111111111111111111111111101111001110110
111111111111111111111111101111000001100
111111111111111111111111101110110100010
111111111111111111111111101110100111000
111111111111111111111111101110011001110
111111111111111111111111101110001100100
111111111111111111111111101101111111010
111111111111111111111111101101110010000
111111111111111111111111101101100100110
111111111111111111111111101101010111100
111111111111111111111111101101001010010
111111111111111111111111101100111101000
111111111111111111111111101100101111110
111111111111111111111111101100100010100
111111111111111111111111101100010101010
111111111111111111111111101100001000000
111111111111111111111111101011111010110
111111111111111111111111101011101101100
111111111111111111111111101011100000010
111111111111111111111111101011010011000
111111111111111111111111101011000101110
111111111111111111111111101010111000100
111111111111111111111111101010101011010
111111111111111111111111101010011110000
111111111111111111111111101010010000110
111111111111111111111111101010000011100
111111111111111111111111101001110110010
111111111111111111111111101001101001000
111111111111111111111111101001011011110
111111111111111111111111101001001110100
111111111111111111111111101001000001010
111111111111111111111111101000110100000
111111111111111111111111101000100110110
111111111111111111111111101000011001100
111111111111111111111111101000001100010
111111111111111111111111100111111111000
111111111111111111111111100111110001110
111111111111111111111111100111100100100
111111111111111111111111100111010111010
111111111111111111111111100111001010000
111111111111111111111111100110111100110
111111111111111111111111100110101111100
111111111111111111111111100110100010010
111111111111111111111111100110010101000
111111111111111111111111100110000111110
111111111111111111111111100101111010100
111111111111111111111111100101101101010
111111111111111111111111100101100000000
111111111111111111111111100101010010110
111111111111111111111111100101000101100
111111111111111111111111100100111000010
111111111111111111111111100100101011000
111111111111111111111111100100011101110
111111111111111111111111100100010000100
111111111111111111111111100100000011010
111111111111111111111111100011110110000
111111111111111111111111100011101000110
111111111111111111111111100011011011100
111111111111111111111111100011001110010
111111111111111111111111100011000001000
111111111111111111111111100010110011110
111111111111111111111111100010100110100
111111111111111111111111100010011001010
111111111111111111111111100010001100000
111111111111111111111111100001111110110
111111111111111111111111100001110001100
111111111111111111111111100001100100010
111111111111111111111111100001010111000
111111111111111111111111100001001001110
111111111111111111111111100000111100100
111111111111111111111111100000101111010
111111111111111111111111100000100010000
111111111111111111111111100000010100110
111111111111111111111111100000000111100
111111111111111111111111011111111010010
111111111111111111111111011111101101000
111111111111111111111111011111011111110
111111111111111111111111011111010010100
111111111111111111111111011111000101010
111111111111111111111111011110111000000
111111111111111111111111011110101010110
111111111111111111111111011110011101100
111111111111111111111111011110010000010
111111111111111111111111011110000011000
111111111111111111111111011101110101110
111111111111111111111111011101101000100
111111111111111111111111011101011011010
111111111111111111111111011101001110000
111111111111111111111111011101000000110
111111111111111111111111011100110011100
111111111111111111111111011100100110010
111111111111111111111111011100011001000
111111111111111111111111011100001011110
111111111111111111111111011011111110100
111111111111111111111111011011110001010
111111111111111111111111011011100100000
111111111111111111111111011011010110110
111111111111111111111111011011001001100
111111111111111111111111011010111100010
111111111111111111111111011010101111000
111111111111111111111111011010100001110
111111111111111111111111011010010100100
111111111111111111111111011010000111010
111111111111111111111111011001111010000
111111111111111111111111011001101100110
111111111111111111111111011001011111100
111111111111111111111111011001010010010
111111111111111111111111011001000101000
111111111111111111111111011000110111110
111111111111111111111111011000101010100
111111111111111111111111011000011101010
111111111111111111111111011000010000000
111111111111111111111111011000000010110
111111111111111111111111010111110101100
111111111111111111111111010111101000010
111111111111111111111111010111011011000
111111111111111111111111010111001101110
111111111111111111111111010111000000100
111111111111111111111111010110110011010
111111111111111111111111010110100110000
111111111111111111111111010110011000110
111111111111111111111111010110001011100
111111111111111111111111010101111110010
111111111111111111111111010101110001000
111111111111111111111111010101100011110
111111111111111111111111010101010110100
111111111111111111111111010101001001010
111111111111111111111111010100111100000
111111111111111111111111010100101110110
111111111111111111111111010100100001100
111111111111111111111111010100010100010
111111111111111111111111010100000111000
111111111111111111111111010011111001110
111111111111111111111111010011101100100
111111111111111111111111010011011111010
111111111111111111111111010011010010000
111111111111111111111111010011000100110
111111111111111111111111010010110111100
111111111111111111111111010010101010010
111111111111111111111111010010011101000
111111111111111111111111010010001111110
111111111111111111111111010010000010100
111111111111111111111111010001110101010
111111111111111111111111010001101000000
111111111111111111111111010001011010110
111111111111111111111111010001001101100
111111111111111111111111010001000000010
111111111111111111111111010000110011000
111111111111111111111111010000100101110
111111111111111111111111010000011000100
111111111111111111111111010000001011010
111111111111111111111111001111111110000
111111111111111111111111001111110000110
111111111111111111111111001111100011100
111111111111111111111111001111010110010
111111111111111111111111001111001001000
111111111111111111111111001110111011110
111111111111111111111111001110101110100
111111111111111111111111001110100001010
111111111111111111111111001110010100000
111111111111111111111111001110000110110
111111111111111111111111001101111001100
111111111111111111111111001101101100010
111111111111111111111111001101011111000
111111111111111111111111001101010001110
111111111111111111111111001101000100100
111111111111111111111111001100110111010
111111111111111111111111001100101010000
111111111111111111111111001100011100110
111111111111111111111111001100001111100
111111111111111111111111001100000010010
111111111111111111111111001011110101000
111111111111111111111111001011100111110
111111111111111111111111001011011010100
111111111111111111111111001011001101010
