000000000000000000000000000000000000000
111111111111111111111111111111101111101
111111111111111111111111111111011111010
111111111111111111111111111111001110111
111111111111111111111111111110111110100
111111111111111111111111111110101110001
111111111111111111111111111110011101110
111111111111111111111111111110001101011
111111111111111111111111111101111101000
111111111111111111111111111101101100101
111111111111111111111111111101011100010
111111111111111111111111111101001011111
111111111111111111111111111100111011100
111111111111111111111111111100101011001
111111111111111111111111111100011010110
111111111111111111111111111100001010011
111111111111111111111111111011111010000
111111111111111111111111111011101001101
111111111111111111111111111011011001010
111111111111111111111111111011001000111
111111111111111111111111111010111000100
111111111111111111111111111010101000001
111111111111111111111111111010010111110
111111111111111111111111111010000111011
111111111111111111111111111001110111000
111111111111111111111111111001100110101
111111111111111111111111111001010110010
111111111111111111111111111001000101111
111111111111111111111111111000110101100
111111111111111111111111111000100101001
111111111111111111111111111000010100110
111111111111111111111111111000000100011
111111111111111111111111110111110100000
111111111111111111111111110111100011101
111111111111111111111111110111010011010
111111111111111111111111110111000010111
111111111111111111111111110110110010100
111111111111111111111111110110100010001
111111111111111111111111110110010001110
111111111111111111111111110110000001011
111111111111111111111111110101110001000
111111111111111111111111110101100000101
111111111111111111111111110101010000010
111111111111111111111111110100111111111
111111111111111111111111110100101111100
111111111111111111111111110100011111001
111111111111111111111111110100001110110
111111111111111111111111110011111110011
111111111111111111111111110011101110000
111111111111111111111111110011011101101
111111111111111111111111110011001101010
111111111111111111111111110010111100111
111111111111111111111111110010101100100
111111111111111111111111110010011100001
111111111111111111111111110010001011110
111111111111111111111111110001111011011
111111111111111111111111110001101011000
111111111111111111111111110001011010101
111111111111111111111111110001001010010
111111111111111111111111110000111001111
111111111111111111111111110000101001100
111111111111111111111111110000011001001
111111111111111111111111110000001000110
111111111111111111111111101111111000011
111111111111111111111111101111101000000
111111111111111111111111101111010111101
111111111111111111111111101111000111010
111111111111111111111111101110110110111
111111111111111111111111101110100110100
111111111111111111111111101110010110001
111111111111111111111111101110000101110
111111111111111111111111101101110101011
111111111111111111111111101101100101000
111111111111111111111111101101010100101
111111111111111111111111101101000100010
111111111111111111111111101100110011111
111111111111111111111111101100100011100
111111111111111111111111101100010011001
111111111111111111111111101100000010110
111111111111111111111111101011110010011
111111111111111111111111101011100010000
111111111111111111111111101011010001101
111111111111111111111111101011000001010
111111111111111111111111101010110000111
111111111111111111111111101010100000100
111111111111111111111111101010010000001
111111111111111111111111101001111111110
111111111111111111111111101001101111011
111111111111111111111111101001011111000
111111111111111111111111101001001110101
111111111111111111111111101000111110010
111111111111111111111111101000101101111
111111111111111111111111101000011101100
111111111111111111111111101000001101001
111111111111111111111111100111111100110
111111111111111111111111100111101100011
111111111111111111111111100111011100000
111111111111111111111111100111001011101
111111111111111111111111100110111011010
111111111111111111111111100110101010111
111111111111111111111111100110011010100
111111111111111111111111100110001010001
111111111111111111111111100101111001110
111111111111111111111111100101101001011
111111111111111111111111100101011001000
111111111111111111111111100101001000101
111111111111111111111111100100111000010
111111111111111111111111100100100111111
111111111111111111111111100100010111100
111111111111111111111111100100000111001
111111111111111111111111100011110110110
111111111111111111111111100011100110011
111111111111111111111111100011010110000
111111111111111111111111100011000101101
111111111111111111111111100010110101010
111111111111111111111111100010100100111
111111111111111111111111100010010100100
111111111111111111111111100010000100001
111111111111111111111111100001110011110
111111111111111111111111100001100011011
111111111111111111111111100001010011000
111111111111111111111111100001000010101
111111111111111111111111100000110010010
111111111111111111111111100000100001111
111111111111111111111111100000010001100
111111111111111111111111100000000001001
111111111111111111111111011111110000110
111111111111111111111111011111100000011
111111111111111111111111011111010000000
111111111111111111111111011110111111101
111111111111111111111111011110101111010
111111111111111111111111011110011110111
111111111111111111111111011110001110100
111111111111111111111111011101111110001
111111111111111111111111011101101101110
111111111111111111111111011101011101011
111111111111111111111111011101001101000
111111111111111111111111011100111100101
111111111111111111111111011100101100010
111111111111111111111111011100011011111
111111111111111111111111011100001011100
111111111111111111111111011011111011001
111111111111111111111111011011101010110
111111111111111111111111011011011010011
111111111111111111111111011011001010000
111111111111111111111111011010111001101
111111111111111111111111011010101001010
111111111111111111111111011010011000111
111111111111111111111111011010001000100
111111111111111111111111011001111000001
111111111111111111111111011001100111110
111111111111111111111111011001010111011
111111111111111111111111011001000111000
111111111111111111111111011000110110101
111111111111111111111111011000100110010
111111111111111111111111011000010101111
111111111111111111111111011000000101100
111111111111111111111111010111110101001
111111111111111111111111010111100100110
111111111111111111111111010111010100011
111111111111111111111111010111000100000
111111111111111111111111010110110011101
111111111111111111111111010110100011010
111111111111111111111111010110010010111
111111111111111111111111010110000010100
111111111111111111111111010101110010001
111111111111111111111111010101100001110
111111111111111111111111010101010001011
111111111111111111111111010101000001000
111111111111111111111111010100110000101
111111111111111111111111010100100000010
111111111111111111111111010100001111111
111111111111111111111111010011111111100
111111111111111111111111010011101111001
111111111111111111111111010011011110110
111111111111111111111111010011001110011
111111111111111111111111010010111110000
111111111111111111111111010010101101101
111111111111111111111111010010011101010
111111111111111111111111010010001100111
111111111111111111111111010001111100100
111111111111111111111111010001101100001
111111111111111111111111010001011011110
111111111111111111111111010001001011011
111111111111111111111111010000111011000
111111111111111111111111010000101010101
111111111111111111111111010000011010010
111111111111111111111111010000001001111
111111111111111111111111001111111001100
111111111111111111111111001111101001001
111111111111111111111111001111011000110
111111111111111111111111001111001000011
111111111111111111111111001110111000000
111111111111111111111111001110100111101
111111111111111111111111001110010111010
111111111111111111111111001110000110111
111111111111111111111111001101110110100
111111111111111111111111001101100110001
111111111111111111111111001101010101110
111111111111111111111111001101000101011
111111111111111111111111001100110101000
111111111111111111111111001100100100101
111111111111111111111111001100010100010
111111111111111111111111001100000011111
111111111111111111111111001011110011100
111111111111111111111111001011100011001
111111111111111111111111001011010010110
111111111111111111111111001011000010011
111111111111111111111111001010110010000
111111111111111111111111001010100001101
111111111111111111111111001010010001010
111111111111111111111111001010000000111
111111111111111111111111001001110000100
111111111111111111111111001001100000001
111111111111111111111111001001001111110
111111111111111111111111001000111111011
111111111111111111111111001000101111000
111111111111111111111111001000011110101
111111111111111111111111001000001110010
111111111111111111111111000111111101111
111111111111111111111111000111101101100
111111111111111111111111000111011101001
111111111111111111111111000111001100110
111111111111111111111111000110111100011
111111111111111111111111000110101100000
111111111111111111111111000110011011101
111111111111111111111111000110001011010
111111111111111111111111000101111010111
111111111111111111111111000101101010100
111111111111111111111111000101011010001
111111111111111111111111000101001001110
111111111111111111111111000100111001011
111111111111111111111111000100101001000
111111111111111111111111000100011000101
111111111111111111111111000100001000010
111111111111111111111111000011110111111
111111111111111111111111000011100111100
111111111111111111111111000011010111001
111111111111111111111111000011000110110
111111111111111111111111000010110110011
111111111111111111111111000010100110000
111111111111111111111111000010010101101
111111111111111111111111000010000101010
111111111111111111111111000001110100111
111111111111111111111111000001100100100
111111111111111111111111000001010100001
111111111111111111111111000001000011110
111111111111111111111111000000110011011
111111111111111111111111000000100011000
111111111111111111111111000000010010101
111111111111111111111111000000000010010
111111111111111111111110111111110001111
111111111111111111111110111111100001100
111111111111111111111110111111010001001
111111111111111111111110111111000000110
111111111111111111111110111110110000011
