000000000000000000000000000000000000000
111111111111111111111111111111111010001
111111111111111111111111111111110100010
111111111111111111111111111111101110011
111111111111111111111111111111101000100
111111111111111111111111111111100010101
111111111111111111111111111111011100110
111111111111111111111111111111010110111
111111111111111111111111111111010001000
111111111111111111111111111111001011001
111111111111111111111111111111000101010
111111111111111111111111111110111111011
111111111111111111111111111110111001100
111111111111111111111111111110110011101
111111111111111111111111111110101101110
111111111111111111111111111110100111111
111111111111111111111111111110100010000
111111111111111111111111111110011100001
111111111111111111111111111110010110010
111111111111111111111111111110010000011
111111111111111111111111111110001010100
111111111111111111111111111110000100101
111111111111111111111111111101111110110
111111111111111111111111111101111000111
111111111111111111111111111101110011000
111111111111111111111111111101101101001
111111111111111111111111111101100111010
111111111111111111111111111101100001011
111111111111111111111111111101011011100
111111111111111111111111111101010101101
111111111111111111111111111101001111110
111111111111111111111111111101001001111
111111111111111111111111111101000100000
111111111111111111111111111100111110001
111111111111111111111111111100111000010
111111111111111111111111111100110010011
111111111111111111111111111100101100100
111111111111111111111111111100100110101
111111111111111111111111111100100000110
111111111111111111111111111100011010111
111111111111111111111111111100010101000
111111111111111111111111111100001111001
111111111111111111111111111100001001010
111111111111111111111111111100000011011
111111111111111111111111111011111101100
111111111111111111111111111011110111101
111111111111111111111111111011110001110
111111111111111111111111111011101011111
111111111111111111111111111011100110000
111111111111111111111111111011100000001
111111111111111111111111111011011010010
111111111111111111111111111011010100011
111111111111111111111111111011001110100
111111111111111111111111111011001000101
111111111111111111111111111011000010110
111111111111111111111111111010111100111
111111111111111111111111111010110111000
111111111111111111111111111010110001001
111111111111111111111111111010101011010
111111111111111111111111111010100101011
111111111111111111111111111010011111100
111111111111111111111111111010011001101
111111111111111111111111111010010011110
111111111111111111111111111010001101111
111111111111111111111111111010001000000
111111111111111111111111111010000010001
111111111111111111111111111001111100010
111111111111111111111111111001110110011
111111111111111111111111111001110000100
111111111111111111111111111001101010101
111111111111111111111111111001100100110
111111111111111111111111111001011110111
111111111111111111111111111001011001000
111111111111111111111111111001010011001
111111111111111111111111111001001101010
111111111111111111111111111001000111011
111111111111111111111111111001000001100
111111111111111111111111111000111011101
111111111111111111111111111000110101110
111111111111111111111111111000101111111
111111111111111111111111111000101010000
111111111111111111111111111000100100001
111111111111111111111111111000011110010
111111111111111111111111111000011000011
111111111111111111111111111000010010100
111111111111111111111111111000001100101
111111111111111111111111111000000110110
111111111111111111111111111000000000111
111111111111111111111111110111111011000
111111111111111111111111110111110101001
111111111111111111111111110111101111010
111111111111111111111111110111101001011
111111111111111111111111110111100011100
111111111111111111111111110111011101101
111111111111111111111111110111010111110
111111111111111111111111110111010001111
111111111111111111111111110111001100000
111111111111111111111111110111000110001
111111111111111111111111110111000000010
111111111111111111111111110110111010011
111111111111111111111111110110110100100
111111111111111111111111110110101110101
111111111111111111111111110110101000110
111111111111111111111111110110100010111
111111111111111111111111110110011101000
111111111111111111111111110110010111001
111111111111111111111111110110010001010
111111111111111111111111110110001011011
111111111111111111111111110110000101100
111111111111111111111111110101111111101
111111111111111111111111110101111001110
111111111111111111111111110101110011111
111111111111111111111111110101101110000
111111111111111111111111110101101000001
111111111111111111111111110101100010010
111111111111111111111111110101011100011
111111111111111111111111110101010110100
111111111111111111111111110101010000101
111111111111111111111111110101001010110
111111111111111111111111110101000100111
111111111111111111111111110100111111000
111111111111111111111111110100111001001
111111111111111111111111110100110011010
111111111111111111111111110100101101011
111111111111111111111111110100100111100
111111111111111111111111110100100001101
111111111111111111111111110100011011110
111111111111111111111111110100010101111
111111111111111111111111110100010000000
111111111111111111111111110100001010001
111111111111111111111111110100000100010
111111111111111111111111110011111110011
111111111111111111111111110011111000100
111111111111111111111111110011110010101
111111111111111111111111110011101100110
111111111111111111111111110011100110111
111111111111111111111111110011100001000
111111111111111111111111110011011011001
111111111111111111111111110011010101010
111111111111111111111111110011001111011
111111111111111111111111110011001001100
111111111111111111111111110011000011101
111111111111111111111111110010111101110
111111111111111111111111110010110111111
111111111111111111111111110010110010000
111111111111111111111111110010101100001
111111111111111111111111110010100110010
111111111111111111111111110010100000011
111111111111111111111111110010011010100
111111111111111111111111110010010100101
111111111111111111111111110010001110110
111111111111111111111111110010001000111
111111111111111111111111110010000011000
111111111111111111111111110001111101001
111111111111111111111111110001110111010
111111111111111111111111110001110001011
111111111111111111111111110001101011100
111111111111111111111111110001100101101
111111111111111111111111110001011111110
111111111111111111111111110001011001111
111111111111111111111111110001010100000
111111111111111111111111110001001110001
111111111111111111111111110001001000010
111111111111111111111111110001000010011
111111111111111111111111110000111100100
111111111111111111111111110000110110101
111111111111111111111111110000110000110
111111111111111111111111110000101010111
111111111111111111111111110000100101000
111111111111111111111111110000011111001
111111111111111111111111110000011001010
111111111111111111111111110000010011011
111111111111111111111111110000001101100
111111111111111111111111110000000111101
111111111111111111111111110000000001110
111111111111111111111111101111111011111
111111111111111111111111101111110110000
111111111111111111111111101111110000001
111111111111111111111111101111101010010
111111111111111111111111101111100100011
111111111111111111111111101111011110100
111111111111111111111111101111011000101
111111111111111111111111101111010010110
111111111111111111111111101111001100111
111111111111111111111111101111000111000
111111111111111111111111101111000001001
111111111111111111111111101110111011010
111111111111111111111111101110110101011
111111111111111111111111101110101111100
111111111111111111111111101110101001101
111111111111111111111111101110100011110
111111111111111111111111101110011101111
111111111111111111111111101110011000000
111111111111111111111111101110010010001
111111111111111111111111101110001100010
111111111111111111111111101110000110011
111111111111111111111111101110000000100
111111111111111111111111101101111010101
111111111111111111111111101101110100110
111111111111111111111111101101101110111
111111111111111111111111101101101001000
111111111111111111111111101101100011001
111111111111111111111111101101011101010
111111111111111111111111101101010111011
111111111111111111111111101101010001100
111111111111111111111111101101001011101
111111111111111111111111101101000101110
111111111111111111111111101100111111111
111111111111111111111111101100111010000
111111111111111111111111101100110100001
111111111111111111111111101100101110010
111111111111111111111111101100101000011
111111111111111111111111101100100010100
111111111111111111111111101100011100101
111111111111111111111111101100010110110
111111111111111111111111101100010000111
111111111111111111111111101100001011000
111111111111111111111111101100000101001
111111111111111111111111101011111111010
111111111111111111111111101011111001011
111111111111111111111111101011110011100
111111111111111111111111101011101101101
111111111111111111111111101011100111110
111111111111111111111111101011100001111
111111111111111111111111101011011100000
111111111111111111111111101011010110001
111111111111111111111111101011010000010
111111111111111111111111101011001010011
111111111111111111111111101011000100100
111111111111111111111111101010111110101
111111111111111111111111101010111000110
111111111111111111111111101010110010111
111111111111111111111111101010101101000
111111111111111111111111101010100111001
111111111111111111111111101010100001010
111111111111111111111111101010011011011
111111111111111111111111101010010101100
111111111111111111111111101010001111101
111111111111111111111111101010001001110
111111111111111111111111101010000011111
111111111111111111111111101001111110000
111111111111111111111111101001111000001
111111111111111111111111101001110010010
111111111111111111111111101001101100011
111111111111111111111111101001100110100
111111111111111111111111101001100000101
111111111111111111111111101001011010110
111111111111111111111111101001010100111
111111111111111111111111101001001111000
111111111111111111111111101001001001001
111111111111111111111111101001000011010
111111111111111111111111101000111101011
111111111111111111111111101000110111100
111111111111111111111111101000110001101
111111111111111111111111101000101011110
111111111111111111111111101000100101111
