000000000000000000000000000000000000000
111111111111111111111111111111111111010
111111111111111111111111111111111110100
111111111111111111111111111111111101110
111111111111111111111111111111111101000
111111111111111111111111111111111100010
111111111111111111111111111111111011100
111111111111111111111111111111111010110
111111111111111111111111111111111010000
111111111111111111111111111111111001010
111111111111111111111111111111111000100
111111111111111111111111111111110111110
111111111111111111111111111111110111000
111111111111111111111111111111110110010
111111111111111111111111111111110101100
111111111111111111111111111111110100110
111111111111111111111111111111110100000
111111111111111111111111111111110011010
111111111111111111111111111111110010100
111111111111111111111111111111110001110
111111111111111111111111111111110001000
111111111111111111111111111111110000010
111111111111111111111111111111101111100
111111111111111111111111111111101110110
111111111111111111111111111111101110000
111111111111111111111111111111101101010
111111111111111111111111111111101100100
111111111111111111111111111111101011110
111111111111111111111111111111101011000
111111111111111111111111111111101010010
111111111111111111111111111111101001100
111111111111111111111111111111101000110
111111111111111111111111111111101000000
111111111111111111111111111111100111010
111111111111111111111111111111100110100
111111111111111111111111111111100101110
111111111111111111111111111111100101000
111111111111111111111111111111100100010
111111111111111111111111111111100011100
111111111111111111111111111111100010110
111111111111111111111111111111100010000
111111111111111111111111111111100001010
111111111111111111111111111111100000100
111111111111111111111111111111011111110
111111111111111111111111111111011111000
111111111111111111111111111111011110010
111111111111111111111111111111011101100
111111111111111111111111111111011100110
111111111111111111111111111111011100000
111111111111111111111111111111011011010
111111111111111111111111111111011010100
111111111111111111111111111111011001110
111111111111111111111111111111011001000
111111111111111111111111111111011000010
111111111111111111111111111111010111100
111111111111111111111111111111010110110
111111111111111111111111111111010110000
111111111111111111111111111111010101010
111111111111111111111111111111010100100
111111111111111111111111111111010011110
111111111111111111111111111111010011000
111111111111111111111111111111010010010
111111111111111111111111111111010001100
111111111111111111111111111111010000110
111111111111111111111111111111010000000
111111111111111111111111111111001111010
111111111111111111111111111111001110100
111111111111111111111111111111001101110
111111111111111111111111111111001101000
111111111111111111111111111111001100010
111111111111111111111111111111001011100
111111111111111111111111111111001010110
111111111111111111111111111111001010000
111111111111111111111111111111001001010
111111111111111111111111111111001000100
111111111111111111111111111111000111110
111111111111111111111111111111000111000
111111111111111111111111111111000110010
111111111111111111111111111111000101100
111111111111111111111111111111000100110
111111111111111111111111111111000100000
111111111111111111111111111111000011010
111111111111111111111111111111000010100
111111111111111111111111111111000001110
111111111111111111111111111111000001000
111111111111111111111111111111000000010
111111111111111111111111111110111111100
111111111111111111111111111110111110110
111111111111111111111111111110111110000
111111111111111111111111111110111101010
111111111111111111111111111110111100100
111111111111111111111111111110111011110
111111111111111111111111111110111011000
111111111111111111111111111110111010010
111111111111111111111111111110111001100
111111111111111111111111111110111000110
111111111111111111111111111110111000000
111111111111111111111111111110110111010
111111111111111111111111111110110110100
111111111111111111111111111110110101110
111111111111111111111111111110110101000
111111111111111111111111111110110100010
111111111111111111111111111110110011100
111111111111111111111111111110110010110
111111111111111111111111111110110010000
111111111111111111111111111110110001010
111111111111111111111111111110110000100
111111111111111111111111111110101111110
111111111111111111111111111110101111000
111111111111111111111111111110101110010
111111111111111111111111111110101101100
111111111111111111111111111110101100110
111111111111111111111111111110101100000
111111111111111111111111111110101011010
111111111111111111111111111110101010100
111111111111111111111111111110101001110
111111111111111111111111111110101001000
111111111111111111111111111110101000010
111111111111111111111111111110100111100
111111111111111111111111111110100110110
111111111111111111111111111110100110000
111111111111111111111111111110100101010
111111111111111111111111111110100100100
111111111111111111111111111110100011110
111111111111111111111111111110100011000
111111111111111111111111111110100010010
111111111111111111111111111110100001100
111111111111111111111111111110100000110
111111111111111111111111111110100000000
111111111111111111111111111110011111010
111111111111111111111111111110011110100
111111111111111111111111111110011101110
111111111111111111111111111110011101000
111111111111111111111111111110011100010
111111111111111111111111111110011011100
111111111111111111111111111110011010110
111111111111111111111111111110011010000
111111111111111111111111111110011001010
111111111111111111111111111110011000100
111111111111111111111111111110010111110
111111111111111111111111111110010111000
111111111111111111111111111110010110010
111111111111111111111111111110010101100
111111111111111111111111111110010100110
111111111111111111111111111110010100000
111111111111111111111111111110010011010
111111111111111111111111111110010010100
111111111111111111111111111110010001110
111111111111111111111111111110010001000
111111111111111111111111111110010000010
111111111111111111111111111110001111100
111111111111111111111111111110001110110
111111111111111111111111111110001110000
111111111111111111111111111110001101010
111111111111111111111111111110001100100
111111111111111111111111111110001011110
111111111111111111111111111110001011000
111111111111111111111111111110001010010
111111111111111111111111111110001001100
111111111111111111111111111110001000110
111111111111111111111111111110001000000
111111111111111111111111111110000111010
111111111111111111111111111110000110100
111111111111111111111111111110000101110
111111111111111111111111111110000101000
111111111111111111111111111110000100010
111111111111111111111111111110000011100
111111111111111111111111111110000010110
111111111111111111111111111110000010000
111111111111111111111111111110000001010
111111111111111111111111111110000000100
111111111111111111111111111101111111110
111111111111111111111111111101111111000
111111111111111111111111111101111110010
111111111111111111111111111101111101100
111111111111111111111111111101111100110
111111111111111111111111111101111100000
111111111111111111111111111101111011010
111111111111111111111111111101111010100
111111111111111111111111111101111001110
111111111111111111111111111101111001000
111111111111111111111111111101111000010
111111111111111111111111111101110111100
111111111111111111111111111101110110110
111111111111111111111111111101110110000
111111111111111111111111111101110101010
111111111111111111111111111101110100100
111111111111111111111111111101110011110
111111111111111111111111111101110011000
111111111111111111111111111101110010010
111111111111111111111111111101110001100
111111111111111111111111111101110000110
111111111111111111111111111101110000000
111111111111111111111111111101101111010
111111111111111111111111111101101110100
111111111111111111111111111101101101110
111111111111111111111111111101101101000
111111111111111111111111111101101100010
111111111111111111111111111101101011100
111111111111111111111111111101101010110
111111111111111111111111111101101010000
111111111111111111111111111101101001010
111111111111111111111111111101101000100
111111111111111111111111111101100111110
111111111111111111111111111101100111000
111111111111111111111111111101100110010
111111111111111111111111111101100101100
111111111111111111111111111101100100110
111111111111111111111111111101100100000
111111111111111111111111111101100011010
111111111111111111111111111101100010100
111111111111111111111111111101100001110
111111111111111111111111111101100001000
111111111111111111111111111101100000010
111111111111111111111111111101011111100
111111111111111111111111111101011110110
111111111111111111111111111101011110000
111111111111111111111111111101011101010
111111111111111111111111111101011100100
111111111111111111111111111101011011110
111111111111111111111111111101011011000
111111111111111111111111111101011010010
111111111111111111111111111101011001100
111111111111111111111111111101011000110
111111111111111111111111111101011000000
111111111111111111111111111101010111010
111111111111111111111111111101010110100
111111111111111111111111111101010101110
111111111111111111111111111101010101000
111111111111111111111111111101010100010
111111111111111111111111111101010011100
111111111111111111111111111101010010110
111111111111111111111111111101010010000
111111111111111111111111111101010001010
111111111111111111111111111101010000100
111111111111111111111111111101001111110
111111111111111111111111111101001111000
111111111111111111111111111101001110010
111111111111111111111111111101001101100
111111111111111111111111111101001100110
111111111111111111111111111101001100000
111111111111111111111111111101001011010
111111111111111111111111111101001010100
111111111111111111111111111101001001110
111111111111111111111111111101001001000
111111111111111111111111111101001000010
111111111111111111111111111101000111100
111111111111111111111111111101000110110
111111111111111111111111111101000110000
111111111111111111111111111101000101010
111111111111111111111111111101000100100
111111111111111111111111111101000011110
111111111111111111111111111101000011000
111111111111111111111111111101000010010
111111111111111111111111111101000001100
111111111111111111111111111101000000110
