000000000000000000000000000000000000000
000000000000000000000000000000010111011
000000000000000000000000000000101110110
000000000000000000000000000001000110001
000000000000000000000000000001011101100
000000000000000000000000000001110100111
000000000000000000000000000010001100010
000000000000000000000000000010100011101
000000000000000000000000000010111011000
000000000000000000000000000011010010011
000000000000000000000000000011101001110
000000000000000000000000000100000001001
000000000000000000000000000100011000100
000000000000000000000000000100101111111
000000000000000000000000000101000111010
000000000000000000000000000101011110101
000000000000000000000000000101110110000
000000000000000000000000000110001101011
000000000000000000000000000110100100110
000000000000000000000000000110111100001
000000000000000000000000000111010011100
000000000000000000000000000111101010111
000000000000000000000000001000000010010
000000000000000000000000001000011001101
000000000000000000000000001000110001000
000000000000000000000000001001001000011
000000000000000000000000001001011111110
000000000000000000000000001001110111001
000000000000000000000000001010001110100
000000000000000000000000001010100101111
000000000000000000000000001010111101010
000000000000000000000000001011010100101
000000000000000000000000001011101100000
000000000000000000000000001100000011011
000000000000000000000000001100011010110
000000000000000000000000001100110010001
000000000000000000000000001101001001100
000000000000000000000000001101100000111
000000000000000000000000001101111000010
000000000000000000000000001110001111101
000000000000000000000000001110100111000
000000000000000000000000001110111110011
000000000000000000000000001111010101110
000000000000000000000000001111101101001
000000000000000000000000010000000100100
000000000000000000000000010000011011111
000000000000000000000000010000110011010
000000000000000000000000010001001010101
000000000000000000000000010001100010000
000000000000000000000000010001111001011
000000000000000000000000010010010000110
000000000000000000000000010010101000001
000000000000000000000000010010111111100
000000000000000000000000010011010110111
000000000000000000000000010011101110010
000000000000000000000000010100000101101
000000000000000000000000010100011101000
000000000000000000000000010100110100011
000000000000000000000000010101001011110
000000000000000000000000010101100011001
000000000000000000000000010101111010100
000000000000000000000000010110010001111
000000000000000000000000010110101001010
000000000000000000000000010111000000101
000000000000000000000000010111011000000
000000000000000000000000010111101111011
000000000000000000000000011000000110110
000000000000000000000000011000011110001
000000000000000000000000011000110101100
000000000000000000000000011001001100111
000000000000000000000000011001100100010
000000000000000000000000011001111011101
000000000000000000000000011010010011000
000000000000000000000000011010101010011
000000000000000000000000011011000001110
000000000000000000000000011011011001001
000000000000000000000000011011110000100
000000000000000000000000011100000111111
000000000000000000000000011100011111010
000000000000000000000000011100110110101
000000000000000000000000011101001110000
000000000000000000000000011101100101011
000000000000000000000000011101111100110
000000000000000000000000011110010100001
000000000000000000000000011110101011100
000000000000000000000000011111000010111
000000000000000000000000011111011010010
000000000000000000000000011111110001101
000000000000000000000000100000001001000
000000000000000000000000100000100000011
000000000000000000000000100000110111110
000000000000000000000000100001001111001
000000000000000000000000100001100110100
000000000000000000000000100001111101111
000000000000000000000000100010010101010
000000000000000000000000100010101100101
000000000000000000000000100011000100000
000000000000000000000000100011011011011
000000000000000000000000100011110010110
000000000000000000000000100100001010001
000000000000000000000000100100100001100
000000000000000000000000100100111000111
000000000000000000000000100101010000010
000000000000000000000000100101100111101
000000000000000000000000100101111111000
000000000000000000000000100110010110011
000000000000000000000000100110101101110
000000000000000000000000100111000101001
000000000000000000000000100111011100100
000000000000000000000000100111110011111
000000000000000000000000101000001011010
000000000000000000000000101000100010101
000000000000000000000000101000111010000
000000000000000000000000101001010001011
000000000000000000000000101001101000110
000000000000000000000000101010000000001
000000000000000000000000101010010111100
000000000000000000000000101010101110111
000000000000000000000000101011000110010
000000000000000000000000101011011101101
000000000000000000000000101011110101000
000000000000000000000000101100001100011
000000000000000000000000101100100011110
000000000000000000000000101100111011001
000000000000000000000000101101010010100
000000000000000000000000101101101001111
000000000000000000000000101110000001010
000000000000000000000000101110011000101
000000000000000000000000101110110000000
000000000000000000000000101111000111011
000000000000000000000000101111011110110
000000000000000000000000101111110110001
000000000000000000000000110000001101100
000000000000000000000000110000100100111
000000000000000000000000110000111100010
000000000000000000000000110001010011101
000000000000000000000000110001101011000
000000000000000000000000110010000010011
000000000000000000000000110010011001110
000000000000000000000000110010110001001
000000000000000000000000110011001000100
000000000000000000000000110011011111111
000000000000000000000000110011110111010
000000000000000000000000110100001110101
000000000000000000000000110100100110000
000000000000000000000000110100111101011
000000000000000000000000110101010100110
000000000000000000000000110101101100001
000000000000000000000000110110000011100
000000000000000000000000110110011010111
000000000000000000000000110110110010010
000000000000000000000000110111001001101
000000000000000000000000110111100001000
000000000000000000000000110111111000011
000000000000000000000000111000001111110
000000000000000000000000111000100111001
000000000000000000000000111000111110100
000000000000000000000000111001010101111
000000000000000000000000111001101101010
000000000000000000000000111010000100101
000000000000000000000000111010011100000
000000000000000000000000111010110011011
000000000000000000000000111011001010110
000000000000000000000000111011100010001
000000000000000000000000111011111001100
000000000000000000000000111100010000111
000000000000000000000000111100101000010
000000000000000000000000111100111111101
000000000000000000000000111101010111000
000000000000000000000000111101101110011
000000000000000000000000111110000101110
000000000000000000000000111110011101001
000000000000000000000000111110110100100
000000000000000000000000111111001011111
000000000000000000000000111111100011010
000000000000000000000000111111111010101
000000000000000000000001000000010010000
000000000000000000000001000000101001011
000000000000000000000001000001000000110
000000000000000000000001000001011000001
000000000000000000000001000001101111100
000000000000000000000001000010000110111
000000000000000000000001000010011110010
000000000000000000000001000010110101101
000000000000000000000001000011001101000
000000000000000000000001000011100100011
000000000000000000000001000011111011110
000000000000000000000001000100010011001
000000000000000000000001000100101010100
000000000000000000000001000101000001111
000000000000000000000001000101011001010
000000000000000000000001000101110000101
000000000000000000000001000110001000000
000000000000000000000001000110011111011
000000000000000000000001000110110110110
000000000000000000000001000111001110001
000000000000000000000001000111100101100
000000000000000000000001000111111100111
000000000000000000000001001000010100010
000000000000000000000001001000101011101
000000000000000000000001001001000011000
000000000000000000000001001001011010011
000000000000000000000001001001110001110
000000000000000000000001001010001001001
000000000000000000000001001010100000100
000000000000000000000001001010110111111
000000000000000000000001001011001111010
000000000000000000000001001011100110101
000000000000000000000001001011111110000
000000000000000000000001001100010101011
000000000000000000000001001100101100110
000000000000000000000001001101000100001
000000000000000000000001001101011011100
000000000000000000000001001101110010111
000000000000000000000001001110001010010
000000000000000000000001001110100001101
000000000000000000000001001110111001000
000000000000000000000001001111010000011
000000000000000000000001001111100111110
000000000000000000000001001111111111001
000000000000000000000001010000010110100
000000000000000000000001010000101101111
000000000000000000000001010001000101010
000000000000000000000001010001011100101
000000000000000000000001010001110100000
000000000000000000000001010010001011011
000000000000000000000001010010100010110
000000000000000000000001010010111010001
000000000000000000000001010011010001100
000000000000000000000001010011101000111
000000000000000000000001010100000000010
000000000000000000000001010100010111101
000000000000000000000001010100101111000
000000000000000000000001010101000110011
000000000000000000000001010101011101110
000000000000000000000001010101110101001
000000000000000000000001010110001100100
000000000000000000000001010110100011111
000000000000000000000001010110111011010
000000000000000000000001010111010010101
000000000000000000000001010111101010000
000000000000000000000001011000000001011
000000000000000000000001011000011000110
000000000000000000000001011000110000001
000000000000000000000001011001000111100
000000000000000000000001011001011110111
000000000000000000000001011001110110010
000000000000000000000001011010001101101
000000000000000000000001011010100101000
000000000000000000000001011010111100011
000000000000000000000001011011010011110
000000000000000000000001011011101011001
000000000000000000000001011100000010100
000000000000000000000001011100011001111
000000000000000000000001011100110001010
000000000000000000000001011101001000101
