000000000000000000000000000000000000000
111111111111111111111111111111100001100
111111111111111111111111111111000011000
111111111111111111111111111110100100100
111111111111111111111111111110000110000
111111111111111111111111111101100111100
111111111111111111111111111101001001000
111111111111111111111111111100101010100
111111111111111111111111111100001100000
111111111111111111111111111011101101100
111111111111111111111111111011001111000
111111111111111111111111111010110000100
111111111111111111111111111010010010000
111111111111111111111111111001110011100
111111111111111111111111111001010101000
111111111111111111111111111000110110100
111111111111111111111111111000011000000
111111111111111111111111110111111001100
111111111111111111111111110111011011000
111111111111111111111111110110111100100
111111111111111111111111110110011110000
111111111111111111111111110101111111100
111111111111111111111111110101100001000
111111111111111111111111110101000010100
111111111111111111111111110100100100000
111111111111111111111111110100000101100
111111111111111111111111110011100111000
111111111111111111111111110011001000100
111111111111111111111111110010101010000
111111111111111111111111110010001011100
111111111111111111111111110001101101000
111111111111111111111111110001001110100
111111111111111111111111110000110000000
111111111111111111111111110000010001100
111111111111111111111111101111110011000
111111111111111111111111101111010100100
111111111111111111111111101110110110000
111111111111111111111111101110010111100
111111111111111111111111101101111001000
111111111111111111111111101101011010100
111111111111111111111111101100111100000
111111111111111111111111101100011101100
111111111111111111111111101011111111000
111111111111111111111111101011100000100
111111111111111111111111101011000010000
111111111111111111111111101010100011100
111111111111111111111111101010000101000
111111111111111111111111101001100110100
111111111111111111111111101001001000000
111111111111111111111111101000101001100
111111111111111111111111101000001011000
111111111111111111111111100111101100100
111111111111111111111111100111001110000
111111111111111111111111100110101111100
111111111111111111111111100110010001000
111111111111111111111111100101110010100
111111111111111111111111100101010100000
111111111111111111111111100100110101100
111111111111111111111111100100010111000
111111111111111111111111100011111000100
111111111111111111111111100011011010000
111111111111111111111111100010111011100
111111111111111111111111100010011101000
111111111111111111111111100001111110100
111111111111111111111111100001100000000
111111111111111111111111100001000001100
111111111111111111111111100000100011000
111111111111111111111111100000000100100
111111111111111111111111011111100110000
111111111111111111111111011111000111100
111111111111111111111111011110101001000
111111111111111111111111011110001010100
111111111111111111111111011101101100000
111111111111111111111111011101001101100
111111111111111111111111011100101111000
111111111111111111111111011100010000100
111111111111111111111111011011110010000
111111111111111111111111011011010011100
111111111111111111111111011010110101000
111111111111111111111111011010010110100
111111111111111111111111011001111000000
111111111111111111111111011001011001100
111111111111111111111111011000111011000
111111111111111111111111011000011100100
111111111111111111111111010111111110000
111111111111111111111111010111011111100
111111111111111111111111010111000001000
111111111111111111111111010110100010100
111111111111111111111111010110000100000
111111111111111111111111010101100101100
111111111111111111111111010101000111000
111111111111111111111111010100101000100
111111111111111111111111010100001010000
111111111111111111111111010011101011100
111111111111111111111111010011001101000
111111111111111111111111010010101110100
111111111111111111111111010010010000000
111111111111111111111111010001110001100
111111111111111111111111010001010011000
111111111111111111111111010000110100100
111111111111111111111111010000010110000
111111111111111111111111001111110111100
111111111111111111111111001111011001000
111111111111111111111111001110111010100
111111111111111111111111001110011100000
111111111111111111111111001101111101100
111111111111111111111111001101011111000
111111111111111111111111001101000000100
111111111111111111111111001100100010000
111111111111111111111111001100000011100
111111111111111111111111001011100101000
111111111111111111111111001011000110100
111111111111111111111111001010101000000
111111111111111111111111001010001001100
111111111111111111111111001001101011000
111111111111111111111111001001001100100
111111111111111111111111001000101110000
111111111111111111111111001000001111100
111111111111111111111111000111110001000
111111111111111111111111000111010010100
111111111111111111111111000110110100000
111111111111111111111111000110010101100
111111111111111111111111000101110111000
111111111111111111111111000101011000100
111111111111111111111111000100111010000
111111111111111111111111000100011011100
111111111111111111111111000011111101000
111111111111111111111111000011011110100
111111111111111111111111000011000000000
111111111111111111111111000010100001100
111111111111111111111111000010000011000
111111111111111111111111000001100100100
111111111111111111111111000001000110000
111111111111111111111111000000100111100
111111111111111111111111000000001001000
111111111111111111111110111111101010100
111111111111111111111110111111001100000
111111111111111111111110111110101101100
111111111111111111111110111110001111000
111111111111111111111110111101110000100
111111111111111111111110111101010010000
111111111111111111111110111100110011100
111111111111111111111110111100010101000
111111111111111111111110111011110110100
111111111111111111111110111011011000000
111111111111111111111110111010111001100
111111111111111111111110111010011011000
111111111111111111111110111001111100100
111111111111111111111110111001011110000
111111111111111111111110111000111111100
111111111111111111111110111000100001000
111111111111111111111110111000000010100
111111111111111111111110110111100100000
111111111111111111111110110111000101100
111111111111111111111110110110100111000
111111111111111111111110110110001000100
111111111111111111111110110101101010000
111111111111111111111110110101001011100
111111111111111111111110110100101101000
111111111111111111111110110100001110100
111111111111111111111110110011110000000
111111111111111111111110110011010001100
111111111111111111111110110010110011000
111111111111111111111110110010010100100
111111111111111111111110110001110110000
111111111111111111111110110001010111100
111111111111111111111110110000111001000
111111111111111111111110110000011010100
111111111111111111111110101111111100000
111111111111111111111110101111011101100
111111111111111111111110101110111111000
111111111111111111111110101110100000100
111111111111111111111110101110000010000
111111111111111111111110101101100011100
111111111111111111111110101101000101000
111111111111111111111110101100100110100
111111111111111111111110101100001000000
111111111111111111111110101011101001100
111111111111111111111110101011001011000
111111111111111111111110101010101100100
111111111111111111111110101010001110000
111111111111111111111110101001101111100
111111111111111111111110101001010001000
111111111111111111111110101000110010100
111111111111111111111110101000010100000
111111111111111111111110100111110101100
111111111111111111111110100111010111000
111111111111111111111110100110111000100
111111111111111111111110100110011010000
111111111111111111111110100101111011100
111111111111111111111110100101011101000
111111111111111111111110100100111110100
111111111111111111111110100100100000000
111111111111111111111110100100000001100
111111111111111111111110100011100011000
111111111111111111111110100011000100100
111111111111111111111110100010100110000
111111111111111111111110100010000111100
111111111111111111111110100001101001000
111111111111111111111110100001001010100
111111111111111111111110100000101100000
111111111111111111111110100000001101100
111111111111111111111110011111101111000
111111111111111111111110011111010000100
111111111111111111111110011110110010000
111111111111111111111110011110010011100
111111111111111111111110011101110101000
111111111111111111111110011101010110100
111111111111111111111110011100111000000
111111111111111111111110011100011001100
111111111111111111111110011011111011000
111111111111111111111110011011011100100
111111111111111111111110011010111110000
111111111111111111111110011010011111100
111111111111111111111110011010000001000
111111111111111111111110011001100010100
111111111111111111111110011001000100000
111111111111111111111110011000100101100
111111111111111111111110011000000111000
111111111111111111111110010111101000100
111111111111111111111110010111001010000
111111111111111111111110010110101011100
111111111111111111111110010110001101000
111111111111111111111110010101101110100
111111111111111111111110010101010000000
111111111111111111111110010100110001100
111111111111111111111110010100010011000
111111111111111111111110010011110100100
111111111111111111111110010011010110000
111111111111111111111110010010110111100
111111111111111111111110010010011001000
111111111111111111111110010001111010100
111111111111111111111110010001011100000
111111111111111111111110010000111101100
111111111111111111111110010000011111000
111111111111111111111110010000000000100
111111111111111111111110001111100010000
111111111111111111111110001111000011100
111111111111111111111110001110100101000
111111111111111111111110001110000110100
111111111111111111111110001101101000000
111111111111111111111110001101001001100
111111111111111111111110001100101011000
111111111111111111111110001100001100100
111111111111111111111110001011101110000
111111111111111111111110001011001111100
111111111111111111111110001010110001000
111111111111111111111110001010010010100
111111111111111111111110001001110100000
111111111111111111111110001001010101100
111111111111111111111110001000110111000
111111111111111111111110001000011000100
111111111111111111111110000111111010000
111111111111111111111110000111011011100
111111111111111111111110000110111101000
111111111111111111111110000110011110100
