000000000000000000000000000000000000000
000000000000000000000000000000001101101
000000000000000000000000000000011011010
000000000000000000000000000000101000111
000000000000000000000000000000110110100
000000000000000000000000000001000100001
000000000000000000000000000001010001110
000000000000000000000000000001011111011
000000000000000000000000000001101101000
000000000000000000000000000001111010101
000000000000000000000000000010001000010
000000000000000000000000000010010101111
000000000000000000000000000010100011100
000000000000000000000000000010110001001
000000000000000000000000000010111110110
000000000000000000000000000011001100011
000000000000000000000000000011011010000
000000000000000000000000000011100111101
000000000000000000000000000011110101010
000000000000000000000000000100000010111
000000000000000000000000000100010000100
000000000000000000000000000100011110001
000000000000000000000000000100101011110
000000000000000000000000000100111001011
000000000000000000000000000101000111000
000000000000000000000000000101010100101
000000000000000000000000000101100010010
000000000000000000000000000101101111111
000000000000000000000000000101111101100
000000000000000000000000000110001011001
000000000000000000000000000110011000110
000000000000000000000000000110100110011
000000000000000000000000000110110100000
000000000000000000000000000111000001101
000000000000000000000000000111001111010
000000000000000000000000000111011100111
000000000000000000000000000111101010100
000000000000000000000000000111111000001
000000000000000000000000001000000101110
000000000000000000000000001000010011011
000000000000000000000000001000100001000
000000000000000000000000001000101110101
000000000000000000000000001000111100010
000000000000000000000000001001001001111
000000000000000000000000001001010111100
000000000000000000000000001001100101001
000000000000000000000000001001110010110
000000000000000000000000001010000000011
000000000000000000000000001010001110000
000000000000000000000000001010011011101
000000000000000000000000001010101001010
000000000000000000000000001010110110111
000000000000000000000000001011000100100
000000000000000000000000001011010010001
000000000000000000000000001011011111110
000000000000000000000000001011101101011
000000000000000000000000001011111011000
000000000000000000000000001100001000101
000000000000000000000000001100010110010
000000000000000000000000001100100011111
000000000000000000000000001100110001100
000000000000000000000000001100111111001
000000000000000000000000001101001100110
000000000000000000000000001101011010011
000000000000000000000000001101101000000
000000000000000000000000001101110101101
000000000000000000000000001110000011010
000000000000000000000000001110010000111
000000000000000000000000001110011110100
000000000000000000000000001110101100001
000000000000000000000000001110111001110
000000000000000000000000001111000111011
000000000000000000000000001111010101000
000000000000000000000000001111100010101
000000000000000000000000001111110000010
000000000000000000000000001111111101111
000000000000000000000000010000001011100
000000000000000000000000010000011001001
000000000000000000000000010000100110110
000000000000000000000000010000110100011
000000000000000000000000010001000010000
000000000000000000000000010001001111101
000000000000000000000000010001011101010
000000000000000000000000010001101010111
000000000000000000000000010001111000100
000000000000000000000000010010000110001
000000000000000000000000010010010011110
000000000000000000000000010010100001011
000000000000000000000000010010101111000
000000000000000000000000010010111100101
000000000000000000000000010011001010010
000000000000000000000000010011010111111
000000000000000000000000010011100101100
000000000000000000000000010011110011001
000000000000000000000000010100000000110
000000000000000000000000010100001110011
000000000000000000000000010100011100000
000000000000000000000000010100101001101
000000000000000000000000010100110111010
000000000000000000000000010101000100111
000000000000000000000000010101010010100
000000000000000000000000010101100000001
000000000000000000000000010101101101110
000000000000000000000000010101111011011
000000000000000000000000010110001001000
000000000000000000000000010110010110101
000000000000000000000000010110100100010
000000000000000000000000010110110001111
000000000000000000000000010110111111100
000000000000000000000000010111001101001
000000000000000000000000010111011010110
000000000000000000000000010111101000011
000000000000000000000000010111110110000
000000000000000000000000011000000011101
000000000000000000000000011000010001010
000000000000000000000000011000011110111
000000000000000000000000011000101100100
000000000000000000000000011000111010001
000000000000000000000000011001000111110
000000000000000000000000011001010101011
000000000000000000000000011001100011000
000000000000000000000000011001110000101
000000000000000000000000011001111110010
000000000000000000000000011010001011111
000000000000000000000000011010011001100
000000000000000000000000011010100111001
000000000000000000000000011010110100110
000000000000000000000000011011000010011
000000000000000000000000011011010000000
000000000000000000000000011011011101101
000000000000000000000000011011101011010
000000000000000000000000011011111000111
000000000000000000000000011100000110100
000000000000000000000000011100010100001
000000000000000000000000011100100001110
000000000000000000000000011100101111011
000000000000000000000000011100111101000
000000000000000000000000011101001010101
000000000000000000000000011101011000010
000000000000000000000000011101100101111
000000000000000000000000011101110011100
000000000000000000000000011110000001001
000000000000000000000000011110001110110
000000000000000000000000011110011100011
000000000000000000000000011110101010000
000000000000000000000000011110110111101
000000000000000000000000011111000101010
000000000000000000000000011111010010111
000000000000000000000000011111100000100
000000000000000000000000011111101110001
000000000000000000000000011111111011110
000000000000000000000000100000001001011
000000000000000000000000100000010111000
000000000000000000000000100000100100101
000000000000000000000000100000110010010
000000000000000000000000100000111111111
000000000000000000000000100001001101100
000000000000000000000000100001011011001
000000000000000000000000100001101000110
000000000000000000000000100001110110011
000000000000000000000000100010000100000
000000000000000000000000100010010001101
000000000000000000000000100010011111010
000000000000000000000000100010101100111
000000000000000000000000100010111010100
000000000000000000000000100011001000001
000000000000000000000000100011010101110
000000000000000000000000100011100011011
000000000000000000000000100011110001000
000000000000000000000000100011111110101
000000000000000000000000100100001100010
000000000000000000000000100100011001111
000000000000000000000000100100100111100
000000000000000000000000100100110101001
000000000000000000000000100101000010110
000000000000000000000000100101010000011
000000000000000000000000100101011110000
000000000000000000000000100101101011101
000000000000000000000000100101111001010
000000000000000000000000100110000110111
000000000000000000000000100110010100100
000000000000000000000000100110100010001
000000000000000000000000100110101111110
000000000000000000000000100110111101011
000000000000000000000000100111001011000
000000000000000000000000100111011000101
000000000000000000000000100111100110010
000000000000000000000000100111110011111
000000000000000000000000101000000001100
000000000000000000000000101000001111001
000000000000000000000000101000011100110
000000000000000000000000101000101010011
000000000000000000000000101000111000000
000000000000000000000000101001000101101
000000000000000000000000101001010011010
000000000000000000000000101001100000111
000000000000000000000000101001101110100
000000000000000000000000101001111100001
000000000000000000000000101010001001110
000000000000000000000000101010010111011
000000000000000000000000101010100101000
000000000000000000000000101010110010101
000000000000000000000000101011000000010
000000000000000000000000101011001101111
000000000000000000000000101011011011100
000000000000000000000000101011101001001
000000000000000000000000101011110110110
000000000000000000000000101100000100011
000000000000000000000000101100010010000
000000000000000000000000101100011111101
000000000000000000000000101100101101010
000000000000000000000000101100111010111
000000000000000000000000101101001000100
000000000000000000000000101101010110001
000000000000000000000000101101100011110
000000000000000000000000101101110001011
000000000000000000000000101101111111000
000000000000000000000000101110001100101
000000000000000000000000101110011010010
000000000000000000000000101110100111111
000000000000000000000000101110110101100
000000000000000000000000101111000011001
000000000000000000000000101111010000110
000000000000000000000000101111011110011
000000000000000000000000101111101100000
000000000000000000000000101111111001101
000000000000000000000000110000000111010
000000000000000000000000110000010100111
000000000000000000000000110000100010100
000000000000000000000000110000110000001
000000000000000000000000110000111101110
000000000000000000000000110001001011011
000000000000000000000000110001011001000
000000000000000000000000110001100110101
000000000000000000000000110001110100010
000000000000000000000000110010000001111
000000000000000000000000110010001111100
000000000000000000000000110010011101001
000000000000000000000000110010101010110
000000000000000000000000110010111000011
000000000000000000000000110011000110000
000000000000000000000000110011010011101
000000000000000000000000110011100001010
000000000000000000000000110011101110111
000000000000000000000000110011111100100
000000000000000000000000110100001010001
000000000000000000000000110100010111110
000000000000000000000000110100100101011
000000000000000000000000110100110011000
000000000000000000000000110101000000101
000000000000000000000000110101001110010
000000000000000000000000110101011011111
000000000000000000000000110101101001100
000000000000000000000000110101110111001
000000000000000000000000110110000100110
000000000000000000000000110110010010011
