000000000000000000000000000000000000000
111111111111111111111111111111110111111
111111111111111111111111111111101111110
111111111111111111111111111111100111101
111111111111111111111111111111011111100
111111111111111111111111111111010111011
111111111111111111111111111111001111010
111111111111111111111111111111000111001
111111111111111111111111111110111111000
111111111111111111111111111110110110111
111111111111111111111111111110101110110
111111111111111111111111111110100110101
111111111111111111111111111110011110100
111111111111111111111111111110010110011
111111111111111111111111111110001110010
111111111111111111111111111110000110001
111111111111111111111111111101111110000
111111111111111111111111111101110101111
111111111111111111111111111101101101110
111111111111111111111111111101100101101
111111111111111111111111111101011101100
111111111111111111111111111101010101011
111111111111111111111111111101001101010
111111111111111111111111111101000101001
111111111111111111111111111100111101000
111111111111111111111111111100110100111
111111111111111111111111111100101100110
111111111111111111111111111100100100101
111111111111111111111111111100011100100
111111111111111111111111111100010100011
111111111111111111111111111100001100010
111111111111111111111111111100000100001
111111111111111111111111111011111100000
111111111111111111111111111011110011111
111111111111111111111111111011101011110
111111111111111111111111111011100011101
111111111111111111111111111011011011100
111111111111111111111111111011010011011
111111111111111111111111111011001011010
111111111111111111111111111011000011001
111111111111111111111111111010111011000
111111111111111111111111111010110010111
111111111111111111111111111010101010110
111111111111111111111111111010100010101
111111111111111111111111111010011010100
111111111111111111111111111010010010011
111111111111111111111111111010001010010
111111111111111111111111111010000010001
111111111111111111111111111001111010000
111111111111111111111111111001110001111
111111111111111111111111111001101001110
111111111111111111111111111001100001101
111111111111111111111111111001011001100
111111111111111111111111111001010001011
111111111111111111111111111001001001010
111111111111111111111111111001000001001
111111111111111111111111111000111001000
111111111111111111111111111000110000111
111111111111111111111111111000101000110
111111111111111111111111111000100000101
111111111111111111111111111000011000100
111111111111111111111111111000010000011
111111111111111111111111111000001000010
111111111111111111111111111000000000001
111111111111111111111111110111111000000
111111111111111111111111110111101111111
111111111111111111111111110111100111110
111111111111111111111111110111011111101
111111111111111111111111110111010111100
111111111111111111111111110111001111011
111111111111111111111111110111000111010
111111111111111111111111110110111111001
111111111111111111111111110110110111000
111111111111111111111111110110101110111
111111111111111111111111110110100110110
111111111111111111111111110110011110101
111111111111111111111111110110010110100
111111111111111111111111110110001110011
111111111111111111111111110110000110010
111111111111111111111111110101111110001
111111111111111111111111110101110110000
111111111111111111111111110101101101111
111111111111111111111111110101100101110
111111111111111111111111110101011101101
111111111111111111111111110101010101100
111111111111111111111111110101001101011
111111111111111111111111110101000101010
111111111111111111111111110100111101001
111111111111111111111111110100110101000
111111111111111111111111110100101100111
111111111111111111111111110100100100110
111111111111111111111111110100011100101
111111111111111111111111110100010100100
111111111111111111111111110100001100011
111111111111111111111111110100000100010
111111111111111111111111110011111100001
111111111111111111111111110011110100000
111111111111111111111111110011101011111
111111111111111111111111110011100011110
111111111111111111111111110011011011101
111111111111111111111111110011010011100
111111111111111111111111110011001011011
111111111111111111111111110011000011010
111111111111111111111111110010111011001
111111111111111111111111110010110011000
111111111111111111111111110010101010111
111111111111111111111111110010100010110
111111111111111111111111110010011010101
111111111111111111111111110010010010100
111111111111111111111111110010001010011
111111111111111111111111110010000010010
111111111111111111111111110001111010001
111111111111111111111111110001110010000
111111111111111111111111110001101001111
111111111111111111111111110001100001110
111111111111111111111111110001011001101
111111111111111111111111110001010001100
111111111111111111111111110001001001011
111111111111111111111111110001000001010
111111111111111111111111110000111001001
111111111111111111111111110000110001000
111111111111111111111111110000101000111
111111111111111111111111110000100000110
111111111111111111111111110000011000101
111111111111111111111111110000010000100
111111111111111111111111110000001000011
111111111111111111111111110000000000010
111111111111111111111111101111111000001
111111111111111111111111101111110000000
111111111111111111111111101111100111111
111111111111111111111111101111011111110
111111111111111111111111101111010111101
111111111111111111111111101111001111100
111111111111111111111111101111000111011
111111111111111111111111101110111111010
111111111111111111111111101110110111001
111111111111111111111111101110101111000
111111111111111111111111101110100110111
111111111111111111111111101110011110110
111111111111111111111111101110010110101
111111111111111111111111101110001110100
111111111111111111111111101110000110011
111111111111111111111111101101111110010
111111111111111111111111101101110110001
111111111111111111111111101101101110000
111111111111111111111111101101100101111
111111111111111111111111101101011101110
111111111111111111111111101101010101101
111111111111111111111111101101001101100
111111111111111111111111101101000101011
111111111111111111111111101100111101010
111111111111111111111111101100110101001
111111111111111111111111101100101101000
111111111111111111111111101100100100111
111111111111111111111111101100011100110
111111111111111111111111101100010100101
111111111111111111111111101100001100100
111111111111111111111111101100000100011
111111111111111111111111101011111100010
111111111111111111111111101011110100001
111111111111111111111111101011101100000
111111111111111111111111101011100011111
111111111111111111111111101011011011110
111111111111111111111111101011010011101
111111111111111111111111101011001011100
111111111111111111111111101011000011011
111111111111111111111111101010111011010
111111111111111111111111101010110011001
111111111111111111111111101010101011000
111111111111111111111111101010100010111
111111111111111111111111101010011010110
111111111111111111111111101010010010101
111111111111111111111111101010001010100
111111111111111111111111101010000010011
111111111111111111111111101001111010010
111111111111111111111111101001110010001
111111111111111111111111101001101010000
111111111111111111111111101001100001111
111111111111111111111111101001011001110
111111111111111111111111101001010001101
111111111111111111111111101001001001100
111111111111111111111111101001000001011
111111111111111111111111101000111001010
111111111111111111111111101000110001001
111111111111111111111111101000101001000
111111111111111111111111101000100000111
111111111111111111111111101000011000110
111111111111111111111111101000010000101
111111111111111111111111101000001000100
111111111111111111111111101000000000011
111111111111111111111111100111111000010
111111111111111111111111100111110000001
111111111111111111111111100111101000000
111111111111111111111111100111011111111
111111111111111111111111100111010111110
111111111111111111111111100111001111101
111111111111111111111111100111000111100
111111111111111111111111100110111111011
111111111111111111111111100110110111010
111111111111111111111111100110101111001
111111111111111111111111100110100111000
111111111111111111111111100110011110111
111111111111111111111111100110010110110
111111111111111111111111100110001110101
111111111111111111111111100110000110100
111111111111111111111111100101111110011
111111111111111111111111100101110110010
111111111111111111111111100101101110001
111111111111111111111111100101100110000
111111111111111111111111100101011101111
111111111111111111111111100101010101110
111111111111111111111111100101001101101
111111111111111111111111100101000101100
111111111111111111111111100100111101011
111111111111111111111111100100110101010
111111111111111111111111100100101101001
111111111111111111111111100100100101000
111111111111111111111111100100011100111
111111111111111111111111100100010100110
111111111111111111111111100100001100101
111111111111111111111111100100000100100
111111111111111111111111100011111100011
111111111111111111111111100011110100010
111111111111111111111111100011101100001
111111111111111111111111100011100100000
111111111111111111111111100011011011111
111111111111111111111111100011010011110
111111111111111111111111100011001011101
111111111111111111111111100011000011100
111111111111111111111111100010111011011
111111111111111111111111100010110011010
111111111111111111111111100010101011001
111111111111111111111111100010100011000
111111111111111111111111100010011010111
111111111111111111111111100010010010110
111111111111111111111111100010001010101
111111111111111111111111100010000010100
111111111111111111111111100001111010011
111111111111111111111111100001110010010
111111111111111111111111100001101010001
111111111111111111111111100001100010000
111111111111111111111111100001011001111
111111111111111111111111100001010001110
111111111111111111111111100001001001101
111111111111111111111111100001000001100
111111111111111111111111100000111001011
111111111111111111111111100000110001010
111111111111111111111111100000101001001
111111111111111111111111100000100001000
111111111111111111111111100000011000111
111111111111111111111111100000010000110
111111111111111111111111100000001000101
111111111111111111111111100000000000100
111111111111111111111111011111111000011
111111111111111111111111011111110000010
111111111111111111111111011111101000001
