000000000000000000000000000000000000000
111111111111111111111111111111101001111
111111111111111111111111111111010011110
111111111111111111111111111110111101101
111111111111111111111111111110100111100
111111111111111111111111111110010001011
111111111111111111111111111101111011010
111111111111111111111111111101100101001
111111111111111111111111111101001111000
111111111111111111111111111100111000111
111111111111111111111111111100100010110
111111111111111111111111111100001100101
111111111111111111111111111011110110100
111111111111111111111111111011100000011
111111111111111111111111111011001010010
111111111111111111111111111010110100001
111111111111111111111111111010011110000
111111111111111111111111111010000111111
111111111111111111111111111001110001110
111111111111111111111111111001011011101
111111111111111111111111111001000101100
111111111111111111111111111000101111011
111111111111111111111111111000011001010
111111111111111111111111111000000011001
111111111111111111111111110111101101000
111111111111111111111111110111010110111
111111111111111111111111110111000000110
111111111111111111111111110110101010101
111111111111111111111111110110010100100
111111111111111111111111110101111110011
111111111111111111111111110101101000010
111111111111111111111111110101010010001
111111111111111111111111110100111100000
111111111111111111111111110100100101111
111111111111111111111111110100001111110
111111111111111111111111110011111001101
111111111111111111111111110011100011100
111111111111111111111111110011001101011
111111111111111111111111110010110111010
111111111111111111111111110010100001001
111111111111111111111111110010001011000
111111111111111111111111110001110100111
111111111111111111111111110001011110110
111111111111111111111111110001001000101
111111111111111111111111110000110010100
111111111111111111111111110000011100011
111111111111111111111111110000000110010
111111111111111111111111101111110000001
111111111111111111111111101111011010000
111111111111111111111111101111000011111
111111111111111111111111101110101101110
111111111111111111111111101110010111101
111111111111111111111111101110000001100
111111111111111111111111101101101011011
111111111111111111111111101101010101010
111111111111111111111111101100111111001
111111111111111111111111101100101001000
111111111111111111111111101100010010111
111111111111111111111111101011111100110
111111111111111111111111101011100110101
111111111111111111111111101011010000100
111111111111111111111111101010111010011
111111111111111111111111101010100100010
111111111111111111111111101010001110001
111111111111111111111111101001111000000
111111111111111111111111101001100001111
111111111111111111111111101001001011110
111111111111111111111111101000110101101
111111111111111111111111101000011111100
111111111111111111111111101000001001011
111111111111111111111111100111110011010
111111111111111111111111100111011101001
111111111111111111111111100111000111000
111111111111111111111111100110110000111
111111111111111111111111100110011010110
111111111111111111111111100110000100101
111111111111111111111111100101101110100
111111111111111111111111100101011000011
111111111111111111111111100101000010010
111111111111111111111111100100101100001
111111111111111111111111100100010110000
111111111111111111111111100011111111111
111111111111111111111111100011101001110
111111111111111111111111100011010011101
111111111111111111111111100010111101100
111111111111111111111111100010100111011
111111111111111111111111100010010001010
111111111111111111111111100001111011001
111111111111111111111111100001100101000
111111111111111111111111100001001110111
111111111111111111111111100000111000110
111111111111111111111111100000100010101
111111111111111111111111100000001100100
111111111111111111111111011111110110011
111111111111111111111111011111100000010
111111111111111111111111011111001010001
111111111111111111111111011110110100000
111111111111111111111111011110011101111
111111111111111111111111011110000111110
111111111111111111111111011101110001101
111111111111111111111111011101011011100
111111111111111111111111011101000101011
111111111111111111111111011100101111010
111111111111111111111111011100011001001
111111111111111111111111011100000011000
111111111111111111111111011011101100111
111111111111111111111111011011010110110
111111111111111111111111011011000000101
111111111111111111111111011010101010100
111111111111111111111111011010010100011
111111111111111111111111011001111110010
111111111111111111111111011001101000001
111111111111111111111111011001010010000
111111111111111111111111011000111011111
111111111111111111111111011000100101110
111111111111111111111111011000001111101
111111111111111111111111010111111001100
111111111111111111111111010111100011011
111111111111111111111111010111001101010
111111111111111111111111010110110111001
111111111111111111111111010110100001000
111111111111111111111111010110001010111
111111111111111111111111010101110100110
111111111111111111111111010101011110101
111111111111111111111111010101001000100
111111111111111111111111010100110010011
111111111111111111111111010100011100010
111111111111111111111111010100000110001
111111111111111111111111010011110000000
111111111111111111111111010011011001111
111111111111111111111111010011000011110
111111111111111111111111010010101101101
111111111111111111111111010010010111100
111111111111111111111111010010000001011
111111111111111111111111010001101011010
111111111111111111111111010001010101001
111111111111111111111111010000111111000
111111111111111111111111010000101000111
111111111111111111111111010000010010110
111111111111111111111111001111111100101
111111111111111111111111001111100110100
111111111111111111111111001111010000011
111111111111111111111111001110111010010
111111111111111111111111001110100100001
111111111111111111111111001110001110000
111111111111111111111111001101110111111
111111111111111111111111001101100001110
111111111111111111111111001101001011101
111111111111111111111111001100110101100
111111111111111111111111001100011111011
111111111111111111111111001100001001010
111111111111111111111111001011110011001
111111111111111111111111001011011101000
111111111111111111111111001011000110111
111111111111111111111111001010110000110
111111111111111111111111001010011010101
111111111111111111111111001010000100100
111111111111111111111111001001101110011
111111111111111111111111001001011000010
111111111111111111111111001001000010001
111111111111111111111111001000101100000
111111111111111111111111001000010101111
111111111111111111111111000111111111110
111111111111111111111111000111101001101
111111111111111111111111000111010011100
111111111111111111111111000110111101011
111111111111111111111111000110100111010
111111111111111111111111000110010001001
111111111111111111111111000101111011000
111111111111111111111111000101100100111
111111111111111111111111000101001110110
111111111111111111111111000100111000101
111111111111111111111111000100100010100
111111111111111111111111000100001100011
111111111111111111111111000011110110010
111111111111111111111111000011100000001
111111111111111111111111000011001010000
111111111111111111111111000010110011111
111111111111111111111111000010011101110
111111111111111111111111000010000111101
111111111111111111111111000001110001100
111111111111111111111111000001011011011
111111111111111111111111000001000101010
111111111111111111111111000000101111001
111111111111111111111111000000011001000
111111111111111111111111000000000010111
111111111111111111111110111111101100110
111111111111111111111110111111010110101
111111111111111111111110111111000000100
111111111111111111111110111110101010011
111111111111111111111110111110010100010
111111111111111111111110111101111110001
111111111111111111111110111101101000000
111111111111111111111110111101010001111
111111111111111111111110111100111011110
111111111111111111111110111100100101101
111111111111111111111110111100001111100
111111111111111111111110111011111001011
111111111111111111111110111011100011010
111111111111111111111110111011001101001
111111111111111111111110111010110111000
111111111111111111111110111010100000111
111111111111111111111110111010001010110
111111111111111111111110111001110100101
111111111111111111111110111001011110100
111111111111111111111110111001001000011
111111111111111111111110111000110010010
111111111111111111111110111000011100001
111111111111111111111110111000000110000
111111111111111111111110110111101111111
111111111111111111111110110111011001110
111111111111111111111110110111000011101
111111111111111111111110110110101101100
111111111111111111111110110110010111011
111111111111111111111110110110000001010
111111111111111111111110110101101011001
111111111111111111111110110101010101000
111111111111111111111110110100111110111
111111111111111111111110110100101000110
111111111111111111111110110100010010101
111111111111111111111110110011111100100
111111111111111111111110110011100110011
111111111111111111111110110011010000010
111111111111111111111110110010111010001
111111111111111111111110110010100100000
111111111111111111111110110010001101111
111111111111111111111110110001110111110
111111111111111111111110110001100001101
111111111111111111111110110001001011100
111111111111111111111110110000110101011
111111111111111111111110110000011111010
111111111111111111111110110000001001001
111111111111111111111110101111110011000
111111111111111111111110101111011100111
111111111111111111111110101111000110110
111111111111111111111110101110110000101
111111111111111111111110101110011010100
111111111111111111111110101110000100011
111111111111111111111110101101101110010
111111111111111111111110101101011000001
111111111111111111111110101101000010000
111111111111111111111110101100101011111
111111111111111111111110101100010101110
111111111111111111111110101011111111101
111111111111111111111110101011101001100
111111111111111111111110101011010011011
111111111111111111111110101010111101010
111111111111111111111110101010100111001
111111111111111111111110101010010001000
111111111111111111111110101001111010111
111111111111111111111110101001100100110
111111111111111111111110101001001110101
111111111111111111111110101000111000100
111111111111111111111110101000100010011
111111111111111111111110101000001100010
111111111111111111111110100111110110001
