000000000000000000000000000000000000000
000000000000000000000000000000000000101
000000000000000000000000000000000001010
000000000000000000000000000000000001111
000000000000000000000000000000000010100
000000000000000000000000000000000011001
000000000000000000000000000000000011110
000000000000000000000000000000000100011
000000000000000000000000000000000101000
000000000000000000000000000000000101101
000000000000000000000000000000000110010
000000000000000000000000000000000110111
000000000000000000000000000000000111100
000000000000000000000000000000001000001
000000000000000000000000000000001000110
000000000000000000000000000000001001011
000000000000000000000000000000001010000
000000000000000000000000000000001010101
000000000000000000000000000000001011010
000000000000000000000000000000001011111
000000000000000000000000000000001100100
000000000000000000000000000000001101001
000000000000000000000000000000001101110
000000000000000000000000000000001110011
000000000000000000000000000000001111000
000000000000000000000000000000001111101
000000000000000000000000000000010000010
000000000000000000000000000000010000111
000000000000000000000000000000010001100
000000000000000000000000000000010010001
000000000000000000000000000000010010110
000000000000000000000000000000010011011
000000000000000000000000000000010100000
000000000000000000000000000000010100101
000000000000000000000000000000010101010
000000000000000000000000000000010101111
000000000000000000000000000000010110100
000000000000000000000000000000010111001
000000000000000000000000000000010111110
000000000000000000000000000000011000011
000000000000000000000000000000011001000
000000000000000000000000000000011001101
000000000000000000000000000000011010010
000000000000000000000000000000011010111
000000000000000000000000000000011011100
000000000000000000000000000000011100001
000000000000000000000000000000011100110
000000000000000000000000000000011101011
000000000000000000000000000000011110000
000000000000000000000000000000011110101
000000000000000000000000000000011111010
000000000000000000000000000000011111111
000000000000000000000000000000100000100
000000000000000000000000000000100001001
000000000000000000000000000000100001110
000000000000000000000000000000100010011
000000000000000000000000000000100011000
000000000000000000000000000000100011101
000000000000000000000000000000100100010
000000000000000000000000000000100100111
000000000000000000000000000000100101100
000000000000000000000000000000100110001
000000000000000000000000000000100110110
000000000000000000000000000000100111011
000000000000000000000000000000101000000
000000000000000000000000000000101000101
000000000000000000000000000000101001010
000000000000000000000000000000101001111
000000000000000000000000000000101010100
000000000000000000000000000000101011001
000000000000000000000000000000101011110
000000000000000000000000000000101100011
000000000000000000000000000000101101000
000000000000000000000000000000101101101
000000000000000000000000000000101110010
000000000000000000000000000000101110111
000000000000000000000000000000101111100
000000000000000000000000000000110000001
000000000000000000000000000000110000110
000000000000000000000000000000110001011
000000000000000000000000000000110010000
000000000000000000000000000000110010101
000000000000000000000000000000110011010
000000000000000000000000000000110011111
000000000000000000000000000000110100100
000000000000000000000000000000110101001
000000000000000000000000000000110101110
000000000000000000000000000000110110011
000000000000000000000000000000110111000
000000000000000000000000000000110111101
000000000000000000000000000000111000010
000000000000000000000000000000111000111
000000000000000000000000000000111001100
000000000000000000000000000000111010001
000000000000000000000000000000111010110
000000000000000000000000000000111011011
000000000000000000000000000000111100000
000000000000000000000000000000111100101
000000000000000000000000000000111101010
000000000000000000000000000000111101111
000000000000000000000000000000111110100
000000000000000000000000000000111111001
000000000000000000000000000000111111110
000000000000000000000000000001000000011
000000000000000000000000000001000001000
000000000000000000000000000001000001101
000000000000000000000000000001000010010
000000000000000000000000000001000010111
000000000000000000000000000001000011100
000000000000000000000000000001000100001
000000000000000000000000000001000100110
000000000000000000000000000001000101011
000000000000000000000000000001000110000
000000000000000000000000000001000110101
000000000000000000000000000001000111010
000000000000000000000000000001000111111
000000000000000000000000000001001000100
000000000000000000000000000001001001001
000000000000000000000000000001001001110
000000000000000000000000000001001010011
000000000000000000000000000001001011000
000000000000000000000000000001001011101
000000000000000000000000000001001100010
000000000000000000000000000001001100111
000000000000000000000000000001001101100
000000000000000000000000000001001110001
000000000000000000000000000001001110110
000000000000000000000000000001001111011
000000000000000000000000000001010000000
000000000000000000000000000001010000101
000000000000000000000000000001010001010
000000000000000000000000000001010001111
000000000000000000000000000001010010100
000000000000000000000000000001010011001
000000000000000000000000000001010011110
000000000000000000000000000001010100011
000000000000000000000000000001010101000
000000000000000000000000000001010101101
000000000000000000000000000001010110010
000000000000000000000000000001010110111
000000000000000000000000000001010111100
000000000000000000000000000001011000001
000000000000000000000000000001011000110
000000000000000000000000000001011001011
000000000000000000000000000001011010000
000000000000000000000000000001011010101
000000000000000000000000000001011011010
000000000000000000000000000001011011111
000000000000000000000000000001011100100
000000000000000000000000000001011101001
000000000000000000000000000001011101110
000000000000000000000000000001011110011
000000000000000000000000000001011111000
000000000000000000000000000001011111101
000000000000000000000000000001100000010
000000000000000000000000000001100000111
000000000000000000000000000001100001100
000000000000000000000000000001100010001
000000000000000000000000000001100010110
000000000000000000000000000001100011011
000000000000000000000000000001100100000
000000000000000000000000000001100100101
000000000000000000000000000001100101010
000000000000000000000000000001100101111
000000000000000000000000000001100110100
000000000000000000000000000001100111001
000000000000000000000000000001100111110
000000000000000000000000000001101000011
000000000000000000000000000001101001000
000000000000000000000000000001101001101
000000000000000000000000000001101010010
000000000000000000000000000001101010111
000000000000000000000000000001101011100
000000000000000000000000000001101100001
000000000000000000000000000001101100110
000000000000000000000000000001101101011
000000000000000000000000000001101110000
000000000000000000000000000001101110101
000000000000000000000000000001101111010
000000000000000000000000000001101111111
000000000000000000000000000001110000100
000000000000000000000000000001110001001
000000000000000000000000000001110001110
000000000000000000000000000001110010011
000000000000000000000000000001110011000
000000000000000000000000000001110011101
000000000000000000000000000001110100010
000000000000000000000000000001110100111
000000000000000000000000000001110101100
000000000000000000000000000001110110001
000000000000000000000000000001110110110
000000000000000000000000000001110111011
000000000000000000000000000001111000000
000000000000000000000000000001111000101
000000000000000000000000000001111001010
000000000000000000000000000001111001111
000000000000000000000000000001111010100
000000000000000000000000000001111011001
000000000000000000000000000001111011110
000000000000000000000000000001111100011
000000000000000000000000000001111101000
000000000000000000000000000001111101101
000000000000000000000000000001111110010
000000000000000000000000000001111110111
000000000000000000000000000001111111100
000000000000000000000000000010000000001
000000000000000000000000000010000000110
000000000000000000000000000010000001011
000000000000000000000000000010000010000
000000000000000000000000000010000010101
000000000000000000000000000010000011010
000000000000000000000000000010000011111
000000000000000000000000000010000100100
000000000000000000000000000010000101001
000000000000000000000000000010000101110
000000000000000000000000000010000110011
000000000000000000000000000010000111000
000000000000000000000000000010000111101
000000000000000000000000000010001000010
000000000000000000000000000010001000111
000000000000000000000000000010001001100
000000000000000000000000000010001010001
000000000000000000000000000010001010110
000000000000000000000000000010001011011
000000000000000000000000000010001100000
000000000000000000000000000010001100101
000000000000000000000000000010001101010
000000000000000000000000000010001101111
000000000000000000000000000010001110100
000000000000000000000000000010001111001
000000000000000000000000000010001111110
000000000000000000000000000010010000011
000000000000000000000000000010010001000
000000000000000000000000000010010001101
000000000000000000000000000010010010010
000000000000000000000000000010010010111
000000000000000000000000000010010011100
000000000000000000000000000010010100001
000000000000000000000000000010010100110
000000000000000000000000000010010101011
000000000000000000000000000010010110000
000000000000000000000000000010010110101
000000000000000000000000000010010111010
000000000000000000000000000010010111111
000000000000000000000000000010011000100
000000000000000000000000000010011001001
000000000000000000000000000010011001110
000000000000000000000000000010011010011
000000000000000000000000000010011011000
000000000000000000000000000010011011101
000000000000000000000000000010011100010
000000000000000000000000000010011100111
000000000000000000000000000010011101100
000000000000000000000000000010011110001
000000000000000000000000000010011110110
000000000000000000000000000010011111011
