000000000000000000000000000000000000000
000000000000000000000000000000000111110
000000000000000000000000000000001111100
000000000000000000000000000000010111010
000000000000000000000000000000011111000
000000000000000000000000000000100110110
000000000000000000000000000000101110100
000000000000000000000000000000110110010
000000000000000000000000000000111110000
000000000000000000000000000001000101110
000000000000000000000000000001001101100
000000000000000000000000000001010101010
000000000000000000000000000001011101000
000000000000000000000000000001100100110
000000000000000000000000000001101100100
000000000000000000000000000001110100010
000000000000000000000000000001111100000
000000000000000000000000000010000011110
000000000000000000000000000010001011100
000000000000000000000000000010010011010
000000000000000000000000000010011011000
000000000000000000000000000010100010110
000000000000000000000000000010101010100
000000000000000000000000000010110010010
000000000000000000000000000010111010000
000000000000000000000000000011000001110
000000000000000000000000000011001001100
000000000000000000000000000011010001010
000000000000000000000000000011011001000
000000000000000000000000000011100000110
000000000000000000000000000011101000100
000000000000000000000000000011110000010
000000000000000000000000000011111000000
000000000000000000000000000011111111110
000000000000000000000000000100000111100
000000000000000000000000000100001111010
000000000000000000000000000100010111000
000000000000000000000000000100011110110
000000000000000000000000000100100110100
000000000000000000000000000100101110010
000000000000000000000000000100110110000
000000000000000000000000000100111101110
000000000000000000000000000101000101100
000000000000000000000000000101001101010
000000000000000000000000000101010101000
000000000000000000000000000101011100110
000000000000000000000000000101100100100
000000000000000000000000000101101100010
000000000000000000000000000101110100000
000000000000000000000000000101111011110
000000000000000000000000000110000011100
000000000000000000000000000110001011010
000000000000000000000000000110010011000
000000000000000000000000000110011010110
000000000000000000000000000110100010100
000000000000000000000000000110101010010
000000000000000000000000000110110010000
000000000000000000000000000110111001110
000000000000000000000000000111000001100
000000000000000000000000000111001001010
000000000000000000000000000111010001000
000000000000000000000000000111011000110
000000000000000000000000000111100000100
000000000000000000000000000111101000010
000000000000000000000000000111110000000
000000000000000000000000000111110111110
000000000000000000000000000111111111100
000000000000000000000000001000000111010
000000000000000000000000001000001111000
000000000000000000000000001000010110110
000000000000000000000000001000011110100
000000000000000000000000001000100110010
000000000000000000000000001000101110000
000000000000000000000000001000110101110
000000000000000000000000001000111101100
000000000000000000000000001001000101010
000000000000000000000000001001001101000
000000000000000000000000001001010100110
000000000000000000000000001001011100100
000000000000000000000000001001100100010
000000000000000000000000001001101100000
000000000000000000000000001001110011110
000000000000000000000000001001111011100
000000000000000000000000001010000011010
000000000000000000000000001010001011000
000000000000000000000000001010010010110
000000000000000000000000001010011010100
000000000000000000000000001010100010010
000000000000000000000000001010101010000
000000000000000000000000001010110001110
000000000000000000000000001010111001100
000000000000000000000000001011000001010
000000000000000000000000001011001001000
000000000000000000000000001011010000110
000000000000000000000000001011011000100
000000000000000000000000001011100000010
000000000000000000000000001011101000000
000000000000000000000000001011101111110
000000000000000000000000001011110111100
000000000000000000000000001011111111010
000000000000000000000000001100000111000
000000000000000000000000001100001110110
000000000000000000000000001100010110100
000000000000000000000000001100011110010
000000000000000000000000001100100110000
000000000000000000000000001100101101110
000000000000000000000000001100110101100
000000000000000000000000001100111101010
000000000000000000000000001101000101000
000000000000000000000000001101001100110
000000000000000000000000001101010100100
000000000000000000000000001101011100010
000000000000000000000000001101100100000
000000000000000000000000001101101011110
000000000000000000000000001101110011100
000000000000000000000000001101111011010
000000000000000000000000001110000011000
000000000000000000000000001110001010110
000000000000000000000000001110010010100
000000000000000000000000001110011010010
000000000000000000000000001110100010000
000000000000000000000000001110101001110
000000000000000000000000001110110001100
000000000000000000000000001110111001010
000000000000000000000000001111000001000
000000000000000000000000001111001000110
000000000000000000000000001111010000100
000000000000000000000000001111011000010
000000000000000000000000001111100000000
000000000000000000000000001111100111110
000000000000000000000000001111101111100
000000000000000000000000001111110111010
000000000000000000000000001111111111000
000000000000000000000000010000000110110
000000000000000000000000010000001110100
000000000000000000000000010000010110010
000000000000000000000000010000011110000
000000000000000000000000010000100101110
000000000000000000000000010000101101100
000000000000000000000000010000110101010
000000000000000000000000010000111101000
000000000000000000000000010001000100110
000000000000000000000000010001001100100
000000000000000000000000010001010100010
000000000000000000000000010001011100000
000000000000000000000000010001100011110
000000000000000000000000010001101011100
000000000000000000000000010001110011010
000000000000000000000000010001111011000
000000000000000000000000010010000010110
000000000000000000000000010010001010100
000000000000000000000000010010010010010
000000000000000000000000010010011010000
000000000000000000000000010010100001110
000000000000000000000000010010101001100
000000000000000000000000010010110001010
000000000000000000000000010010111001000
000000000000000000000000010011000000110
000000000000000000000000010011001000100
000000000000000000000000010011010000010
000000000000000000000000010011011000000
000000000000000000000000010011011111110
000000000000000000000000010011100111100
000000000000000000000000010011101111010
000000000000000000000000010011110111000
000000000000000000000000010011111110110
000000000000000000000000010100000110100
000000000000000000000000010100001110010
000000000000000000000000010100010110000
000000000000000000000000010100011101110
000000000000000000000000010100100101100
000000000000000000000000010100101101010
000000000000000000000000010100110101000
000000000000000000000000010100111100110
000000000000000000000000010101000100100
000000000000000000000000010101001100010
000000000000000000000000010101010100000
000000000000000000000000010101011011110
000000000000000000000000010101100011100
000000000000000000000000010101101011010
000000000000000000000000010101110011000
000000000000000000000000010101111010110
000000000000000000000000010110000010100
000000000000000000000000010110001010010
000000000000000000000000010110010010000
000000000000000000000000010110011001110
000000000000000000000000010110100001100
000000000000000000000000010110101001010
000000000000000000000000010110110001000
000000000000000000000000010110111000110
000000000000000000000000010111000000100
000000000000000000000000010111001000010
000000000000000000000000010111010000000
000000000000000000000000010111010111110
000000000000000000000000010111011111100
000000000000000000000000010111100111010
000000000000000000000000010111101111000
000000000000000000000000010111110110110
000000000000000000000000010111111110100
000000000000000000000000011000000110010
000000000000000000000000011000001110000
000000000000000000000000011000010101110
000000000000000000000000011000011101100
000000000000000000000000011000100101010
000000000000000000000000011000101101000
000000000000000000000000011000110100110
000000000000000000000000011000111100100
000000000000000000000000011001000100010
000000000000000000000000011001001100000
000000000000000000000000011001010011110
000000000000000000000000011001011011100
000000000000000000000000011001100011010
000000000000000000000000011001101011000
000000000000000000000000011001110010110
000000000000000000000000011001111010100
000000000000000000000000011010000010010
000000000000000000000000011010001010000
000000000000000000000000011010010001110
000000000000000000000000011010011001100
000000000000000000000000011010100001010
000000000000000000000000011010101001000
000000000000000000000000011010110000110
000000000000000000000000011010111000100
000000000000000000000000011011000000010
000000000000000000000000011011001000000
000000000000000000000000011011001111110
000000000000000000000000011011010111100
000000000000000000000000011011011111010
000000000000000000000000011011100111000
000000000000000000000000011011101110110
000000000000000000000000011011110110100
000000000000000000000000011011111110010
000000000000000000000000011100000110000
000000000000000000000000011100001101110
000000000000000000000000011100010101100
000000000000000000000000011100011101010
000000000000000000000000011100100101000
000000000000000000000000011100101100110
000000000000000000000000011100110100100
000000000000000000000000011100111100010
000000000000000000000000011101000100000
000000000000000000000000011101001011110
000000000000000000000000011101010011100
000000000000000000000000011101011011010
000000000000000000000000011101100011000
000000000000000000000000011101101010110
000000000000000000000000011101110010100
000000000000000000000000011101111010010
000000000000000000000000011110000010000
000000000000000000000000011110001001110
000000000000000000000000011110010001100
000000000000000000000000011110011001010
000000000000000000000000011110100001000
000000000000000000000000011110101000110
000000000000000000000000011110110000100
000000000000000000000000011110111000010
