000000000000000000000000000000000000000
111111111111111111111111111111101110110
111111111111111111111111111111011101100
111111111111111111111111111111001100010
111111111111111111111111111110111011000
111111111111111111111111111110101001110
111111111111111111111111111110011000100
111111111111111111111111111110000111010
111111111111111111111111111101110110000
111111111111111111111111111101100100110
111111111111111111111111111101010011100
111111111111111111111111111101000010010
111111111111111111111111111100110001000
111111111111111111111111111100011111110
111111111111111111111111111100001110100
111111111111111111111111111011111101010
111111111111111111111111111011101100000
111111111111111111111111111011011010110
111111111111111111111111111011001001100
111111111111111111111111111010111000010
111111111111111111111111111010100111000
111111111111111111111111111010010101110
111111111111111111111111111010000100100
111111111111111111111111111001110011010
111111111111111111111111111001100010000
111111111111111111111111111001010000110
111111111111111111111111111000111111100
111111111111111111111111111000101110010
111111111111111111111111111000011101000
111111111111111111111111111000001011110
111111111111111111111111110111111010100
111111111111111111111111110111101001010
111111111111111111111111110111011000000
111111111111111111111111110111000110110
111111111111111111111111110110110101100
111111111111111111111111110110100100010
111111111111111111111111110110010011000
111111111111111111111111110110000001110
111111111111111111111111110101110000100
111111111111111111111111110101011111010
111111111111111111111111110101001110000
111111111111111111111111110100111100110
111111111111111111111111110100101011100
111111111111111111111111110100011010010
111111111111111111111111110100001001000
111111111111111111111111110011110111110
111111111111111111111111110011100110100
111111111111111111111111110011010101010
111111111111111111111111110011000100000
111111111111111111111111110010110010110
111111111111111111111111110010100001100
111111111111111111111111110010010000010
111111111111111111111111110001111111000
111111111111111111111111110001101101110
111111111111111111111111110001011100100
111111111111111111111111110001001011010
111111111111111111111111110000111010000
111111111111111111111111110000101000110
111111111111111111111111110000010111100
111111111111111111111111110000000110010
111111111111111111111111101111110101000
111111111111111111111111101111100011110
111111111111111111111111101111010010100
111111111111111111111111101111000001010
111111111111111111111111101110110000000
111111111111111111111111101110011110110
111111111111111111111111101110001101100
111111111111111111111111101101111100010
111111111111111111111111101101101011000
111111111111111111111111101101011001110
111111111111111111111111101101001000100
111111111111111111111111101100110111010
111111111111111111111111101100100110000
111111111111111111111111101100010100110
111111111111111111111111101100000011100
111111111111111111111111101011110010010
111111111111111111111111101011100001000
111111111111111111111111101011001111110
111111111111111111111111101010111110100
111111111111111111111111101010101101010
111111111111111111111111101010011100000
111111111111111111111111101010001010110
111111111111111111111111101001111001100
111111111111111111111111101001101000010
111111111111111111111111101001010111000
111111111111111111111111101001000101110
111111111111111111111111101000110100100
111111111111111111111111101000100011010
111111111111111111111111101000010010000
111111111111111111111111101000000000110
111111111111111111111111100111101111100
111111111111111111111111100111011110010
111111111111111111111111100111001101000
111111111111111111111111100110111011110
111111111111111111111111100110101010100
111111111111111111111111100110011001010
111111111111111111111111100110001000000
111111111111111111111111100101110110110
111111111111111111111111100101100101100
111111111111111111111111100101010100010
111111111111111111111111100101000011000
111111111111111111111111100100110001110
111111111111111111111111100100100000100
111111111111111111111111100100001111010
111111111111111111111111100011111110000
111111111111111111111111100011101100110
111111111111111111111111100011011011100
111111111111111111111111100011001010010
111111111111111111111111100010111001000
111111111111111111111111100010100111110
111111111111111111111111100010010110100
111111111111111111111111100010000101010
111111111111111111111111100001110100000
111111111111111111111111100001100010110
111111111111111111111111100001010001100
111111111111111111111111100001000000010
111111111111111111111111100000101111000
111111111111111111111111100000011101110
111111111111111111111111100000001100100
111111111111111111111111011111111011010
111111111111111111111111011111101010000
111111111111111111111111011111011000110
111111111111111111111111011111000111100
111111111111111111111111011110110110010
111111111111111111111111011110100101000
111111111111111111111111011110010011110
111111111111111111111111011110000010100
111111111111111111111111011101110001010
111111111111111111111111011101100000000
111111111111111111111111011101001110110
111111111111111111111111011100111101100
111111111111111111111111011100101100010
111111111111111111111111011100011011000
111111111111111111111111011100001001110
111111111111111111111111011011111000100
111111111111111111111111011011100111010
111111111111111111111111011011010110000
111111111111111111111111011011000100110
111111111111111111111111011010110011100
111111111111111111111111011010100010010
111111111111111111111111011010010001000
111111111111111111111111011001111111110
111111111111111111111111011001101110100
111111111111111111111111011001011101010
111111111111111111111111011001001100000
111111111111111111111111011000111010110
111111111111111111111111011000101001100
111111111111111111111111011000011000010
111111111111111111111111011000000111000
111111111111111111111111010111110101110
111111111111111111111111010111100100100
111111111111111111111111010111010011010
111111111111111111111111010111000010000
111111111111111111111111010110110000110
111111111111111111111111010110011111100
111111111111111111111111010110001110010
111111111111111111111111010101111101000
111111111111111111111111010101101011110
111111111111111111111111010101011010100
111111111111111111111111010101001001010
111111111111111111111111010100111000000
111111111111111111111111010100100110110
111111111111111111111111010100010101100
111111111111111111111111010100000100010
111111111111111111111111010011110011000
111111111111111111111111010011100001110
111111111111111111111111010011010000100
111111111111111111111111010010111111010
111111111111111111111111010010101110000
111111111111111111111111010010011100110
111111111111111111111111010010001011100
111111111111111111111111010001111010010
111111111111111111111111010001101001000
111111111111111111111111010001010111110
111111111111111111111111010001000110100
111111111111111111111111010000110101010
111111111111111111111111010000100100000
111111111111111111111111010000010010110
111111111111111111111111010000000001100
111111111111111111111111001111110000010
111111111111111111111111001111011111000
111111111111111111111111001111001101110
111111111111111111111111001110111100100
111111111111111111111111001110101011010
111111111111111111111111001110011010000
111111111111111111111111001110001000110
111111111111111111111111001101110111100
111111111111111111111111001101100110010
111111111111111111111111001101010101000
111111111111111111111111001101000011110
111111111111111111111111001100110010100
111111111111111111111111001100100001010
111111111111111111111111001100010000000
111111111111111111111111001011111110110
111111111111111111111111001011101101100
111111111111111111111111001011011100010
111111111111111111111111001011001011000
111111111111111111111111001010111001110
111111111111111111111111001010101000100
111111111111111111111111001010010111010
111111111111111111111111001010000110000
111111111111111111111111001001110100110
111111111111111111111111001001100011100
111111111111111111111111001001010010010
111111111111111111111111001001000001000
111111111111111111111111001000101111110
111111111111111111111111001000011110100
111111111111111111111111001000001101010
111111111111111111111111000111111100000
111111111111111111111111000111101010110
111111111111111111111111000111011001100
111111111111111111111111000111001000010
111111111111111111111111000110110111000
111111111111111111111111000110100101110
111111111111111111111111000110010100100
111111111111111111111111000110000011010
111111111111111111111111000101110010000
111111111111111111111111000101100000110
111111111111111111111111000101001111100
111111111111111111111111000100111110010
111111111111111111111111000100101101000
111111111111111111111111000100011011110
111111111111111111111111000100001010100
111111111111111111111111000011111001010
111111111111111111111111000011101000000
111111111111111111111111000011010110110
111111111111111111111111000011000101100
111111111111111111111111000010110100010
111111111111111111111111000010100011000
111111111111111111111111000010010001110
111111111111111111111111000010000000100
111111111111111111111111000001101111010
111111111111111111111111000001011110000
111111111111111111111111000001001100110
111111111111111111111111000000111011100
111111111111111111111111000000101010010
111111111111111111111111000000011001000
111111111111111111111111000000000111110
111111111111111111111110111111110110100
111111111111111111111110111111100101010
111111111111111111111110111111010100000
111111111111111111111110111111000010110
111111111111111111111110111110110001100
111111111111111111111110111110100000010
111111111111111111111110111110001111000
111111111111111111111110111101111101110
111111111111111111111110111101101100100
111111111111111111111110111101011011010
111111111111111111111110111101001010000
111111111111111111111110111100111000110
111111111111111111111110111100100111100
111111111111111111111110111100010110010
111111111111111111111110111100000101000
111111111111111111111110111011110011110
111111111111111111111110111011100010100
111111111111111111111110111011010001010
