000000000000000000000000000000000000000
000000000000000000000000000000011000100
000000000000000000000000000000110001000
000000000000000000000000000001001001100
000000000000000000000000000001100010000
000000000000000000000000000001111010100
000000000000000000000000000010010011000
000000000000000000000000000010101011100
000000000000000000000000000011000100000
000000000000000000000000000011011100100
000000000000000000000000000011110101000
000000000000000000000000000100001101100
000000000000000000000000000100100110000
000000000000000000000000000100111110100
000000000000000000000000000101010111000
000000000000000000000000000101101111100
000000000000000000000000000110001000000
000000000000000000000000000110100000100
000000000000000000000000000110111001000
000000000000000000000000000111010001100
000000000000000000000000000111101010000
000000000000000000000000001000000010100
000000000000000000000000001000011011000
000000000000000000000000001000110011100
000000000000000000000000001001001100000
000000000000000000000000001001100100100
000000000000000000000000001001111101000
000000000000000000000000001010010101100
000000000000000000000000001010101110000
000000000000000000000000001011000110100
000000000000000000000000001011011111000
000000000000000000000000001011110111100
000000000000000000000000001100010000000
000000000000000000000000001100101000100
000000000000000000000000001101000001000
000000000000000000000000001101011001100
000000000000000000000000001101110010000
000000000000000000000000001110001010100
000000000000000000000000001110100011000
000000000000000000000000001110111011100
000000000000000000000000001111010100000
000000000000000000000000001111101100100
000000000000000000000000010000000101000
000000000000000000000000010000011101100
000000000000000000000000010000110110000
000000000000000000000000010001001110100
000000000000000000000000010001100111000
000000000000000000000000010001111111100
000000000000000000000000010010011000000
000000000000000000000000010010110000100
000000000000000000000000010011001001000
000000000000000000000000010011100001100
000000000000000000000000010011111010000
000000000000000000000000010100010010100
000000000000000000000000010100101011000
000000000000000000000000010101000011100
000000000000000000000000010101011100000
000000000000000000000000010101110100100
000000000000000000000000010110001101000
000000000000000000000000010110100101100
000000000000000000000000010110111110000
000000000000000000000000010111010110100
000000000000000000000000010111101111000
000000000000000000000000011000000111100
000000000000000000000000011000100000000
000000000000000000000000011000111000100
000000000000000000000000011001010001000
000000000000000000000000011001101001100
000000000000000000000000011010000010000
000000000000000000000000011010011010100
000000000000000000000000011010110011000
000000000000000000000000011011001011100
000000000000000000000000011011100100000
000000000000000000000000011011111100100
000000000000000000000000011100010101000
000000000000000000000000011100101101100
000000000000000000000000011101000110000
000000000000000000000000011101011110100
000000000000000000000000011101110111000
000000000000000000000000011110001111100
000000000000000000000000011110101000000
000000000000000000000000011111000000100
000000000000000000000000011111011001000
000000000000000000000000011111110001100
000000000000000000000000100000001010000
000000000000000000000000100000100010100
000000000000000000000000100000111011000
000000000000000000000000100001010011100
000000000000000000000000100001101100000
000000000000000000000000100010000100100
000000000000000000000000100010011101000
000000000000000000000000100010110101100
000000000000000000000000100011001110000
000000000000000000000000100011100110100
000000000000000000000000100011111111000
000000000000000000000000100100010111100
000000000000000000000000100100110000000
000000000000000000000000100101001000100
000000000000000000000000100101100001000
000000000000000000000000100101111001100
000000000000000000000000100110010010000
000000000000000000000000100110101010100
000000000000000000000000100111000011000
000000000000000000000000100111011011100
000000000000000000000000100111110100000
000000000000000000000000101000001100100
000000000000000000000000101000100101000
000000000000000000000000101000111101100
000000000000000000000000101001010110000
000000000000000000000000101001101110100
000000000000000000000000101010000111000
000000000000000000000000101010011111100
000000000000000000000000101010111000000
000000000000000000000000101011010000100
000000000000000000000000101011101001000
000000000000000000000000101100000001100
000000000000000000000000101100011010000
000000000000000000000000101100110010100
000000000000000000000000101101001011000
000000000000000000000000101101100011100
000000000000000000000000101101111100000
000000000000000000000000101110010100100
000000000000000000000000101110101101000
000000000000000000000000101111000101100
000000000000000000000000101111011110000
000000000000000000000000101111110110100
000000000000000000000000110000001111000
000000000000000000000000110000100111100
000000000000000000000000110001000000000
000000000000000000000000110001011000100
000000000000000000000000110001110001000
000000000000000000000000110010001001100
000000000000000000000000110010100010000
000000000000000000000000110010111010100
000000000000000000000000110011010011000
000000000000000000000000110011101011100
000000000000000000000000110100000100000
000000000000000000000000110100011100100
000000000000000000000000110100110101000
000000000000000000000000110101001101100
000000000000000000000000110101100110000
000000000000000000000000110101111110100
000000000000000000000000110110010111000
000000000000000000000000110110101111100
000000000000000000000000110111001000000
000000000000000000000000110111100000100
000000000000000000000000110111111001000
000000000000000000000000111000010001100
000000000000000000000000111000101010000
000000000000000000000000111001000010100
000000000000000000000000111001011011000
000000000000000000000000111001110011100
000000000000000000000000111010001100000
000000000000000000000000111010100100100
000000000000000000000000111010111101000
000000000000000000000000111011010101100
000000000000000000000000111011101110000
000000000000000000000000111100000110100
000000000000000000000000111100011111000
000000000000000000000000111100110111100
000000000000000000000000111101010000000
000000000000000000000000111101101000100
000000000000000000000000111110000001000
000000000000000000000000111110011001100
000000000000000000000000111110110010000
000000000000000000000000111111001010100
000000000000000000000000111111100011000
000000000000000000000000111111111011100
000000000000000000000001000000010100000
000000000000000000000001000000101100100
000000000000000000000001000001000101000
000000000000000000000001000001011101100
000000000000000000000001000001110110000
000000000000000000000001000010001110100
000000000000000000000001000010100111000
000000000000000000000001000010111111100
000000000000000000000001000011011000000
000000000000000000000001000011110000100
000000000000000000000001000100001001000
000000000000000000000001000100100001100
000000000000000000000001000100111010000
000000000000000000000001000101010010100
000000000000000000000001000101101011000
000000000000000000000001000110000011100
000000000000000000000001000110011100000
000000000000000000000001000110110100100
000000000000000000000001000111001101000
000000000000000000000001000111100101100
000000000000000000000001000111111110000
000000000000000000000001001000010110100
000000000000000000000001001000101111000
000000000000000000000001001001000111100
000000000000000000000001001001100000000
000000000000000000000001001001111000100
000000000000000000000001001010010001000
000000000000000000000001001010101001100
000000000000000000000001001011000010000
000000000000000000000001001011011010100
000000000000000000000001001011110011000
000000000000000000000001001100001011100
000000000000000000000001001100100100000
000000000000000000000001001100111100100
000000000000000000000001001101010101000
000000000000000000000001001101101101100
000000000000000000000001001110000110000
000000000000000000000001001110011110100
000000000000000000000001001110110111000
000000000000000000000001001111001111100
000000000000000000000001001111101000000
000000000000000000000001010000000000100
000000000000000000000001010000011001000
000000000000000000000001010000110001100
000000000000000000000001010001001010000
000000000000000000000001010001100010100
000000000000000000000001010001111011000
000000000000000000000001010010010011100
000000000000000000000001010010101100000
000000000000000000000001010011000100100
000000000000000000000001010011011101000
000000000000000000000001010011110101100
000000000000000000000001010100001110000
000000000000000000000001010100100110100
000000000000000000000001010100111111000
000000000000000000000001010101010111100
000000000000000000000001010101110000000
000000000000000000000001010110001000100
000000000000000000000001010110100001000
000000000000000000000001010110111001100
000000000000000000000001010111010010000
000000000000000000000001010111101010100
000000000000000000000001011000000011000
000000000000000000000001011000011011100
000000000000000000000001011000110100000
000000000000000000000001011001001100100
000000000000000000000001011001100101000
000000000000000000000001011001111101100
000000000000000000000001011010010110000
000000000000000000000001011010101110100
000000000000000000000001011011000111000
000000000000000000000001011011011111100
000000000000000000000001011011111000000
000000000000000000000001011100010000100
000000000000000000000001011100101001000
000000000000000000000001011101000001100
000000000000000000000001011101011010000
000000000000000000000001011101110010100
000000000000000000000001011110001011000
000000000000000000000001011110100011100
000000000000000000000001011110111100000
000000000000000000000001011111010100100
000000000000000000000001011111101101000
000000000000000000000001100000000101100
000000000000000000000001100000011110000
000000000000000000000001100000110110100
000000000000000000000001100001001111000
000000000000000000000001100001100111100
