000000000000000000000000000000000000000
000000000000000000000000000000011110100
000000000000000000000000000000111101000
000000000000000000000000000001011011100
000000000000000000000000000001111010000
000000000000000000000000000010011000100
000000000000000000000000000010110111000
000000000000000000000000000011010101100
000000000000000000000000000011110100000
000000000000000000000000000100010010100
000000000000000000000000000100110001000
000000000000000000000000000101001111100
000000000000000000000000000101101110000
000000000000000000000000000110001100100
000000000000000000000000000110101011000
000000000000000000000000000111001001100
000000000000000000000000000111101000000
000000000000000000000000001000000110100
000000000000000000000000001000100101000
000000000000000000000000001001000011100
000000000000000000000000001001100010000
000000000000000000000000001010000000100
000000000000000000000000001010011111000
000000000000000000000000001010111101100
000000000000000000000000001011011100000
000000000000000000000000001011111010100
000000000000000000000000001100011001000
000000000000000000000000001100110111100
000000000000000000000000001101010110000
000000000000000000000000001101110100100
000000000000000000000000001110010011000
000000000000000000000000001110110001100
000000000000000000000000001111010000000
000000000000000000000000001111101110100
000000000000000000000000010000001101000
000000000000000000000000010000101011100
000000000000000000000000010001001010000
000000000000000000000000010001101000100
000000000000000000000000010010000111000
000000000000000000000000010010100101100
000000000000000000000000010011000100000
000000000000000000000000010011100010100
000000000000000000000000010100000001000
000000000000000000000000010100011111100
000000000000000000000000010100111110000
000000000000000000000000010101011100100
000000000000000000000000010101111011000
000000000000000000000000010110011001100
000000000000000000000000010110111000000
000000000000000000000000010111010110100
000000000000000000000000010111110101000
000000000000000000000000011000010011100
000000000000000000000000011000110010000
000000000000000000000000011001010000100
000000000000000000000000011001101111000
000000000000000000000000011010001101100
000000000000000000000000011010101100000
000000000000000000000000011011001010100
000000000000000000000000011011101001000
000000000000000000000000011100000111100
000000000000000000000000011100100110000
000000000000000000000000011101000100100
000000000000000000000000011101100011000
000000000000000000000000011110000001100
000000000000000000000000011110100000000
000000000000000000000000011110111110100
000000000000000000000000011111011101000
000000000000000000000000011111111011100
000000000000000000000000100000011010000
000000000000000000000000100000111000100
000000000000000000000000100001010111000
000000000000000000000000100001110101100
000000000000000000000000100010010100000
000000000000000000000000100010110010100
000000000000000000000000100011010001000
000000000000000000000000100011101111100
000000000000000000000000100100001110000
000000000000000000000000100100101100100
000000000000000000000000100101001011000
000000000000000000000000100101101001100
000000000000000000000000100110001000000
000000000000000000000000100110100110100
000000000000000000000000100111000101000
000000000000000000000000100111100011100
000000000000000000000000101000000010000
000000000000000000000000101000100000100
000000000000000000000000101000111111000
000000000000000000000000101001011101100
000000000000000000000000101001111100000
000000000000000000000000101010011010100
000000000000000000000000101010111001000
000000000000000000000000101011010111100
000000000000000000000000101011110110000
000000000000000000000000101100010100100
000000000000000000000000101100110011000
000000000000000000000000101101010001100
000000000000000000000000101101110000000
000000000000000000000000101110001110100
000000000000000000000000101110101101000
000000000000000000000000101111001011100
000000000000000000000000101111101010000
000000000000000000000000110000001000100
000000000000000000000000110000100111000
000000000000000000000000110001000101100
000000000000000000000000110001100100000
000000000000000000000000110010000010100
000000000000000000000000110010100001000
000000000000000000000000110010111111100
000000000000000000000000110011011110000
000000000000000000000000110011111100100
000000000000000000000000110100011011000
000000000000000000000000110100111001100
000000000000000000000000110101011000000
000000000000000000000000110101110110100
000000000000000000000000110110010101000
000000000000000000000000110110110011100
000000000000000000000000110111010010000
000000000000000000000000110111110000100
000000000000000000000000111000001111000
000000000000000000000000111000101101100
000000000000000000000000111001001100000
000000000000000000000000111001101010100
000000000000000000000000111010001001000
000000000000000000000000111010100111100
000000000000000000000000111011000110000
000000000000000000000000111011100100100
000000000000000000000000111100000011000
000000000000000000000000111100100001100
000000000000000000000000111101000000000
000000000000000000000000111101011110100
000000000000000000000000111101111101000
000000000000000000000000111110011011100
000000000000000000000000111110111010000
000000000000000000000000111111011000100
000000000000000000000000111111110111000
000000000000000000000001000000010101100
000000000000000000000001000000110100000
000000000000000000000001000001010010100
000000000000000000000001000001110001000
000000000000000000000001000010001111100
000000000000000000000001000010101110000
000000000000000000000001000011001100100
000000000000000000000001000011101011000
000000000000000000000001000100001001100
000000000000000000000001000100101000000
000000000000000000000001000101000110100
000000000000000000000001000101100101000
000000000000000000000001000110000011100
000000000000000000000001000110100010000
000000000000000000000001000111000000100
000000000000000000000001000111011111000
000000000000000000000001000111111101100
000000000000000000000001001000011100000
000000000000000000000001001000111010100
000000000000000000000001001001011001000
000000000000000000000001001001110111100
000000000000000000000001001010010110000
000000000000000000000001001010110100100
000000000000000000000001001011010011000
000000000000000000000001001011110001100
000000000000000000000001001100010000000
000000000000000000000001001100101110100
000000000000000000000001001101001101000
000000000000000000000001001101101011100
000000000000000000000001001110001010000
000000000000000000000001001110101000100
000000000000000000000001001111000111000
000000000000000000000001001111100101100
000000000000000000000001010000000100000
000000000000000000000001010000100010100
000000000000000000000001010001000001000
000000000000000000000001010001011111100
000000000000000000000001010001111110000
000000000000000000000001010010011100100
000000000000000000000001010010111011000
000000000000000000000001010011011001100
000000000000000000000001010011111000000
000000000000000000000001010100010110100
000000000000000000000001010100110101000
000000000000000000000001010101010011100
000000000000000000000001010101110010000
000000000000000000000001010110010000100
000000000000000000000001010110101111000
000000000000000000000001010111001101100
000000000000000000000001010111101100000
000000000000000000000001011000001010100
000000000000000000000001011000101001000
000000000000000000000001011001000111100
000000000000000000000001011001100110000
000000000000000000000001011010000100100
000000000000000000000001011010100011000
000000000000000000000001011011000001100
000000000000000000000001011011100000000
000000000000000000000001011011111110100
000000000000000000000001011100011101000
000000000000000000000001011100111011100
000000000000000000000001011101011010000
000000000000000000000001011101111000100
000000000000000000000001011110010111000
000000000000000000000001011110110101100
000000000000000000000001011111010100000
000000000000000000000001011111110010100
000000000000000000000001100000010001000
000000000000000000000001100000101111100
000000000000000000000001100001001110000
000000000000000000000001100001101100100
000000000000000000000001100010001011000
000000000000000000000001100010101001100
000000000000000000000001100011001000000
000000000000000000000001100011100110100
000000000000000000000001100100000101000
000000000000000000000001100100100011100
000000000000000000000001100101000010000
000000000000000000000001100101100000100
000000000000000000000001100101111111000
000000000000000000000001100110011101100
000000000000000000000001100110111100000
000000000000000000000001100111011010100
000000000000000000000001100111111001000
000000000000000000000001101000010111100
000000000000000000000001101000110110000
000000000000000000000001101001010100100
000000000000000000000001101001110011000
000000000000000000000001101010010001100
000000000000000000000001101010110000000
000000000000000000000001101011001110100
000000000000000000000001101011101101000
000000000000000000000001101100001011100
000000000000000000000001101100101010000
000000000000000000000001101101001000100
000000000000000000000001101101100111000
000000000000000000000001101110000101100
000000000000000000000001101110100100000
000000000000000000000001101111000010100
000000000000000000000001101111100001000
000000000000000000000001101111111111100
000000000000000000000001110000011110000
000000000000000000000001110000111100100
000000000000000000000001110001011011000
000000000000000000000001110001111001100
000000000000000000000001110010011000000
000000000000000000000001110010110110100
000000000000000000000001110011010101000
000000000000000000000001110011110011100
000000000000000000000001110100010010000
000000000000000000000001110100110000100
000000000000000000000001110101001111000
000000000000000000000001110101101101100
000000000000000000000001110110001100000
000000000000000000000001110110101010100
000000000000000000000001110111001001000
000000000000000000000001110111100111100
000000000000000000000001111000000110000
000000000000000000000001111000100100100
000000000000000000000001111001000011000
000000000000000000000001111001100001100
