000000000000000000000000000000000000000
000000000000000000000000000000001011010
000000000000000000000000000000010110100
000000000000000000000000000000100001110
000000000000000000000000000000101101000
000000000000000000000000000000111000010
000000000000000000000000000001000011100
000000000000000000000000000001001110110
000000000000000000000000000001011010000
000000000000000000000000000001100101010
000000000000000000000000000001110000100
000000000000000000000000000001111011110
000000000000000000000000000010000111000
000000000000000000000000000010010010010
000000000000000000000000000010011101100
000000000000000000000000000010101000110
000000000000000000000000000010110100000
000000000000000000000000000010111111010
000000000000000000000000000011001010100
000000000000000000000000000011010101110
000000000000000000000000000011100001000
000000000000000000000000000011101100010
000000000000000000000000000011110111100
000000000000000000000000000100000010110
000000000000000000000000000100001110000
000000000000000000000000000100011001010
000000000000000000000000000100100100100
000000000000000000000000000100101111110
000000000000000000000000000100111011000
000000000000000000000000000101000110010
000000000000000000000000000101010001100
000000000000000000000000000101011100110
000000000000000000000000000101101000000
000000000000000000000000000101110011010
000000000000000000000000000101111110100
000000000000000000000000000110001001110
000000000000000000000000000110010101000
000000000000000000000000000110100000010
000000000000000000000000000110101011100
000000000000000000000000000110110110110
000000000000000000000000000111000010000
000000000000000000000000000111001101010
000000000000000000000000000111011000100
000000000000000000000000000111100011110
000000000000000000000000000111101111000
000000000000000000000000000111111010010
000000000000000000000000001000000101100
000000000000000000000000001000010000110
000000000000000000000000001000011100000
000000000000000000000000001000100111010
000000000000000000000000001000110010100
000000000000000000000000001000111101110
000000000000000000000000001001001001000
000000000000000000000000001001010100010
000000000000000000000000001001011111100
000000000000000000000000001001101010110
000000000000000000000000001001110110000
000000000000000000000000001010000001010
000000000000000000000000001010001100100
000000000000000000000000001010010111110
000000000000000000000000001010100011000
000000000000000000000000001010101110010
000000000000000000000000001010111001100
000000000000000000000000001011000100110
000000000000000000000000001011010000000
000000000000000000000000001011011011010
000000000000000000000000001011100110100
000000000000000000000000001011110001110
000000000000000000000000001011111101000
000000000000000000000000001100001000010
000000000000000000000000001100010011100
000000000000000000000000001100011110110
000000000000000000000000001100101010000
000000000000000000000000001100110101010
000000000000000000000000001101000000100
000000000000000000000000001101001011110
000000000000000000000000001101010111000
000000000000000000000000001101100010010
000000000000000000000000001101101101100
000000000000000000000000001101111000110
000000000000000000000000001110000100000
000000000000000000000000001110001111010
000000000000000000000000001110011010100
000000000000000000000000001110100101110
000000000000000000000000001110110001000
000000000000000000000000001110111100010
000000000000000000000000001111000111100
000000000000000000000000001111010010110
000000000000000000000000001111011110000
000000000000000000000000001111101001010
000000000000000000000000001111110100100
000000000000000000000000001111111111110
000000000000000000000000010000001011000
000000000000000000000000010000010110010
000000000000000000000000010000100001100
000000000000000000000000010000101100110
000000000000000000000000010000111000000
000000000000000000000000010001000011010
000000000000000000000000010001001110100
000000000000000000000000010001011001110
000000000000000000000000010001100101000
000000000000000000000000010001110000010
000000000000000000000000010001111011100
000000000000000000000000010010000110110
000000000000000000000000010010010010000
000000000000000000000000010010011101010
000000000000000000000000010010101000100
000000000000000000000000010010110011110
000000000000000000000000010010111111000
000000000000000000000000010011001010010
000000000000000000000000010011010101100
000000000000000000000000010011100000110
000000000000000000000000010011101100000
000000000000000000000000010011110111010
000000000000000000000000010100000010100
000000000000000000000000010100001101110
000000000000000000000000010100011001000
000000000000000000000000010100100100010
000000000000000000000000010100101111100
000000000000000000000000010100111010110
000000000000000000000000010101000110000
000000000000000000000000010101010001010
000000000000000000000000010101011100100
000000000000000000000000010101100111110
000000000000000000000000010101110011000
000000000000000000000000010101111110010
000000000000000000000000010110001001100
000000000000000000000000010110010100110
000000000000000000000000010110100000000
000000000000000000000000010110101011010
000000000000000000000000010110110110100
000000000000000000000000010111000001110
000000000000000000000000010111001101000
000000000000000000000000010111011000010
000000000000000000000000010111100011100
000000000000000000000000010111101110110
000000000000000000000000010111111010000
000000000000000000000000011000000101010
000000000000000000000000011000010000100
000000000000000000000000011000011011110
000000000000000000000000011000100111000
000000000000000000000000011000110010010
000000000000000000000000011000111101100
000000000000000000000000011001001000110
000000000000000000000000011001010100000
000000000000000000000000011001011111010
000000000000000000000000011001101010100
000000000000000000000000011001110101110
000000000000000000000000011010000001000
000000000000000000000000011010001100010
000000000000000000000000011010010111100
000000000000000000000000011010100010110
000000000000000000000000011010101110000
000000000000000000000000011010111001010
000000000000000000000000011011000100100
000000000000000000000000011011001111110
000000000000000000000000011011011011000
000000000000000000000000011011100110010
000000000000000000000000011011110001100
000000000000000000000000011011111100110
000000000000000000000000011100001000000
000000000000000000000000011100010011010
000000000000000000000000011100011110100
000000000000000000000000011100101001110
000000000000000000000000011100110101000
000000000000000000000000011101000000010
000000000000000000000000011101001011100
000000000000000000000000011101010110110
000000000000000000000000011101100010000
000000000000000000000000011101101101010
000000000000000000000000011101111000100
000000000000000000000000011110000011110
000000000000000000000000011110001111000
000000000000000000000000011110011010010
000000000000000000000000011110100101100
000000000000000000000000011110110000110
000000000000000000000000011110111100000
000000000000000000000000011111000111010
000000000000000000000000011111010010100
000000000000000000000000011111011101110
000000000000000000000000011111101001000
000000000000000000000000011111110100010
000000000000000000000000011111111111100
000000000000000000000000100000001010110
000000000000000000000000100000010110000
000000000000000000000000100000100001010
000000000000000000000000100000101100100
000000000000000000000000100000110111110
000000000000000000000000100001000011000
000000000000000000000000100001001110010
000000000000000000000000100001011001100
000000000000000000000000100001100100110
000000000000000000000000100001110000000
000000000000000000000000100001111011010
000000000000000000000000100010000110100
000000000000000000000000100010010001110
000000000000000000000000100010011101000
000000000000000000000000100010101000010
000000000000000000000000100010110011100
000000000000000000000000100010111110110
000000000000000000000000100011001010000
000000000000000000000000100011010101010
000000000000000000000000100011100000100
000000000000000000000000100011101011110
000000000000000000000000100011110111000
000000000000000000000000100100000010010
000000000000000000000000100100001101100
000000000000000000000000100100011000110
000000000000000000000000100100100100000
000000000000000000000000100100101111010
000000000000000000000000100100111010100
000000000000000000000000100101000101110
000000000000000000000000100101010001000
000000000000000000000000100101011100010
000000000000000000000000100101100111100
000000000000000000000000100101110010110
000000000000000000000000100101111110000
000000000000000000000000100110001001010
000000000000000000000000100110010100100
000000000000000000000000100110011111110
000000000000000000000000100110101011000
000000000000000000000000100110110110010
000000000000000000000000100111000001100
000000000000000000000000100111001100110
000000000000000000000000100111011000000
000000000000000000000000100111100011010
000000000000000000000000100111101110100
000000000000000000000000100111111001110
000000000000000000000000101000000101000
000000000000000000000000101000010000010
000000000000000000000000101000011011100
000000000000000000000000101000100110110
000000000000000000000000101000110010000
000000000000000000000000101000111101010
000000000000000000000000101001001000100
000000000000000000000000101001010011110
000000000000000000000000101001011111000
000000000000000000000000101001101010010
000000000000000000000000101001110101100
000000000000000000000000101010000000110
000000000000000000000000101010001100000
000000000000000000000000101010010111010
000000000000000000000000101010100010100
000000000000000000000000101010101101110
000000000000000000000000101010111001000
000000000000000000000000101011000100010
000000000000000000000000101011001111100
000000000000000000000000101011011010110
000000000000000000000000101011100110000
000000000000000000000000101011110001010
000000000000000000000000101011111100100
000000000000000000000000101100000111110
000000000000000000000000101100010011000
000000000000000000000000101100011110010
000000000000000000000000101100101001100
000000000000000000000000101100110100110
