000000000000000000000000000000000000000
111111111111111111111111111111110100011
111111111111111111111111111111101000110
111111111111111111111111111111011101001
111111111111111111111111111111010001100
111111111111111111111111111111000101111
111111111111111111111111111110111010010
111111111111111111111111111110101110101
111111111111111111111111111110100011000
111111111111111111111111111110010111011
111111111111111111111111111110001011110
111111111111111111111111111110000000001
111111111111111111111111111101110100100
111111111111111111111111111101101000111
111111111111111111111111111101011101010
111111111111111111111111111101010001101
111111111111111111111111111101000110000
111111111111111111111111111100111010011
111111111111111111111111111100101110110
111111111111111111111111111100100011001
111111111111111111111111111100010111100
111111111111111111111111111100001011111
111111111111111111111111111100000000010
111111111111111111111111111011110100101
111111111111111111111111111011101001000
111111111111111111111111111011011101011
111111111111111111111111111011010001110
111111111111111111111111111011000110001
111111111111111111111111111010111010100
111111111111111111111111111010101110111
111111111111111111111111111010100011010
111111111111111111111111111010010111101
111111111111111111111111111010001100000
111111111111111111111111111010000000011
111111111111111111111111111001110100110
111111111111111111111111111001101001001
111111111111111111111111111001011101100
111111111111111111111111111001010001111
111111111111111111111111111001000110010
111111111111111111111111111000111010101
111111111111111111111111111000101111000
111111111111111111111111111000100011011
111111111111111111111111111000010111110
111111111111111111111111111000001100001
111111111111111111111111111000000000100
111111111111111111111111110111110100111
111111111111111111111111110111101001010
111111111111111111111111110111011101101
111111111111111111111111110111010010000
111111111111111111111111110111000110011
111111111111111111111111110110111010110
111111111111111111111111110110101111001
111111111111111111111111110110100011100
111111111111111111111111110110010111111
111111111111111111111111110110001100010
111111111111111111111111110110000000101
111111111111111111111111110101110101000
111111111111111111111111110101101001011
111111111111111111111111110101011101110
111111111111111111111111110101010010001
111111111111111111111111110101000110100
111111111111111111111111110100111010111
111111111111111111111111110100101111010
111111111111111111111111110100100011101
111111111111111111111111110100011000000
111111111111111111111111110100001100011
111111111111111111111111110100000000110
111111111111111111111111110011110101001
111111111111111111111111110011101001100
111111111111111111111111110011011101111
111111111111111111111111110011010010010
111111111111111111111111110011000110101
111111111111111111111111110010111011000
111111111111111111111111110010101111011
111111111111111111111111110010100011110
111111111111111111111111110010011000001
111111111111111111111111110010001100100
111111111111111111111111110010000000111
111111111111111111111111110001110101010
111111111111111111111111110001101001101
111111111111111111111111110001011110000
111111111111111111111111110001010010011
111111111111111111111111110001000110110
111111111111111111111111110000111011001
111111111111111111111111110000101111100
111111111111111111111111110000100011111
111111111111111111111111110000011000010
111111111111111111111111110000001100101
111111111111111111111111110000000001000
111111111111111111111111101111110101011
111111111111111111111111101111101001110
111111111111111111111111101111011110001
111111111111111111111111101111010010100
111111111111111111111111101111000110111
111111111111111111111111101110111011010
111111111111111111111111101110101111101
111111111111111111111111101110100100000
111111111111111111111111101110011000011
111111111111111111111111101110001100110
111111111111111111111111101110000001001
111111111111111111111111101101110101100
111111111111111111111111101101101001111
111111111111111111111111101101011110010
111111111111111111111111101101010010101
111111111111111111111111101101000111000
111111111111111111111111101100111011011
111111111111111111111111101100101111110
111111111111111111111111101100100100001
111111111111111111111111101100011000100
111111111111111111111111101100001100111
111111111111111111111111101100000001010
111111111111111111111111101011110101101
111111111111111111111111101011101010000
111111111111111111111111101011011110011
111111111111111111111111101011010010110
111111111111111111111111101011000111001
111111111111111111111111101010111011100
111111111111111111111111101010101111111
111111111111111111111111101010100100010
111111111111111111111111101010011000101
111111111111111111111111101010001101000
111111111111111111111111101010000001011
111111111111111111111111101001110101110
111111111111111111111111101001101010001
111111111111111111111111101001011110100
111111111111111111111111101001010010111
111111111111111111111111101001000111010
111111111111111111111111101000111011101
111111111111111111111111101000110000000
111111111111111111111111101000100100011
111111111111111111111111101000011000110
111111111111111111111111101000001101001
111111111111111111111111101000000001100
111111111111111111111111100111110101111
111111111111111111111111100111101010010
111111111111111111111111100111011110101
111111111111111111111111100111010011000
111111111111111111111111100111000111011
111111111111111111111111100110111011110
111111111111111111111111100110110000001
111111111111111111111111100110100100100
111111111111111111111111100110011000111
111111111111111111111111100110001101010
111111111111111111111111100110000001101
111111111111111111111111100101110110000
111111111111111111111111100101101010011
111111111111111111111111100101011110110
111111111111111111111111100101010011001
111111111111111111111111100101000111100
111111111111111111111111100100111011111
111111111111111111111111100100110000010
111111111111111111111111100100100100101
111111111111111111111111100100011001000
111111111111111111111111100100001101011
111111111111111111111111100100000001110
111111111111111111111111100011110110001
111111111111111111111111100011101010100
111111111111111111111111100011011110111
111111111111111111111111100011010011010
111111111111111111111111100011000111101
111111111111111111111111100010111100000
111111111111111111111111100010110000011
111111111111111111111111100010100100110
111111111111111111111111100010011001001
111111111111111111111111100010001101100
111111111111111111111111100010000001111
111111111111111111111111100001110110010
111111111111111111111111100001101010101
111111111111111111111111100001011111000
111111111111111111111111100001010011011
111111111111111111111111100001000111110
111111111111111111111111100000111100001
111111111111111111111111100000110000100
111111111111111111111111100000100100111
111111111111111111111111100000011001010
111111111111111111111111100000001101101
111111111111111111111111100000000010000
111111111111111111111111011111110110011
111111111111111111111111011111101010110
111111111111111111111111011111011111001
111111111111111111111111011111010011100
111111111111111111111111011111000111111
111111111111111111111111011110111100010
111111111111111111111111011110110000101
111111111111111111111111011110100101000
111111111111111111111111011110011001011
111111111111111111111111011110001101110
111111111111111111111111011110000010001
111111111111111111111111011101110110100
111111111111111111111111011101101010111
111111111111111111111111011101011111010
111111111111111111111111011101010011101
111111111111111111111111011101001000000
111111111111111111111111011100111100011
111111111111111111111111011100110000110
111111111111111111111111011100100101001
111111111111111111111111011100011001100
111111111111111111111111011100001101111
111111111111111111111111011100000010010
111111111111111111111111011011110110101
111111111111111111111111011011101011000
111111111111111111111111011011011111011
111111111111111111111111011011010011110
111111111111111111111111011011001000001
111111111111111111111111011010111100100
111111111111111111111111011010110000111
111111111111111111111111011010100101010
111111111111111111111111011010011001101
111111111111111111111111011010001110000
111111111111111111111111011010000010011
111111111111111111111111011001110110110
111111111111111111111111011001101011001
111111111111111111111111011001011111100
111111111111111111111111011001010011111
111111111111111111111111011001001000010
111111111111111111111111011000111100101
111111111111111111111111011000110001000
111111111111111111111111011000100101011
111111111111111111111111011000011001110
111111111111111111111111011000001110001
111111111111111111111111011000000010100
111111111111111111111111010111110110111
111111111111111111111111010111101011010
111111111111111111111111010111011111101
111111111111111111111111010111010100000
111111111111111111111111010111001000011
111111111111111111111111010110111100110
111111111111111111111111010110110001001
111111111111111111111111010110100101100
111111111111111111111111010110011001111
111111111111111111111111010110001110010
111111111111111111111111010110000010101
111111111111111111111111010101110111000
111111111111111111111111010101101011011
111111111111111111111111010101011111110
111111111111111111111111010101010100001
111111111111111111111111010101001000100
111111111111111111111111010100111100111
111111111111111111111111010100110001010
111111111111111111111111010100100101101
111111111111111111111111010100011010000
111111111111111111111111010100001110011
111111111111111111111111010100000010110
111111111111111111111111010011110111001
111111111111111111111111010011101011100
111111111111111111111111010011011111111
111111111111111111111111010011010100010
111111111111111111111111010011001000101
111111111111111111111111010010111101000
111111111111111111111111010010110001011
111111111111111111111111010010100101110
111111111111111111111111010010011010001
111111111111111111111111010010001110100
111111111111111111111111010010000010111
111111111111111111111111010001110111010
111111111111111111111111010001101011101
