000000000000000000000000000000000000000
000000000000000000000000000000011011101
000000000000000000000000000000110111010
000000000000000000000000000001010010111
000000000000000000000000000001101110100
000000000000000000000000000010001010001
000000000000000000000000000010100101110
000000000000000000000000000011000001011
000000000000000000000000000011011101000
000000000000000000000000000011111000101
000000000000000000000000000100010100010
000000000000000000000000000100101111111
000000000000000000000000000101001011100
000000000000000000000000000101100111001
000000000000000000000000000110000010110
000000000000000000000000000110011110011
000000000000000000000000000110111010000
000000000000000000000000000111010101101
000000000000000000000000000111110001010
000000000000000000000000001000001100111
000000000000000000000000001000101000100
000000000000000000000000001001000100001
000000000000000000000000001001011111110
000000000000000000000000001001111011011
000000000000000000000000001010010111000
000000000000000000000000001010110010101
000000000000000000000000001011001110010
000000000000000000000000001011101001111
000000000000000000000000001100000101100
000000000000000000000000001100100001001
000000000000000000000000001100111100110
000000000000000000000000001101011000011
000000000000000000000000001101110100000
000000000000000000000000001110001111101
000000000000000000000000001110101011010
000000000000000000000000001111000110111
000000000000000000000000001111100010100
000000000000000000000000001111111110001
000000000000000000000000010000011001110
000000000000000000000000010000110101011
000000000000000000000000010001010001000
000000000000000000000000010001101100101
000000000000000000000000010010001000010
000000000000000000000000010010100011111
000000000000000000000000010010111111100
000000000000000000000000010011011011001
000000000000000000000000010011110110110
000000000000000000000000010100010010011
000000000000000000000000010100101110000
000000000000000000000000010101001001101
000000000000000000000000010101100101010
000000000000000000000000010110000000111
000000000000000000000000010110011100100
000000000000000000000000010110111000001
000000000000000000000000010111010011110
000000000000000000000000010111101111011
000000000000000000000000011000001011000
000000000000000000000000011000100110101
000000000000000000000000011001000010010
000000000000000000000000011001011101111
000000000000000000000000011001111001100
000000000000000000000000011010010101001
000000000000000000000000011010110000110
000000000000000000000000011011001100011
000000000000000000000000011011101000000
000000000000000000000000011100000011101
000000000000000000000000011100011111010
000000000000000000000000011100111010111
000000000000000000000000011101010110100
000000000000000000000000011101110010001
000000000000000000000000011110001101110
000000000000000000000000011110101001011
000000000000000000000000011111000101000
000000000000000000000000011111100000101
000000000000000000000000011111111100010
000000000000000000000000100000010111111
000000000000000000000000100000110011100
000000000000000000000000100001001111001
000000000000000000000000100001101010110
000000000000000000000000100010000110011
000000000000000000000000100010100010000
000000000000000000000000100010111101101
000000000000000000000000100011011001010
000000000000000000000000100011110100111
000000000000000000000000100100010000100
000000000000000000000000100100101100001
000000000000000000000000100101000111110
000000000000000000000000100101100011011
000000000000000000000000100101111111000
000000000000000000000000100110011010101
000000000000000000000000100110110110010
000000000000000000000000100111010001111
000000000000000000000000100111101101100
000000000000000000000000101000001001001
000000000000000000000000101000100100110
000000000000000000000000101001000000011
000000000000000000000000101001011100000
000000000000000000000000101001110111101
000000000000000000000000101010010011010
000000000000000000000000101010101110111
000000000000000000000000101011001010100
000000000000000000000000101011100110001
000000000000000000000000101100000001110
000000000000000000000000101100011101011
000000000000000000000000101100111001000
000000000000000000000000101101010100101
000000000000000000000000101101110000010
000000000000000000000000101110001011111
000000000000000000000000101110100111100
000000000000000000000000101111000011001
000000000000000000000000101111011110110
000000000000000000000000101111111010011
000000000000000000000000110000010110000
000000000000000000000000110000110001101
000000000000000000000000110001001101010
000000000000000000000000110001101000111
000000000000000000000000110010000100100
000000000000000000000000110010100000001
000000000000000000000000110010111011110
000000000000000000000000110011010111011
000000000000000000000000110011110011000
000000000000000000000000110100001110101
000000000000000000000000110100101010010
000000000000000000000000110101000101111
000000000000000000000000110101100001100
000000000000000000000000110101111101001
000000000000000000000000110110011000110
000000000000000000000000110110110100011
000000000000000000000000110111010000000
000000000000000000000000110111101011101
000000000000000000000000111000000111010
000000000000000000000000111000100010111
000000000000000000000000111000111110100
000000000000000000000000111001011010001
000000000000000000000000111001110101110
000000000000000000000000111010010001011
000000000000000000000000111010101101000
000000000000000000000000111011001000101
000000000000000000000000111011100100010
000000000000000000000000111011111111111
000000000000000000000000111100011011100
000000000000000000000000111100110111001
000000000000000000000000111101010010110
000000000000000000000000111101101110011
000000000000000000000000111110001010000
000000000000000000000000111110100101101
000000000000000000000000111111000001010
000000000000000000000000111111011100111
000000000000000000000000111111111000100
000000000000000000000001000000010100001
000000000000000000000001000000101111110
000000000000000000000001000001001011011
000000000000000000000001000001100111000
000000000000000000000001000010000010101
000000000000000000000001000010011110010
000000000000000000000001000010111001111
000000000000000000000001000011010101100
000000000000000000000001000011110001001
000000000000000000000001000100001100110
000000000000000000000001000100101000011
000000000000000000000001000101000100000
000000000000000000000001000101011111101
000000000000000000000001000101111011010
000000000000000000000001000110010110111
000000000000000000000001000110110010100
000000000000000000000001000111001110001
000000000000000000000001000111101001110
000000000000000000000001001000000101011
000000000000000000000001001000100001000
000000000000000000000001001000111100101
000000000000000000000001001001011000010
000000000000000000000001001001110011111
000000000000000000000001001010001111100
000000000000000000000001001010101011001
000000000000000000000001001011000110110
000000000000000000000001001011100010011
000000000000000000000001001011111110000
000000000000000000000001001100011001101
000000000000000000000001001100110101010
000000000000000000000001001101010000111
000000000000000000000001001101101100100
000000000000000000000001001110001000001
000000000000000000000001001110100011110
000000000000000000000001001110111111011
000000000000000000000001001111011011000
000000000000000000000001001111110110101
000000000000000000000001010000010010010
000000000000000000000001010000101101111
000000000000000000000001010001001001100
000000000000000000000001010001100101001
000000000000000000000001010010000000110
000000000000000000000001010010011100011
000000000000000000000001010010111000000
000000000000000000000001010011010011101
000000000000000000000001010011101111010
000000000000000000000001010100001010111
000000000000000000000001010100100110100
000000000000000000000001010101000010001
000000000000000000000001010101011101110
000000000000000000000001010101111001011
000000000000000000000001010110010101000
000000000000000000000001010110110000101
000000000000000000000001010111001100010
000000000000000000000001010111100111111
000000000000000000000001011000000011100
000000000000000000000001011000011111001
000000000000000000000001011000111010110
000000000000000000000001011001010110011
000000000000000000000001011001110010000
000000000000000000000001011010001101101
000000000000000000000001011010101001010
000000000000000000000001011011000100111
000000000000000000000001011011100000100
000000000000000000000001011011111100001
000000000000000000000001011100010111110
000000000000000000000001011100110011011
000000000000000000000001011101001111000
000000000000000000000001011101101010101
000000000000000000000001011110000110010
000000000000000000000001011110100001111
000000000000000000000001011110111101100
000000000000000000000001011111011001001
000000000000000000000001011111110100110
000000000000000000000001100000010000011
000000000000000000000001100000101100000
000000000000000000000001100001000111101
000000000000000000000001100001100011010
000000000000000000000001100001111110111
000000000000000000000001100010011010100
000000000000000000000001100010110110001
000000000000000000000001100011010001110
000000000000000000000001100011101101011
000000000000000000000001100100001001000
000000000000000000000001100100100100101
000000000000000000000001100101000000010
000000000000000000000001100101011011111
000000000000000000000001100101110111100
000000000000000000000001100110010011001
000000000000000000000001100110101110110
000000000000000000000001100111001010011
000000000000000000000001100111100110000
000000000000000000000001101000000001101
000000000000000000000001101000011101010
000000000000000000000001101000111000111
000000000000000000000001101001010100100
000000000000000000000001101001110000001
000000000000000000000001101010001011110
000000000000000000000001101010100111011
000000000000000000000001101011000011000
000000000000000000000001101011011110101
000000000000000000000001101011111010010
000000000000000000000001101100010101111
000000000000000000000001101100110001100
000000000000000000000001101101001101001
000000000000000000000001101101101000110
000000000000000000000001101110000100011
