000000000000000000000000000000000000000
000000000000000000000000000000000000111
000000000000000000000000000000000001110
000000000000000000000000000000000010101
000000000000000000000000000000000011100
000000000000000000000000000000000100011
000000000000000000000000000000000101010
000000000000000000000000000000000110001
000000000000000000000000000000000111000
000000000000000000000000000000000111111
000000000000000000000000000000001000110
000000000000000000000000000000001001101
000000000000000000000000000000001010100
000000000000000000000000000000001011011
000000000000000000000000000000001100010
000000000000000000000000000000001101001
000000000000000000000000000000001110000
000000000000000000000000000000001110111
000000000000000000000000000000001111110
000000000000000000000000000000010000101
000000000000000000000000000000010001100
000000000000000000000000000000010010011
000000000000000000000000000000010011010
000000000000000000000000000000010100001
000000000000000000000000000000010101000
000000000000000000000000000000010101111
000000000000000000000000000000010110110
000000000000000000000000000000010111101
000000000000000000000000000000011000100
000000000000000000000000000000011001011
000000000000000000000000000000011010010
000000000000000000000000000000011011001
000000000000000000000000000000011100000
000000000000000000000000000000011100111
000000000000000000000000000000011101110
000000000000000000000000000000011110101
000000000000000000000000000000011111100
000000000000000000000000000000100000011
000000000000000000000000000000100001010
000000000000000000000000000000100010001
000000000000000000000000000000100011000
000000000000000000000000000000100011111
000000000000000000000000000000100100110
000000000000000000000000000000100101101
000000000000000000000000000000100110100
000000000000000000000000000000100111011
000000000000000000000000000000101000010
000000000000000000000000000000101001001
000000000000000000000000000000101010000
000000000000000000000000000000101010111
000000000000000000000000000000101011110
000000000000000000000000000000101100101
000000000000000000000000000000101101100
000000000000000000000000000000101110011
000000000000000000000000000000101111010
000000000000000000000000000000110000001
000000000000000000000000000000110001000
000000000000000000000000000000110001111
000000000000000000000000000000110010110
000000000000000000000000000000110011101
000000000000000000000000000000110100100
000000000000000000000000000000110101011
000000000000000000000000000000110110010
000000000000000000000000000000110111001
000000000000000000000000000000111000000
000000000000000000000000000000111000111
000000000000000000000000000000111001110
000000000000000000000000000000111010101
000000000000000000000000000000111011100
000000000000000000000000000000111100011
000000000000000000000000000000111101010
000000000000000000000000000000111110001
000000000000000000000000000000111111000
000000000000000000000000000000111111111
000000000000000000000000000001000000110
000000000000000000000000000001000001101
000000000000000000000000000001000010100
000000000000000000000000000001000011011
000000000000000000000000000001000100010
000000000000000000000000000001000101001
000000000000000000000000000001000110000
000000000000000000000000000001000110111
000000000000000000000000000001000111110
000000000000000000000000000001001000101
000000000000000000000000000001001001100
000000000000000000000000000001001010011
000000000000000000000000000001001011010
000000000000000000000000000001001100001
000000000000000000000000000001001101000
000000000000000000000000000001001101111
000000000000000000000000000001001110110
000000000000000000000000000001001111101
000000000000000000000000000001010000100
000000000000000000000000000001010001011
000000000000000000000000000001010010010
000000000000000000000000000001010011001
000000000000000000000000000001010100000
000000000000000000000000000001010100111
000000000000000000000000000001010101110
000000000000000000000000000001010110101
000000000000000000000000000001010111100
000000000000000000000000000001011000011
000000000000000000000000000001011001010
000000000000000000000000000001011010001
000000000000000000000000000001011011000
000000000000000000000000000001011011111
000000000000000000000000000001011100110
000000000000000000000000000001011101101
000000000000000000000000000001011110100
000000000000000000000000000001011111011
000000000000000000000000000001100000010
000000000000000000000000000001100001001
000000000000000000000000000001100010000
000000000000000000000000000001100010111
000000000000000000000000000001100011110
000000000000000000000000000001100100101
000000000000000000000000000001100101100
000000000000000000000000000001100110011
000000000000000000000000000001100111010
000000000000000000000000000001101000001
000000000000000000000000000001101001000
000000000000000000000000000001101001111
000000000000000000000000000001101010110
000000000000000000000000000001101011101
000000000000000000000000000001101100100
000000000000000000000000000001101101011
000000000000000000000000000001101110010
000000000000000000000000000001101111001
000000000000000000000000000001110000000
000000000000000000000000000001110000111
000000000000000000000000000001110001110
000000000000000000000000000001110010101
000000000000000000000000000001110011100
000000000000000000000000000001110100011
000000000000000000000000000001110101010
000000000000000000000000000001110110001
000000000000000000000000000001110111000
000000000000000000000000000001110111111
000000000000000000000000000001111000110
000000000000000000000000000001111001101
000000000000000000000000000001111010100
000000000000000000000000000001111011011
000000000000000000000000000001111100010
000000000000000000000000000001111101001
000000000000000000000000000001111110000
000000000000000000000000000001111110111
000000000000000000000000000001111111110
000000000000000000000000000010000000101
000000000000000000000000000010000001100
000000000000000000000000000010000010011
000000000000000000000000000010000011010
000000000000000000000000000010000100001
000000000000000000000000000010000101000
000000000000000000000000000010000101111
000000000000000000000000000010000110110
000000000000000000000000000010000111101
000000000000000000000000000010001000100
000000000000000000000000000010001001011
000000000000000000000000000010001010010
000000000000000000000000000010001011001
000000000000000000000000000010001100000
000000000000000000000000000010001100111
000000000000000000000000000010001101110
000000000000000000000000000010001110101
000000000000000000000000000010001111100
000000000000000000000000000010010000011
000000000000000000000000000010010001010
000000000000000000000000000010010010001
000000000000000000000000000010010011000
000000000000000000000000000010010011111
000000000000000000000000000010010100110
000000000000000000000000000010010101101
000000000000000000000000000010010110100
000000000000000000000000000010010111011
000000000000000000000000000010011000010
000000000000000000000000000010011001001
000000000000000000000000000010011010000
000000000000000000000000000010011010111
000000000000000000000000000010011011110
000000000000000000000000000010011100101
000000000000000000000000000010011101100
000000000000000000000000000010011110011
000000000000000000000000000010011111010
000000000000000000000000000010100000001
000000000000000000000000000010100001000
000000000000000000000000000010100001111
000000000000000000000000000010100010110
000000000000000000000000000010100011101
000000000000000000000000000010100100100
000000000000000000000000000010100101011
000000000000000000000000000010100110010
000000000000000000000000000010100111001
000000000000000000000000000010101000000
000000000000000000000000000010101000111
000000000000000000000000000010101001110
000000000000000000000000000010101010101
000000000000000000000000000010101011100
000000000000000000000000000010101100011
000000000000000000000000000010101101010
000000000000000000000000000010101110001
000000000000000000000000000010101111000
000000000000000000000000000010101111111
000000000000000000000000000010110000110
000000000000000000000000000010110001101
000000000000000000000000000010110010100
000000000000000000000000000010110011011
000000000000000000000000000010110100010
000000000000000000000000000010110101001
000000000000000000000000000010110110000
000000000000000000000000000010110110111
000000000000000000000000000010110111110
000000000000000000000000000010111000101
000000000000000000000000000010111001100
000000000000000000000000000010111010011
000000000000000000000000000010111011010
000000000000000000000000000010111100001
000000000000000000000000000010111101000
000000000000000000000000000010111101111
000000000000000000000000000010111110110
000000000000000000000000000010111111101
000000000000000000000000000011000000100
000000000000000000000000000011000001011
000000000000000000000000000011000010010
000000000000000000000000000011000011001
000000000000000000000000000011000100000
000000000000000000000000000011000100111
000000000000000000000000000011000101110
000000000000000000000000000011000110101
000000000000000000000000000011000111100
000000000000000000000000000011001000011
000000000000000000000000000011001001010
000000000000000000000000000011001010001
000000000000000000000000000011001011000
000000000000000000000000000011001011111
000000000000000000000000000011001100110
000000000000000000000000000011001101101
000000000000000000000000000011001110100
000000000000000000000000000011001111011
000000000000000000000000000011010000010
000000000000000000000000000011010001001
000000000000000000000000000011010010000
000000000000000000000000000011010010111
000000000000000000000000000011010011110
000000000000000000000000000011010100101
000000000000000000000000000011010101100
000000000000000000000000000011010110011
000000000000000000000000000011010111010
000000000000000000000000000011011000001
000000000000000000000000000011011001000
000000000000000000000000000011011001111
000000000000000000000000000011011010110
000000000000000000000000000011011011101
000000000000000000000000000011011100100
000000000000000000000000000011011101011
000000000000000000000000000011011110010
000000000000000000000000000011011111001
