000000000000000000000000000000000000000
111111111111111111111111111111111000100
111111111111111111111111111111110001000
111111111111111111111111111111101001100
111111111111111111111111111111100010000
111111111111111111111111111111011010100
111111111111111111111111111111010011000
111111111111111111111111111111001011100
111111111111111111111111111111000100000
111111111111111111111111111110111100100
111111111111111111111111111110110101000
111111111111111111111111111110101101100
111111111111111111111111111110100110000
111111111111111111111111111110011110100
111111111111111111111111111110010111000
111111111111111111111111111110001111100
111111111111111111111111111110001000000
111111111111111111111111111110000000100
111111111111111111111111111101111001000
111111111111111111111111111101110001100
111111111111111111111111111101101010000
111111111111111111111111111101100010100
111111111111111111111111111101011011000
111111111111111111111111111101010011100
111111111111111111111111111101001100000
111111111111111111111111111101000100100
111111111111111111111111111100111101000
111111111111111111111111111100110101100
111111111111111111111111111100101110000
111111111111111111111111111100100110100
111111111111111111111111111100011111000
111111111111111111111111111100010111100
111111111111111111111111111100010000000
111111111111111111111111111100001000100
111111111111111111111111111100000001000
111111111111111111111111111011111001100
111111111111111111111111111011110010000
111111111111111111111111111011101010100
111111111111111111111111111011100011000
111111111111111111111111111011011011100
111111111111111111111111111011010100000
111111111111111111111111111011001100100
111111111111111111111111111011000101000
111111111111111111111111111010111101100
111111111111111111111111111010110110000
111111111111111111111111111010101110100
111111111111111111111111111010100111000
111111111111111111111111111010011111100
111111111111111111111111111010011000000
111111111111111111111111111010010000100
111111111111111111111111111010001001000
111111111111111111111111111010000001100
111111111111111111111111111001111010000
111111111111111111111111111001110010100
111111111111111111111111111001101011000
111111111111111111111111111001100011100
111111111111111111111111111001011100000
111111111111111111111111111001010100100
111111111111111111111111111001001101000
111111111111111111111111111001000101100
111111111111111111111111111000111110000
111111111111111111111111111000110110100
111111111111111111111111111000101111000
111111111111111111111111111000100111100
111111111111111111111111111000100000000
111111111111111111111111111000011000100
111111111111111111111111111000010001000
111111111111111111111111111000001001100
111111111111111111111111111000000010000
111111111111111111111111110111111010100
111111111111111111111111110111110011000
111111111111111111111111110111101011100
111111111111111111111111110111100100000
111111111111111111111111110111011100100
111111111111111111111111110111010101000
111111111111111111111111110111001101100
111111111111111111111111110111000110000
111111111111111111111111110110111110100
111111111111111111111111110110110111000
111111111111111111111111110110101111100
111111111111111111111111110110101000000
111111111111111111111111110110100000100
111111111111111111111111110110011001000
111111111111111111111111110110010001100
111111111111111111111111110110001010000
111111111111111111111111110110000010100
111111111111111111111111110101111011000
111111111111111111111111110101110011100
111111111111111111111111110101101100000
111111111111111111111111110101100100100
111111111111111111111111110101011101000
111111111111111111111111110101010101100
111111111111111111111111110101001110000
111111111111111111111111110101000110100
111111111111111111111111110100111111000
111111111111111111111111110100110111100
111111111111111111111111110100110000000
111111111111111111111111110100101000100
111111111111111111111111110100100001000
111111111111111111111111110100011001100
111111111111111111111111110100010010000
111111111111111111111111110100001010100
111111111111111111111111110100000011000
111111111111111111111111110011111011100
111111111111111111111111110011110100000
111111111111111111111111110011101100100
111111111111111111111111110011100101000
111111111111111111111111110011011101100
111111111111111111111111110011010110000
111111111111111111111111110011001110100
111111111111111111111111110011000111000
111111111111111111111111110010111111100
111111111111111111111111110010111000000
111111111111111111111111110010110000100
111111111111111111111111110010101001000
111111111111111111111111110010100001100
111111111111111111111111110010011010000
111111111111111111111111110010010010100
111111111111111111111111110010001011000
111111111111111111111111110010000011100
111111111111111111111111110001111100000
111111111111111111111111110001110100100
111111111111111111111111110001101101000
111111111111111111111111110001100101100
111111111111111111111111110001011110000
111111111111111111111111110001010110100
111111111111111111111111110001001111000
111111111111111111111111110001000111100
111111111111111111111111110001000000000
111111111111111111111111110000111000100
111111111111111111111111110000110001000
111111111111111111111111110000101001100
111111111111111111111111110000100010000
111111111111111111111111110000011010100
111111111111111111111111110000010011000
111111111111111111111111110000001011100
111111111111111111111111110000000100000
111111111111111111111111101111111100100
111111111111111111111111101111110101000
111111111111111111111111101111101101100
111111111111111111111111101111100110000
111111111111111111111111101111011110100
111111111111111111111111101111010111000
111111111111111111111111101111001111100
111111111111111111111111101111001000000
111111111111111111111111101111000000100
111111111111111111111111101110111001000
111111111111111111111111101110110001100
111111111111111111111111101110101010000
111111111111111111111111101110100010100
111111111111111111111111101110011011000
111111111111111111111111101110010011100
111111111111111111111111101110001100000
111111111111111111111111101110000100100
111111111111111111111111101101111101000
111111111111111111111111101101110101100
111111111111111111111111101101101110000
111111111111111111111111101101100110100
111111111111111111111111101101011111000
111111111111111111111111101101010111100
111111111111111111111111101101010000000
111111111111111111111111101101001000100
111111111111111111111111101101000001000
111111111111111111111111101100111001100
111111111111111111111111101100110010000
111111111111111111111111101100101010100
111111111111111111111111101100100011000
111111111111111111111111101100011011100
111111111111111111111111101100010100000
111111111111111111111111101100001100100
111111111111111111111111101100000101000
111111111111111111111111101011111101100
111111111111111111111111101011110110000
111111111111111111111111101011101110100
111111111111111111111111101011100111000
111111111111111111111111101011011111100
111111111111111111111111101011011000000
111111111111111111111111101011010000100
111111111111111111111111101011001001000
111111111111111111111111101011000001100
111111111111111111111111101010111010000
111111111111111111111111101010110010100
111111111111111111111111101010101011000
111111111111111111111111101010100011100
111111111111111111111111101010011100000
111111111111111111111111101010010100100
111111111111111111111111101010001101000
111111111111111111111111101010000101100
111111111111111111111111101001111110000
111111111111111111111111101001110110100
111111111111111111111111101001101111000
111111111111111111111111101001100111100
111111111111111111111111101001100000000
111111111111111111111111101001011000100
111111111111111111111111101001010001000
111111111111111111111111101001001001100
111111111111111111111111101001000010000
111111111111111111111111101000111010100
111111111111111111111111101000110011000
111111111111111111111111101000101011100
111111111111111111111111101000100100000
111111111111111111111111101000011100100
111111111111111111111111101000010101000
111111111111111111111111101000001101100
111111111111111111111111101000000110000
111111111111111111111111100111111110100
111111111111111111111111100111110111000
111111111111111111111111100111101111100
111111111111111111111111100111101000000
111111111111111111111111100111100000100
111111111111111111111111100111011001000
111111111111111111111111100111010001100
111111111111111111111111100111001010000
111111111111111111111111100111000010100
111111111111111111111111100110111011000
111111111111111111111111100110110011100
111111111111111111111111100110101100000
111111111111111111111111100110100100100
111111111111111111111111100110011101000
111111111111111111111111100110010101100
111111111111111111111111100110001110000
111111111111111111111111100110000110100
111111111111111111111111100101111111000
111111111111111111111111100101110111100
111111111111111111111111100101110000000
111111111111111111111111100101101000100
111111111111111111111111100101100001000
111111111111111111111111100101011001100
111111111111111111111111100101010010000
111111111111111111111111100101001010100
111111111111111111111111100101000011000
111111111111111111111111100100111011100
111111111111111111111111100100110100000
111111111111111111111111100100101100100
111111111111111111111111100100100101000
111111111111111111111111100100011101100
111111111111111111111111100100010110000
111111111111111111111111100100001110100
111111111111111111111111100100000111000
111111111111111111111111100011111111100
111111111111111111111111100011111000000
111111111111111111111111100011110000100
111111111111111111111111100011101001000
111111111111111111111111100011100001100
111111111111111111111111100011011010000
111111111111111111111111100011010010100
111111111111111111111111100011001011000
111111111111111111111111100011000011100
111111111111111111111111100010111100000
111111111111111111111111100010110100100
111111111111111111111111100010101101000
111111111111111111111111100010100101100
111111111111111111111111100010011110000
111111111111111111111111100010010110100
111111111111111111111111100010001111000
111111111111111111111111100010000111100
