000000000000000000000000000000000000000
111111111111111111111111111111101110101
111111111111111111111111111111011101010
111111111111111111111111111111001011111
111111111111111111111111111110111010100
111111111111111111111111111110101001001
111111111111111111111111111110010111110
111111111111111111111111111110000110011
111111111111111111111111111101110101000
111111111111111111111111111101100011101
111111111111111111111111111101010010010
111111111111111111111111111101000000111
111111111111111111111111111100101111100
111111111111111111111111111100011110001
111111111111111111111111111100001100110
111111111111111111111111111011111011011
111111111111111111111111111011101010000
111111111111111111111111111011011000101
111111111111111111111111111011000111010
111111111111111111111111111010110101111
111111111111111111111111111010100100100
111111111111111111111111111010010011001
111111111111111111111111111010000001110
111111111111111111111111111001110000011
111111111111111111111111111001011111000
111111111111111111111111111001001101101
111111111111111111111111111000111100010
111111111111111111111111111000101010111
111111111111111111111111111000011001100
111111111111111111111111111000001000001
111111111111111111111111110111110110110
111111111111111111111111110111100101011
111111111111111111111111110111010100000
111111111111111111111111110111000010101
111111111111111111111111110110110001010
111111111111111111111111110110011111111
111111111111111111111111110110001110100
111111111111111111111111110101111101001
111111111111111111111111110101101011110
111111111111111111111111110101011010011
111111111111111111111111110101001001000
111111111111111111111111110100110111101
111111111111111111111111110100100110010
111111111111111111111111110100010100111
111111111111111111111111110100000011100
111111111111111111111111110011110010001
111111111111111111111111110011100000110
111111111111111111111111110011001111011
111111111111111111111111110010111110000
111111111111111111111111110010101100101
111111111111111111111111110010011011010
111111111111111111111111110010001001111
111111111111111111111111110001111000100
111111111111111111111111110001100111001
111111111111111111111111110001010101110
111111111111111111111111110001000100011
111111111111111111111111110000110011000
111111111111111111111111110000100001101
111111111111111111111111110000010000010
111111111111111111111111101111111110111
111111111111111111111111101111101101100
111111111111111111111111101111011100001
111111111111111111111111101111001010110
111111111111111111111111101110111001011
111111111111111111111111101110101000000
111111111111111111111111101110010110101
111111111111111111111111101110000101010
111111111111111111111111101101110011111
111111111111111111111111101101100010100
111111111111111111111111101101010001001
111111111111111111111111101100111111110
111111111111111111111111101100101110011
111111111111111111111111101100011101000
111111111111111111111111101100001011101
111111111111111111111111101011111010010
111111111111111111111111101011101000111
111111111111111111111111101011010111100
111111111111111111111111101011000110001
111111111111111111111111101010110100110
111111111111111111111111101010100011011
111111111111111111111111101010010010000
111111111111111111111111101010000000101
111111111111111111111111101001101111010
111111111111111111111111101001011101111
111111111111111111111111101001001100100
111111111111111111111111101000111011001
111111111111111111111111101000101001110
111111111111111111111111101000011000011
111111111111111111111111101000000111000
111111111111111111111111100111110101101
111111111111111111111111100111100100010
111111111111111111111111100111010010111
111111111111111111111111100111000001100
111111111111111111111111100110110000001
111111111111111111111111100110011110110
111111111111111111111111100110001101011
111111111111111111111111100101111100000
111111111111111111111111100101101010101
111111111111111111111111100101011001010
111111111111111111111111100101000111111
111111111111111111111111100100110110100
111111111111111111111111100100100101001
111111111111111111111111100100010011110
111111111111111111111111100100000010011
111111111111111111111111100011110001000
111111111111111111111111100011011111101
111111111111111111111111100011001110010
111111111111111111111111100010111100111
111111111111111111111111100010101011100
111111111111111111111111100010011010001
111111111111111111111111100010001000110
111111111111111111111111100001110111011
111111111111111111111111100001100110000
111111111111111111111111100001010100101
111111111111111111111111100001000011010
111111111111111111111111100000110001111
111111111111111111111111100000100000100
111111111111111111111111100000001111001
111111111111111111111111011111111101110
111111111111111111111111011111101100011
111111111111111111111111011111011011000
111111111111111111111111011111001001101
111111111111111111111111011110111000010
111111111111111111111111011110100110111
111111111111111111111111011110010101100
111111111111111111111111011110000100001
111111111111111111111111011101110010110
111111111111111111111111011101100001011
111111111111111111111111011101010000000
111111111111111111111111011100111110101
111111111111111111111111011100101101010
111111111111111111111111011100011011111
111111111111111111111111011100001010100
111111111111111111111111011011111001001
111111111111111111111111011011100111110
111111111111111111111111011011010110011
111111111111111111111111011011000101000
111111111111111111111111011010110011101
111111111111111111111111011010100010010
111111111111111111111111011010010000111
111111111111111111111111011001111111100
111111111111111111111111011001101110001
111111111111111111111111011001011100110
111111111111111111111111011001001011011
111111111111111111111111011000111010000
111111111111111111111111011000101000101
111111111111111111111111011000010111010
111111111111111111111111011000000101111
111111111111111111111111010111110100100
111111111111111111111111010111100011001
111111111111111111111111010111010001110
111111111111111111111111010111000000011
111111111111111111111111010110101111000
111111111111111111111111010110011101101
111111111111111111111111010110001100010
111111111111111111111111010101111010111
111111111111111111111111010101101001100
111111111111111111111111010101011000001
111111111111111111111111010101000110110
111111111111111111111111010100110101011
111111111111111111111111010100100100000
111111111111111111111111010100010010101
111111111111111111111111010100000001010
111111111111111111111111010011101111111
111111111111111111111111010011011110100
111111111111111111111111010011001101001
111111111111111111111111010010111011110
111111111111111111111111010010101010011
111111111111111111111111010010011001000
111111111111111111111111010010000111101
111111111111111111111111010001110110010
111111111111111111111111010001100100111
111111111111111111111111010001010011100
111111111111111111111111010001000010001
111111111111111111111111010000110000110
111111111111111111111111010000011111011
111111111111111111111111010000001110000
111111111111111111111111001111111100101
111111111111111111111111001111101011010
111111111111111111111111001111011001111
111111111111111111111111001111001000100
111111111111111111111111001110110111001
111111111111111111111111001110100101110
111111111111111111111111001110010100011
111111111111111111111111001110000011000
111111111111111111111111001101110001101
111111111111111111111111001101100000010
111111111111111111111111001101001110111
111111111111111111111111001100111101100
111111111111111111111111001100101100001
111111111111111111111111001100011010110
111111111111111111111111001100001001011
111111111111111111111111001011111000000
111111111111111111111111001011100110101
111111111111111111111111001011010101010
111111111111111111111111001011000011111
111111111111111111111111001010110010100
111111111111111111111111001010100001001
111111111111111111111111001010001111110
111111111111111111111111001001111110011
111111111111111111111111001001101101000
111111111111111111111111001001011011101
111111111111111111111111001001001010010
111111111111111111111111001000111000111
111111111111111111111111001000100111100
111111111111111111111111001000010110001
111111111111111111111111001000000100110
111111111111111111111111000111110011011
111111111111111111111111000111100010000
111111111111111111111111000111010000101
111111111111111111111111000110111111010
111111111111111111111111000110101101111
111111111111111111111111000110011100100
111111111111111111111111000110001011001
111111111111111111111111000101111001110
111111111111111111111111000101101000011
111111111111111111111111000101010111000
111111111111111111111111000101000101101
111111111111111111111111000100110100010
111111111111111111111111000100100010111
111111111111111111111111000100010001100
111111111111111111111111000100000000001
111111111111111111111111000011101110110
111111111111111111111111000011011101011
111111111111111111111111000011001100000
111111111111111111111111000010111010101
111111111111111111111111000010101001010
111111111111111111111111000010010111111
111111111111111111111111000010000110100
111111111111111111111111000001110101001
111111111111111111111111000001100011110
111111111111111111111111000001010010011
111111111111111111111111000001000001000
111111111111111111111111000000101111101
111111111111111111111111000000011110010
111111111111111111111111000000001100111
111111111111111111111110111111111011100
111111111111111111111110111111101010001
111111111111111111111110111111011000110
111111111111111111111110111111000111011
111111111111111111111110111110110110000
111111111111111111111110111110100100101
111111111111111111111110111110010011010
111111111111111111111110111110000001111
111111111111111111111110111101110000100
111111111111111111111110111101011111001
111111111111111111111110111101001101110
111111111111111111111110111100111100011
111111111111111111111110111100101011000
111111111111111111111110111100011001101
111111111111111111111110111100001000010
111111111111111111111110111011110110111
111111111111111111111110111011100101100
111111111111111111111110111011010100001
111111111111111111111110111011000010110
111111111111111111111110111010110001011
