000000000000000000000000000000000000000
000000000000000000000000000000000111011
000000000000000000000000000000001110110
000000000000000000000000000000010110001
000000000000000000000000000000011101100
000000000000000000000000000000100100111
000000000000000000000000000000101100010
000000000000000000000000000000110011101
000000000000000000000000000000111011000
000000000000000000000000000001000010011
000000000000000000000000000001001001110
000000000000000000000000000001010001001
000000000000000000000000000001011000100
000000000000000000000000000001011111111
000000000000000000000000000001100111010
000000000000000000000000000001101110101
000000000000000000000000000001110110000
000000000000000000000000000001111101011
000000000000000000000000000010000100110
000000000000000000000000000010001100001
000000000000000000000000000010010011100
000000000000000000000000000010011010111
000000000000000000000000000010100010010
000000000000000000000000000010101001101
000000000000000000000000000010110001000
000000000000000000000000000010111000011
000000000000000000000000000010111111110
000000000000000000000000000011000111001
000000000000000000000000000011001110100
000000000000000000000000000011010101111
000000000000000000000000000011011101010
000000000000000000000000000011100100101
000000000000000000000000000011101100000
000000000000000000000000000011110011011
000000000000000000000000000011111010110
000000000000000000000000000100000010001
000000000000000000000000000100001001100
000000000000000000000000000100010000111
000000000000000000000000000100011000010
000000000000000000000000000100011111101
000000000000000000000000000100100111000
000000000000000000000000000100101110011
000000000000000000000000000100110101110
000000000000000000000000000100111101001
000000000000000000000000000101000100100
000000000000000000000000000101001011111
000000000000000000000000000101010011010
000000000000000000000000000101011010101
000000000000000000000000000101100010000
000000000000000000000000000101101001011
000000000000000000000000000101110000110
000000000000000000000000000101111000001
000000000000000000000000000101111111100
000000000000000000000000000110000110111
000000000000000000000000000110001110010
000000000000000000000000000110010101101
000000000000000000000000000110011101000
000000000000000000000000000110100100011
000000000000000000000000000110101011110
000000000000000000000000000110110011001
000000000000000000000000000110111010100
000000000000000000000000000111000001111
000000000000000000000000000111001001010
000000000000000000000000000111010000101
000000000000000000000000000111011000000
000000000000000000000000000111011111011
000000000000000000000000000111100110110
000000000000000000000000000111101110001
000000000000000000000000000111110101100
000000000000000000000000000111111100111
000000000000000000000000001000000100010
000000000000000000000000001000001011101
000000000000000000000000001000010011000
000000000000000000000000001000011010011
000000000000000000000000001000100001110
000000000000000000000000001000101001001
000000000000000000000000001000110000100
000000000000000000000000001000110111111
000000000000000000000000001000111111010
000000000000000000000000001001000110101
000000000000000000000000001001001110000
000000000000000000000000001001010101011
000000000000000000000000001001011100110
000000000000000000000000001001100100001
000000000000000000000000001001101011100
000000000000000000000000001001110010111
000000000000000000000000001001111010010
000000000000000000000000001010000001101
000000000000000000000000001010001001000
000000000000000000000000001010010000011
000000000000000000000000001010010111110
000000000000000000000000001010011111001
000000000000000000000000001010100110100
000000000000000000000000001010101101111
000000000000000000000000001010110101010
000000000000000000000000001010111100101
000000000000000000000000001011000100000
000000000000000000000000001011001011011
000000000000000000000000001011010010110
000000000000000000000000001011011010001
000000000000000000000000001011100001100
000000000000000000000000001011101000111
000000000000000000000000001011110000010
000000000000000000000000001011110111101
000000000000000000000000001011111111000
000000000000000000000000001100000110011
000000000000000000000000001100001101110
000000000000000000000000001100010101001
000000000000000000000000001100011100100
000000000000000000000000001100100011111
000000000000000000000000001100101011010
000000000000000000000000001100110010101
000000000000000000000000001100111010000
000000000000000000000000001101000001011
000000000000000000000000001101001000110
000000000000000000000000001101010000001
000000000000000000000000001101010111100
000000000000000000000000001101011110111
000000000000000000000000001101100110010
000000000000000000000000001101101101101
000000000000000000000000001101110101000
000000000000000000000000001101111100011
000000000000000000000000001110000011110
000000000000000000000000001110001011001
000000000000000000000000001110010010100
000000000000000000000000001110011001111
000000000000000000000000001110100001010
000000000000000000000000001110101000101
000000000000000000000000001110110000000
000000000000000000000000001110110111011
000000000000000000000000001110111110110
000000000000000000000000001111000110001
000000000000000000000000001111001101100
000000000000000000000000001111010100111
000000000000000000000000001111011100010
000000000000000000000000001111100011101
000000000000000000000000001111101011000
000000000000000000000000001111110010011
000000000000000000000000001111111001110
000000000000000000000000010000000001001
000000000000000000000000010000001000100
000000000000000000000000010000001111111
000000000000000000000000010000010111010
000000000000000000000000010000011110101
000000000000000000000000010000100110000
000000000000000000000000010000101101011
000000000000000000000000010000110100110
000000000000000000000000010000111100001
000000000000000000000000010001000011100
000000000000000000000000010001001010111
000000000000000000000000010001010010010
000000000000000000000000010001011001101
000000000000000000000000010001100001000
000000000000000000000000010001101000011
000000000000000000000000010001101111110
000000000000000000000000010001110111001
000000000000000000000000010001111110100
000000000000000000000000010010000101111
000000000000000000000000010010001101010
000000000000000000000000010010010100101
000000000000000000000000010010011100000
000000000000000000000000010010100011011
000000000000000000000000010010101010110
000000000000000000000000010010110010001
000000000000000000000000010010111001100
000000000000000000000000010011000000111
000000000000000000000000010011001000010
000000000000000000000000010011001111101
000000000000000000000000010011010111000
000000000000000000000000010011011110011
000000000000000000000000010011100101110
000000000000000000000000010011101101001
000000000000000000000000010011110100100
000000000000000000000000010011111011111
000000000000000000000000010100000011010
000000000000000000000000010100001010101
000000000000000000000000010100010010000
000000000000000000000000010100011001011
000000000000000000000000010100100000110
000000000000000000000000010100101000001
000000000000000000000000010100101111100
000000000000000000000000010100110110111
000000000000000000000000010100111110010
000000000000000000000000010101000101101
000000000000000000000000010101001101000
000000000000000000000000010101010100011
000000000000000000000000010101011011110
000000000000000000000000010101100011001
000000000000000000000000010101101010100
000000000000000000000000010101110001111
000000000000000000000000010101111001010
000000000000000000000000010110000000101
000000000000000000000000010110001000000
000000000000000000000000010110001111011
000000000000000000000000010110010110110
000000000000000000000000010110011110001
000000000000000000000000010110100101100
000000000000000000000000010110101100111
000000000000000000000000010110110100010
000000000000000000000000010110111011101
000000000000000000000000010111000011000
000000000000000000000000010111001010011
000000000000000000000000010111010001110
000000000000000000000000010111011001001
000000000000000000000000010111100000100
000000000000000000000000010111100111111
000000000000000000000000010111101111010
000000000000000000000000010111110110101
000000000000000000000000010111111110000
000000000000000000000000011000000101011
000000000000000000000000011000001100110
000000000000000000000000011000010100001
000000000000000000000000011000011011100
000000000000000000000000011000100010111
000000000000000000000000011000101010010
000000000000000000000000011000110001101
000000000000000000000000011000111001000
000000000000000000000000011001000000011
000000000000000000000000011001000111110
000000000000000000000000011001001111001
000000000000000000000000011001010110100
000000000000000000000000011001011101111
000000000000000000000000011001100101010
000000000000000000000000011001101100101
000000000000000000000000011001110100000
000000000000000000000000011001111011011
000000000000000000000000011010000010110
000000000000000000000000011010001010001
000000000000000000000000011010010001100
000000000000000000000000011010011000111
000000000000000000000000011010100000010
000000000000000000000000011010100111101
000000000000000000000000011010101111000
000000000000000000000000011010110110011
000000000000000000000000011010111101110
000000000000000000000000011011000101001
000000000000000000000000011011001100100
000000000000000000000000011011010011111
000000000000000000000000011011011011010
000000000000000000000000011011100010101
000000000000000000000000011011101010000
000000000000000000000000011011110001011
000000000000000000000000011011111000110
000000000000000000000000011100000000001
000000000000000000000000011100000111100
000000000000000000000000011100001110111
000000000000000000000000011100010110010
000000000000000000000000011100011101101
000000000000000000000000011100100101000
000000000000000000000000011100101100011
000000000000000000000000011100110011110
000000000000000000000000011100111011001
000000000000000000000000011101000010100
000000000000000000000000011101001001111
000000000000000000000000011101010001010
000000000000000000000000011101011000101
