000000000000000000000000000000000000000
000000000000000000000000000000011101011
000000000000000000000000000000111010110
000000000000000000000000000001011000001
000000000000000000000000000001110101100
000000000000000000000000000010010010111
000000000000000000000000000010110000010
000000000000000000000000000011001101101
000000000000000000000000000011101011000
000000000000000000000000000100001000011
000000000000000000000000000100100101110
000000000000000000000000000101000011001
000000000000000000000000000101100000100
000000000000000000000000000101111101111
000000000000000000000000000110011011010
000000000000000000000000000110111000101
000000000000000000000000000111010110000
000000000000000000000000000111110011011
000000000000000000000000001000010000110
000000000000000000000000001000101110001
000000000000000000000000001001001011100
000000000000000000000000001001101000111
000000000000000000000000001010000110010
000000000000000000000000001010100011101
000000000000000000000000001011000001000
000000000000000000000000001011011110011
000000000000000000000000001011111011110
000000000000000000000000001100011001001
000000000000000000000000001100110110100
000000000000000000000000001101010011111
000000000000000000000000001101110001010
000000000000000000000000001110001110101
000000000000000000000000001110101100000
000000000000000000000000001111001001011
000000000000000000000000001111100110110
000000000000000000000000010000000100001
000000000000000000000000010000100001100
000000000000000000000000010000111110111
000000000000000000000000010001011100010
000000000000000000000000010001111001101
000000000000000000000000010010010111000
000000000000000000000000010010110100011
000000000000000000000000010011010001110
000000000000000000000000010011101111001
000000000000000000000000010100001100100
000000000000000000000000010100101001111
000000000000000000000000010101000111010
000000000000000000000000010101100100101
000000000000000000000000010110000010000
000000000000000000000000010110011111011
000000000000000000000000010110111100110
000000000000000000000000010111011010001
000000000000000000000000010111110111100
000000000000000000000000011000010100111
000000000000000000000000011000110010010
000000000000000000000000011001001111101
000000000000000000000000011001101101000
000000000000000000000000011010001010011
000000000000000000000000011010100111110
000000000000000000000000011011000101001
000000000000000000000000011011100010100
000000000000000000000000011011111111111
000000000000000000000000011100011101010
000000000000000000000000011100111010101
000000000000000000000000011101011000000
000000000000000000000000011101110101011
000000000000000000000000011110010010110
000000000000000000000000011110110000001
000000000000000000000000011111001101100
000000000000000000000000011111101010111
000000000000000000000000100000001000010
000000000000000000000000100000100101101
000000000000000000000000100001000011000
000000000000000000000000100001100000011
000000000000000000000000100001111101110
000000000000000000000000100010011011001
000000000000000000000000100010111000100
000000000000000000000000100011010101111
000000000000000000000000100011110011010
000000000000000000000000100100010000101
000000000000000000000000100100101110000
000000000000000000000000100101001011011
000000000000000000000000100101101000110
000000000000000000000000100110000110001
000000000000000000000000100110100011100
000000000000000000000000100111000000111
000000000000000000000000100111011110010
000000000000000000000000100111111011101
000000000000000000000000101000011001000
000000000000000000000000101000110110011
000000000000000000000000101001010011110
000000000000000000000000101001110001001
000000000000000000000000101010001110100
000000000000000000000000101010101011111
000000000000000000000000101011001001010
000000000000000000000000101011100110101
000000000000000000000000101100000100000
000000000000000000000000101100100001011
000000000000000000000000101100111110110
000000000000000000000000101101011100001
000000000000000000000000101101111001100
000000000000000000000000101110010110111
000000000000000000000000101110110100010
000000000000000000000000101111010001101
000000000000000000000000101111101111000
000000000000000000000000110000001100011
000000000000000000000000110000101001110
000000000000000000000000110001000111001
000000000000000000000000110001100100100
000000000000000000000000110010000001111
000000000000000000000000110010011111010
000000000000000000000000110010111100101
000000000000000000000000110011011010000
000000000000000000000000110011110111011
000000000000000000000000110100010100110
000000000000000000000000110100110010001
000000000000000000000000110101001111100
000000000000000000000000110101101100111
000000000000000000000000110110001010010
000000000000000000000000110110100111101
000000000000000000000000110111000101000
000000000000000000000000110111100010011
000000000000000000000000110111111111110
000000000000000000000000111000011101001
000000000000000000000000111000111010100
000000000000000000000000111001010111111
000000000000000000000000111001110101010
000000000000000000000000111010010010101
000000000000000000000000111010110000000
000000000000000000000000111011001101011
000000000000000000000000111011101010110
000000000000000000000000111100001000001
000000000000000000000000111100100101100
000000000000000000000000111101000010111
000000000000000000000000111101100000010
000000000000000000000000111101111101101
000000000000000000000000111110011011000
000000000000000000000000111110111000011
000000000000000000000000111111010101110
000000000000000000000000111111110011001
000000000000000000000001000000010000100
000000000000000000000001000000101101111
000000000000000000000001000001001011010
000000000000000000000001000001101000101
000000000000000000000001000010000110000
000000000000000000000001000010100011011
000000000000000000000001000011000000110
000000000000000000000001000011011110001
000000000000000000000001000011111011100
000000000000000000000001000100011000111
000000000000000000000001000100110110010
000000000000000000000001000101010011101
000000000000000000000001000101110001000
000000000000000000000001000110001110011
000000000000000000000001000110101011110
000000000000000000000001000111001001001
000000000000000000000001000111100110100
000000000000000000000001001000000011111
000000000000000000000001001000100001010
000000000000000000000001001000111110101
000000000000000000000001001001011100000
000000000000000000000001001001111001011
000000000000000000000001001010010110110
000000000000000000000001001010110100001
000000000000000000000001001011010001100
000000000000000000000001001011101110111
000000000000000000000001001100001100010
000000000000000000000001001100101001101
000000000000000000000001001101000111000
000000000000000000000001001101100100011
000000000000000000000001001110000001110
000000000000000000000001001110011111001
000000000000000000000001001110111100100
000000000000000000000001001111011001111
000000000000000000000001001111110111010
000000000000000000000001010000010100101
000000000000000000000001010000110010000
000000000000000000000001010001001111011
000000000000000000000001010001101100110
000000000000000000000001010010001010001
000000000000000000000001010010100111100
000000000000000000000001010011000100111
000000000000000000000001010011100010010
000000000000000000000001010011111111101
000000000000000000000001010100011101000
000000000000000000000001010100111010011
000000000000000000000001010101010111110
000000000000000000000001010101110101001
000000000000000000000001010110010010100
000000000000000000000001010110101111111
000000000000000000000001010111001101010
000000000000000000000001010111101010101
000000000000000000000001011000001000000
000000000000000000000001011000100101011
000000000000000000000001011001000010110
000000000000000000000001011001100000001
000000000000000000000001011001111101100
000000000000000000000001011010011010111
000000000000000000000001011010111000010
000000000000000000000001011011010101101
000000000000000000000001011011110011000
000000000000000000000001011100010000011
000000000000000000000001011100101101110
000000000000000000000001011101001011001
000000000000000000000001011101101000100
000000000000000000000001011110000101111
000000000000000000000001011110100011010
000000000000000000000001011111000000101
000000000000000000000001011111011110000
000000000000000000000001011111111011011
000000000000000000000001100000011000110
000000000000000000000001100000110110001
000000000000000000000001100001010011100
000000000000000000000001100001110000111
000000000000000000000001100010001110010
000000000000000000000001100010101011101
000000000000000000000001100011001001000
000000000000000000000001100011100110011
000000000000000000000001100100000011110
000000000000000000000001100100100001001
000000000000000000000001100100111110100
000000000000000000000001100101011011111
000000000000000000000001100101111001010
000000000000000000000001100110010110101
000000000000000000000001100110110100000
000000000000000000000001100111010001011
000000000000000000000001100111101110110
000000000000000000000001101000001100001
000000000000000000000001101000101001100
000000000000000000000001101001000110111
000000000000000000000001101001100100010
000000000000000000000001101010000001101
000000000000000000000001101010011111000
000000000000000000000001101010111100011
000000000000000000000001101011011001110
000000000000000000000001101011110111001
000000000000000000000001101100010100100
000000000000000000000001101100110001111
000000000000000000000001101101001111010
000000000000000000000001101101101100101
000000000000000000000001101110001010000
000000000000000000000001101110100111011
000000000000000000000001101111000100110
000000000000000000000001101111100010001
000000000000000000000001101111111111100
000000000000000000000001110000011100111
000000000000000000000001110000111010010
000000000000000000000001110001010111101
000000000000000000000001110001110101000
000000000000000000000001110010010010011
000000000000000000000001110010101111110
000000000000000000000001110011001101001
000000000000000000000001110011101010100
000000000000000000000001110100000111111
000000000000000000000001110100100101010
000000000000000000000001110101000010101
