000000000000000000000000000000000000000
111111111111111111111111111111100010000
111111111111111111111111111111000100000
111111111111111111111111111110100110000
111111111111111111111111111110001000000
111111111111111111111111111101101010000
111111111111111111111111111101001100000
111111111111111111111111111100101110000
111111111111111111111111111100010000000
111111111111111111111111111011110010000
111111111111111111111111111011010100000
111111111111111111111111111010110110000
111111111111111111111111111010011000000
111111111111111111111111111001111010000
111111111111111111111111111001011100000
111111111111111111111111111000111110000
111111111111111111111111111000100000000
111111111111111111111111111000000010000
111111111111111111111111110111100100000
111111111111111111111111110111000110000
111111111111111111111111110110101000000
111111111111111111111111110110001010000
111111111111111111111111110101101100000
111111111111111111111111110101001110000
111111111111111111111111110100110000000
111111111111111111111111110100010010000
111111111111111111111111110011110100000
111111111111111111111111110011010110000
111111111111111111111111110010111000000
111111111111111111111111110010011010000
111111111111111111111111110001111100000
111111111111111111111111110001011110000
111111111111111111111111110001000000000
111111111111111111111111110000100010000
111111111111111111111111110000000100000
111111111111111111111111101111100110000
111111111111111111111111101111001000000
111111111111111111111111101110101010000
111111111111111111111111101110001100000
111111111111111111111111101101101110000
111111111111111111111111101101010000000
111111111111111111111111101100110010000
111111111111111111111111101100010100000
111111111111111111111111101011110110000
111111111111111111111111101011011000000
111111111111111111111111101010111010000
111111111111111111111111101010011100000
111111111111111111111111101001111110000
111111111111111111111111101001100000000
111111111111111111111111101001000010000
111111111111111111111111101000100100000
111111111111111111111111101000000110000
111111111111111111111111100111101000000
111111111111111111111111100111001010000
111111111111111111111111100110101100000
111111111111111111111111100110001110000
111111111111111111111111100101110000000
111111111111111111111111100101010010000
111111111111111111111111100100110100000
111111111111111111111111100100010110000
111111111111111111111111100011111000000
111111111111111111111111100011011010000
111111111111111111111111100010111100000
111111111111111111111111100010011110000
111111111111111111111111100010000000000
111111111111111111111111100001100010000
111111111111111111111111100001000100000
111111111111111111111111100000100110000
111111111111111111111111100000001000000
111111111111111111111111011111101010000
111111111111111111111111011111001100000
111111111111111111111111011110101110000
111111111111111111111111011110010000000
111111111111111111111111011101110010000
111111111111111111111111011101010100000
111111111111111111111111011100110110000
111111111111111111111111011100011000000
111111111111111111111111011011111010000
111111111111111111111111011011011100000
111111111111111111111111011010111110000
111111111111111111111111011010100000000
111111111111111111111111011010000010000
111111111111111111111111011001100100000
111111111111111111111111011001000110000
111111111111111111111111011000101000000
111111111111111111111111011000001010000
111111111111111111111111010111101100000
111111111111111111111111010111001110000
111111111111111111111111010110110000000
111111111111111111111111010110010010000
111111111111111111111111010101110100000
111111111111111111111111010101010110000
111111111111111111111111010100111000000
111111111111111111111111010100011010000
111111111111111111111111010011111100000
111111111111111111111111010011011110000
111111111111111111111111010011000000000
111111111111111111111111010010100010000
111111111111111111111111010010000100000
111111111111111111111111010001100110000
111111111111111111111111010001001000000
111111111111111111111111010000101010000
111111111111111111111111010000001100000
111111111111111111111111001111101110000
111111111111111111111111001111010000000
111111111111111111111111001110110010000
111111111111111111111111001110010100000
111111111111111111111111001101110110000
111111111111111111111111001101011000000
111111111111111111111111001100111010000
111111111111111111111111001100011100000
111111111111111111111111001011111110000
111111111111111111111111001011100000000
111111111111111111111111001011000010000
111111111111111111111111001010100100000
111111111111111111111111001010000110000
111111111111111111111111001001101000000
111111111111111111111111001001001010000
111111111111111111111111001000101100000
111111111111111111111111001000001110000
111111111111111111111111000111110000000
111111111111111111111111000111010010000
111111111111111111111111000110110100000
111111111111111111111111000110010110000
111111111111111111111111000101111000000
111111111111111111111111000101011010000
111111111111111111111111000100111100000
111111111111111111111111000100011110000
111111111111111111111111000100000000000
111111111111111111111111000011100010000
111111111111111111111111000011000100000
111111111111111111111111000010100110000
111111111111111111111111000010001000000
111111111111111111111111000001101010000
111111111111111111111111000001001100000
111111111111111111111111000000101110000
111111111111111111111111000000010000000
111111111111111111111110111111110010000
111111111111111111111110111111010100000
111111111111111111111110111110110110000
111111111111111111111110111110011000000
111111111111111111111110111101111010000
111111111111111111111110111101011100000
111111111111111111111110111100111110000
111111111111111111111110111100100000000
111111111111111111111110111100000010000
111111111111111111111110111011100100000
111111111111111111111110111011000110000
111111111111111111111110111010101000000
111111111111111111111110111010001010000
111111111111111111111110111001101100000
111111111111111111111110111001001110000
111111111111111111111110111000110000000
111111111111111111111110111000010010000
111111111111111111111110110111110100000
111111111111111111111110110111010110000
111111111111111111111110110110111000000
111111111111111111111110110110011010000
111111111111111111111110110101111100000
111111111111111111111110110101011110000
111111111111111111111110110101000000000
111111111111111111111110110100100010000
111111111111111111111110110100000100000
111111111111111111111110110011100110000
111111111111111111111110110011001000000
111111111111111111111110110010101010000
111111111111111111111110110010001100000
111111111111111111111110110001101110000
111111111111111111111110110001010000000
111111111111111111111110110000110010000
111111111111111111111110110000010100000
111111111111111111111110101111110110000
111111111111111111111110101111011000000
111111111111111111111110101110111010000
111111111111111111111110101110011100000
111111111111111111111110101101111110000
111111111111111111111110101101100000000
111111111111111111111110101101000010000
111111111111111111111110101100100100000
111111111111111111111110101100000110000
111111111111111111111110101011101000000
111111111111111111111110101011001010000
111111111111111111111110101010101100000
111111111111111111111110101010001110000
111111111111111111111110101001110000000
111111111111111111111110101001010010000
111111111111111111111110101000110100000
111111111111111111111110101000010110000
111111111111111111111110100111111000000
111111111111111111111110100111011010000
111111111111111111111110100110111100000
111111111111111111111110100110011110000
111111111111111111111110100110000000000
111111111111111111111110100101100010000
111111111111111111111110100101000100000
111111111111111111111110100100100110000
111111111111111111111110100100001000000
111111111111111111111110100011101010000
111111111111111111111110100011001100000
111111111111111111111110100010101110000
111111111111111111111110100010010000000
111111111111111111111110100001110010000
111111111111111111111110100001010100000
111111111111111111111110100000110110000
111111111111111111111110100000011000000
111111111111111111111110011111111010000
111111111111111111111110011111011100000
111111111111111111111110011110111110000
111111111111111111111110011110100000000
111111111111111111111110011110000010000
111111111111111111111110011101100100000
111111111111111111111110011101000110000
111111111111111111111110011100101000000
111111111111111111111110011100001010000
111111111111111111111110011011101100000
111111111111111111111110011011001110000
111111111111111111111110011010110000000
111111111111111111111110011010010010000
111111111111111111111110011001110100000
111111111111111111111110011001010110000
111111111111111111111110011000111000000
111111111111111111111110011000011010000
111111111111111111111110010111111100000
111111111111111111111110010111011110000
111111111111111111111110010111000000000
111111111111111111111110010110100010000
111111111111111111111110010110000100000
111111111111111111111110010101100110000
111111111111111111111110010101001000000
111111111111111111111110010100101010000
111111111111111111111110010100001100000
111111111111111111111110010011101110000
111111111111111111111110010011010000000
111111111111111111111110010010110010000
111111111111111111111110010010010100000
111111111111111111111110010001110110000
111111111111111111111110010001011000000
111111111111111111111110010000111010000
111111111111111111111110010000011100000
111111111111111111111110001111111110000
111111111111111111111110001111100000000
111111111111111111111110001111000010000
111111111111111111111110001110100100000
111111111111111111111110001110000110000
111111111111111111111110001101101000000
111111111111111111111110001101001010000
111111111111111111111110001100101100000
111111111111111111111110001100001110000
111111111111111111111110001011110000000
111111111111111111111110001011010010000
111111111111111111111110001010110100000
111111111111111111111110001010010110000
111111111111111111111110001001111000000
111111111111111111111110001001011010000
111111111111111111111110001000111100000
111111111111111111111110001000011110000
