000000000000000000000000000000000000000
111111111111111111111111111111100100011
111111111111111111111111111111001000110
111111111111111111111111111110101101001
111111111111111111111111111110010001100
111111111111111111111111111101110101111
111111111111111111111111111101011010010
111111111111111111111111111100111110101
111111111111111111111111111100100011000
111111111111111111111111111100000111011
111111111111111111111111111011101011110
111111111111111111111111111011010000001
111111111111111111111111111010110100100
111111111111111111111111111010011000111
111111111111111111111111111001111101010
111111111111111111111111111001100001101
111111111111111111111111111001000110000
111111111111111111111111111000101010011
111111111111111111111111111000001110110
111111111111111111111111110111110011001
111111111111111111111111110111010111100
111111111111111111111111110110111011111
111111111111111111111111110110100000010
111111111111111111111111110110000100101
111111111111111111111111110101101001000
111111111111111111111111110101001101011
111111111111111111111111110100110001110
111111111111111111111111110100010110001
111111111111111111111111110011111010100
111111111111111111111111110011011110111
111111111111111111111111110011000011010
111111111111111111111111110010100111101
111111111111111111111111110010001100000
111111111111111111111111110001110000011
111111111111111111111111110001010100110
111111111111111111111111110000111001001
111111111111111111111111110000011101100
111111111111111111111111110000000001111
111111111111111111111111101111100110010
111111111111111111111111101111001010101
111111111111111111111111101110101111000
111111111111111111111111101110010011011
111111111111111111111111101101110111110
111111111111111111111111101101011100001
111111111111111111111111101101000000100
111111111111111111111111101100100100111
111111111111111111111111101100001001010
111111111111111111111111101011101101101
111111111111111111111111101011010010000
111111111111111111111111101010110110011
111111111111111111111111101010011010110
111111111111111111111111101001111111001
111111111111111111111111101001100011100
111111111111111111111111101001000111111
111111111111111111111111101000101100010
111111111111111111111111101000010000101
111111111111111111111111100111110101000
111111111111111111111111100111011001011
111111111111111111111111100110111101110
111111111111111111111111100110100010001
111111111111111111111111100110000110100
111111111111111111111111100101101010111
111111111111111111111111100101001111010
111111111111111111111111100100110011101
111111111111111111111111100100011000000
111111111111111111111111100011111100011
111111111111111111111111100011100000110
111111111111111111111111100011000101001
111111111111111111111111100010101001100
111111111111111111111111100010001101111
111111111111111111111111100001110010010
111111111111111111111111100001010110101
111111111111111111111111100000111011000
111111111111111111111111100000011111011
111111111111111111111111100000000011110
111111111111111111111111011111101000001
111111111111111111111111011111001100100
111111111111111111111111011110110000111
111111111111111111111111011110010101010
111111111111111111111111011101111001101
111111111111111111111111011101011110000
111111111111111111111111011101000010011
111111111111111111111111011100100110110
111111111111111111111111011100001011001
111111111111111111111111011011101111100
111111111111111111111111011011010011111
111111111111111111111111011010111000010
111111111111111111111111011010011100101
111111111111111111111111011010000001000
111111111111111111111111011001100101011
111111111111111111111111011001001001110
111111111111111111111111011000101110001
111111111111111111111111011000010010100
111111111111111111111111010111110110111
111111111111111111111111010111011011010
111111111111111111111111010110111111101
111111111111111111111111010110100100000
111111111111111111111111010110001000011
111111111111111111111111010101101100110
111111111111111111111111010101010001001
111111111111111111111111010100110101100
111111111111111111111111010100011001111
111111111111111111111111010011111110010
111111111111111111111111010011100010101
111111111111111111111111010011000111000
111111111111111111111111010010101011011
111111111111111111111111010010001111110
111111111111111111111111010001110100001
111111111111111111111111010001011000100
111111111111111111111111010000111100111
111111111111111111111111010000100001010
111111111111111111111111010000000101101
111111111111111111111111001111101010000
111111111111111111111111001111001110011
111111111111111111111111001110110010110
111111111111111111111111001110010111001
111111111111111111111111001101111011100
111111111111111111111111001101011111111
111111111111111111111111001101000100010
111111111111111111111111001100101000101
111111111111111111111111001100001101000
111111111111111111111111001011110001011
111111111111111111111111001011010101110
111111111111111111111111001010111010001
111111111111111111111111001010011110100
111111111111111111111111001010000010111
111111111111111111111111001001100111010
111111111111111111111111001001001011101
111111111111111111111111001000110000000
111111111111111111111111001000010100011
111111111111111111111111000111111000110
111111111111111111111111000111011101001
111111111111111111111111000111000001100
111111111111111111111111000110100101111
111111111111111111111111000110001010010
111111111111111111111111000101101110101
111111111111111111111111000101010011000
111111111111111111111111000100110111011
111111111111111111111111000100011011110
111111111111111111111111000100000000001
111111111111111111111111000011100100100
111111111111111111111111000011001000111
111111111111111111111111000010101101010
111111111111111111111111000010010001101
111111111111111111111111000001110110000
111111111111111111111111000001011010011
111111111111111111111111000000111110110
111111111111111111111111000000100011001
111111111111111111111111000000000111100
111111111111111111111110111111101011111
111111111111111111111110111111010000010
111111111111111111111110111110110100101
111111111111111111111110111110011001000
111111111111111111111110111101111101011
111111111111111111111110111101100001110
111111111111111111111110111101000110001
111111111111111111111110111100101010100
111111111111111111111110111100001110111
111111111111111111111110111011110011010
111111111111111111111110111011010111101
111111111111111111111110111010111100000
111111111111111111111110111010100000011
111111111111111111111110111010000100110
111111111111111111111110111001101001001
111111111111111111111110111001001101100
111111111111111111111110111000110001111
111111111111111111111110111000010110010
111111111111111111111110110111111010101
111111111111111111111110110111011111000
111111111111111111111110110111000011011
111111111111111111111110110110100111110
111111111111111111111110110110001100001
111111111111111111111110110101110000100
111111111111111111111110110101010100111
111111111111111111111110110100111001010
111111111111111111111110110100011101101
111111111111111111111110110100000010000
111111111111111111111110110011100110011
111111111111111111111110110011001010110
111111111111111111111110110010101111001
111111111111111111111110110010010011100
111111111111111111111110110001110111111
111111111111111111111110110001011100010
111111111111111111111110110001000000101
111111111111111111111110110000100101000
111111111111111111111110110000001001011
111111111111111111111110101111101101110
111111111111111111111110101111010010001
111111111111111111111110101110110110100
111111111111111111111110101110011010111
111111111111111111111110101101111111010
111111111111111111111110101101100011101
111111111111111111111110101101001000000
111111111111111111111110101100101100011
111111111111111111111110101100010000110
111111111111111111111110101011110101001
111111111111111111111110101011011001100
111111111111111111111110101010111101111
111111111111111111111110101010100010010
111111111111111111111110101010000110101
111111111111111111111110101001101011000
111111111111111111111110101001001111011
111111111111111111111110101000110011110
111111111111111111111110101000011000001
111111111111111111111110100111111100100
111111111111111111111110100111100000111
111111111111111111111110100111000101010
111111111111111111111110100110101001101
111111111111111111111110100110001110000
111111111111111111111110100101110010011
111111111111111111111110100101010110110
111111111111111111111110100100111011001
111111111111111111111110100100011111100
111111111111111111111110100100000011111
111111111111111111111110100011101000010
111111111111111111111110100011001100101
111111111111111111111110100010110001000
111111111111111111111110100010010101011
111111111111111111111110100001111001110
111111111111111111111110100001011110001
111111111111111111111110100001000010100
111111111111111111111110100000100110111
111111111111111111111110100000001011010
111111111111111111111110011111101111101
111111111111111111111110011111010100000
111111111111111111111110011110111000011
111111111111111111111110011110011100110
111111111111111111111110011110000001001
111111111111111111111110011101100101100
111111111111111111111110011101001001111
111111111111111111111110011100101110010
111111111111111111111110011100010010101
111111111111111111111110011011110111000
111111111111111111111110011011011011011
111111111111111111111110011010111111110
111111111111111111111110011010100100001
111111111111111111111110011010001000100
111111111111111111111110011001101100111
111111111111111111111110011001010001010
111111111111111111111110011000110101101
111111111111111111111110011000011010000
111111111111111111111110010111111110011
111111111111111111111110010111100010110
111111111111111111111110010111000111001
111111111111111111111110010110101011100
111111111111111111111110010110001111111
111111111111111111111110010101110100010
111111111111111111111110010101011000101
111111111111111111111110010100111101000
111111111111111111111110010100100001011
111111111111111111111110010100000101110
111111111111111111111110010011101010001
111111111111111111111110010011001110100
111111111111111111111110010010110010111
111111111111111111111110010010010111010
111111111111111111111110010001111011101
