000000000000000000000000000000000000000
000000000000000000000000000000001100011
000000000000000000000000000000011000110
000000000000000000000000000000100101001
000000000000000000000000000000110001100
000000000000000000000000000000111101111
000000000000000000000000000001001010010
000000000000000000000000000001010110101
000000000000000000000000000001100011000
000000000000000000000000000001101111011
000000000000000000000000000001111011110
000000000000000000000000000010001000001
000000000000000000000000000010010100100
000000000000000000000000000010100000111
000000000000000000000000000010101101010
000000000000000000000000000010111001101
000000000000000000000000000011000110000
000000000000000000000000000011010010011
000000000000000000000000000011011110110
000000000000000000000000000011101011001
000000000000000000000000000011110111100
000000000000000000000000000100000011111
000000000000000000000000000100010000010
000000000000000000000000000100011100101
000000000000000000000000000100101001000
000000000000000000000000000100110101011
000000000000000000000000000101000001110
000000000000000000000000000101001110001
000000000000000000000000000101011010100
000000000000000000000000000101100110111
000000000000000000000000000101110011010
000000000000000000000000000101111111101
000000000000000000000000000110001100000
000000000000000000000000000110011000011
000000000000000000000000000110100100110
000000000000000000000000000110110001001
000000000000000000000000000110111101100
000000000000000000000000000111001001111
000000000000000000000000000111010110010
000000000000000000000000000111100010101
000000000000000000000000000111101111000
000000000000000000000000000111111011011
000000000000000000000000001000000111110
000000000000000000000000001000010100001
000000000000000000000000001000100000100
000000000000000000000000001000101100111
000000000000000000000000001000111001010
000000000000000000000000001001000101101
000000000000000000000000001001010010000
000000000000000000000000001001011110011
000000000000000000000000001001101010110
000000000000000000000000001001110111001
000000000000000000000000001010000011100
000000000000000000000000001010001111111
000000000000000000000000001010011100010
000000000000000000000000001010101000101
000000000000000000000000001010110101000
000000000000000000000000001011000001011
000000000000000000000000001011001101110
000000000000000000000000001011011010001
000000000000000000000000001011100110100
000000000000000000000000001011110010111
000000000000000000000000001011111111010
000000000000000000000000001100001011101
000000000000000000000000001100011000000
000000000000000000000000001100100100011
000000000000000000000000001100110000110
000000000000000000000000001100111101001
000000000000000000000000001101001001100
000000000000000000000000001101010101111
000000000000000000000000001101100010010
000000000000000000000000001101101110101
000000000000000000000000001101111011000
000000000000000000000000001110000111011
000000000000000000000000001110010011110
000000000000000000000000001110100000001
000000000000000000000000001110101100100
000000000000000000000000001110111000111
000000000000000000000000001111000101010
000000000000000000000000001111010001101
000000000000000000000000001111011110000
000000000000000000000000001111101010011
000000000000000000000000001111110110110
000000000000000000000000010000000011001
000000000000000000000000010000001111100
000000000000000000000000010000011011111
000000000000000000000000010000101000010
000000000000000000000000010000110100101
000000000000000000000000010001000001000
000000000000000000000000010001001101011
000000000000000000000000010001011001110
000000000000000000000000010001100110001
000000000000000000000000010001110010100
000000000000000000000000010001111110111
000000000000000000000000010010001011010
000000000000000000000000010010010111101
000000000000000000000000010010100100000
000000000000000000000000010010110000011
000000000000000000000000010010111100110
000000000000000000000000010011001001001
000000000000000000000000010011010101100
000000000000000000000000010011100001111
000000000000000000000000010011101110010
000000000000000000000000010011111010101
000000000000000000000000010100000111000
000000000000000000000000010100010011011
000000000000000000000000010100011111110
000000000000000000000000010100101100001
000000000000000000000000010100111000100
000000000000000000000000010101000100111
000000000000000000000000010101010001010
000000000000000000000000010101011101101
000000000000000000000000010101101010000
000000000000000000000000010101110110011
000000000000000000000000010110000010110
000000000000000000000000010110001111001
000000000000000000000000010110011011100
000000000000000000000000010110100111111
000000000000000000000000010110110100010
000000000000000000000000010111000000101
000000000000000000000000010111001101000
000000000000000000000000010111011001011
000000000000000000000000010111100101110
000000000000000000000000010111110010001
000000000000000000000000010111111110100
000000000000000000000000011000001010111
000000000000000000000000011000010111010
000000000000000000000000011000100011101
000000000000000000000000011000110000000
000000000000000000000000011000111100011
000000000000000000000000011001001000110
000000000000000000000000011001010101001
000000000000000000000000011001100001100
000000000000000000000000011001101101111
000000000000000000000000011001111010010
000000000000000000000000011010000110101
000000000000000000000000011010010011000
000000000000000000000000011010011111011
000000000000000000000000011010101011110
000000000000000000000000011010111000001
000000000000000000000000011011000100100
000000000000000000000000011011010000111
000000000000000000000000011011011101010
000000000000000000000000011011101001101
000000000000000000000000011011110110000
000000000000000000000000011100000010011
000000000000000000000000011100001110110
000000000000000000000000011100011011001
000000000000000000000000011100100111100
000000000000000000000000011100110011111
000000000000000000000000011101000000010
000000000000000000000000011101001100101
000000000000000000000000011101011001000
000000000000000000000000011101100101011
000000000000000000000000011101110001110
000000000000000000000000011101111110001
000000000000000000000000011110001010100
000000000000000000000000011110010110111
000000000000000000000000011110100011010
000000000000000000000000011110101111101
000000000000000000000000011110111100000
000000000000000000000000011111001000011
000000000000000000000000011111010100110
000000000000000000000000011111100001001
000000000000000000000000011111101101100
000000000000000000000000011111111001111
000000000000000000000000100000000110010
000000000000000000000000100000010010101
000000000000000000000000100000011111000
000000000000000000000000100000101011011
000000000000000000000000100000110111110
000000000000000000000000100001000100001
000000000000000000000000100001010000100
000000000000000000000000100001011100111
000000000000000000000000100001101001010
000000000000000000000000100001110101101
000000000000000000000000100010000010000
000000000000000000000000100010001110011
000000000000000000000000100010011010110
000000000000000000000000100010100111001
000000000000000000000000100010110011100
000000000000000000000000100010111111111
000000000000000000000000100011001100010
000000000000000000000000100011011000101
000000000000000000000000100011100101000
000000000000000000000000100011110001011
000000000000000000000000100011111101110
000000000000000000000000100100001010001
000000000000000000000000100100010110100
000000000000000000000000100100100010111
000000000000000000000000100100101111010
000000000000000000000000100100111011101
000000000000000000000000100101001000000
000000000000000000000000100101010100011
000000000000000000000000100101100000110
000000000000000000000000100101101101001
000000000000000000000000100101111001100
000000000000000000000000100110000101111
000000000000000000000000100110010010010
000000000000000000000000100110011110101
000000000000000000000000100110101011000
000000000000000000000000100110110111011
000000000000000000000000100111000011110
000000000000000000000000100111010000001
000000000000000000000000100111011100100
000000000000000000000000100111101000111
000000000000000000000000100111110101010
000000000000000000000000101000000001101
000000000000000000000000101000001110000
000000000000000000000000101000011010011
000000000000000000000000101000100110110
000000000000000000000000101000110011001
000000000000000000000000101000111111100
000000000000000000000000101001001011111
000000000000000000000000101001011000010
000000000000000000000000101001100100101
000000000000000000000000101001110001000
000000000000000000000000101001111101011
000000000000000000000000101010001001110
000000000000000000000000101010010110001
000000000000000000000000101010100010100
000000000000000000000000101010101110111
000000000000000000000000101010111011010
000000000000000000000000101011000111101
000000000000000000000000101011010100000
000000000000000000000000101011100000011
000000000000000000000000101011101100110
000000000000000000000000101011111001001
000000000000000000000000101100000101100
000000000000000000000000101100010001111
000000000000000000000000101100011110010
000000000000000000000000101100101010101
000000000000000000000000101100110111000
000000000000000000000000101101000011011
000000000000000000000000101101001111110
000000000000000000000000101101011100001
000000000000000000000000101101101000100
000000000000000000000000101101110100111
000000000000000000000000101110000001010
000000000000000000000000101110001101101
000000000000000000000000101110011010000
000000000000000000000000101110100110011
000000000000000000000000101110110010110
000000000000000000000000101110111111001
000000000000000000000000101111001011100
000000000000000000000000101111010111111
000000000000000000000000101111100100010
000000000000000000000000101111110000101
000000000000000000000000101111111101000
000000000000000000000000110000001001011
000000000000000000000000110000010101110
000000000000000000000000110000100010001
000000000000000000000000110000101110100
000000000000000000000000110000111010111
000000000000000000000000110001000111010
000000000000000000000000110001010011101
