000000000000000000000000000000000000000
111111111111111111111111111111101100000
111111111111111111111111111111011000000
111111111111111111111111111111000100000
111111111111111111111111111110110000000
111111111111111111111111111110011100000
111111111111111111111111111110001000000
111111111111111111111111111101110100000
111111111111111111111111111101100000000
111111111111111111111111111101001100000
111111111111111111111111111100111000000
111111111111111111111111111100100100000
111111111111111111111111111100010000000
111111111111111111111111111011111100000
111111111111111111111111111011101000000
111111111111111111111111111011010100000
111111111111111111111111111011000000000
111111111111111111111111111010101100000
111111111111111111111111111010011000000
111111111111111111111111111010000100000
111111111111111111111111111001110000000
111111111111111111111111111001011100000
111111111111111111111111111001001000000
111111111111111111111111111000110100000
111111111111111111111111111000100000000
111111111111111111111111111000001100000
111111111111111111111111110111111000000
111111111111111111111111110111100100000
111111111111111111111111110111010000000
111111111111111111111111110110111100000
111111111111111111111111110110101000000
111111111111111111111111110110010100000
111111111111111111111111110110000000000
111111111111111111111111110101101100000
111111111111111111111111110101011000000
111111111111111111111111110101000100000
111111111111111111111111110100110000000
111111111111111111111111110100011100000
111111111111111111111111110100001000000
111111111111111111111111110011110100000
111111111111111111111111110011100000000
111111111111111111111111110011001100000
111111111111111111111111110010111000000
111111111111111111111111110010100100000
111111111111111111111111110010010000000
111111111111111111111111110001111100000
111111111111111111111111110001101000000
111111111111111111111111110001010100000
111111111111111111111111110001000000000
111111111111111111111111110000101100000
111111111111111111111111110000011000000
111111111111111111111111110000000100000
111111111111111111111111101111110000000
111111111111111111111111101111011100000
111111111111111111111111101111001000000
111111111111111111111111101110110100000
111111111111111111111111101110100000000
111111111111111111111111101110001100000
111111111111111111111111101101111000000
111111111111111111111111101101100100000
111111111111111111111111101101010000000
111111111111111111111111101100111100000
111111111111111111111111101100101000000
111111111111111111111111101100010100000
111111111111111111111111101100000000000
111111111111111111111111101011101100000
111111111111111111111111101011011000000
111111111111111111111111101011000100000
111111111111111111111111101010110000000
111111111111111111111111101010011100000
111111111111111111111111101010001000000
111111111111111111111111101001110100000
111111111111111111111111101001100000000
111111111111111111111111101001001100000
111111111111111111111111101000111000000
111111111111111111111111101000100100000
111111111111111111111111101000010000000
111111111111111111111111100111111100000
111111111111111111111111100111101000000
111111111111111111111111100111010100000
111111111111111111111111100111000000000
111111111111111111111111100110101100000
111111111111111111111111100110011000000
111111111111111111111111100110000100000
111111111111111111111111100101110000000
111111111111111111111111100101011100000
111111111111111111111111100101001000000
111111111111111111111111100100110100000
111111111111111111111111100100100000000
111111111111111111111111100100001100000
111111111111111111111111100011111000000
111111111111111111111111100011100100000
111111111111111111111111100011010000000
111111111111111111111111100010111100000
111111111111111111111111100010101000000
111111111111111111111111100010010100000
111111111111111111111111100010000000000
111111111111111111111111100001101100000
111111111111111111111111100001011000000
111111111111111111111111100001000100000
111111111111111111111111100000110000000
111111111111111111111111100000011100000
111111111111111111111111100000001000000
111111111111111111111111011111110100000
111111111111111111111111011111100000000
111111111111111111111111011111001100000
111111111111111111111111011110111000000
111111111111111111111111011110100100000
111111111111111111111111011110010000000
111111111111111111111111011101111100000
111111111111111111111111011101101000000
111111111111111111111111011101010100000
111111111111111111111111011101000000000
111111111111111111111111011100101100000
111111111111111111111111011100011000000
111111111111111111111111011100000100000
111111111111111111111111011011110000000
111111111111111111111111011011011100000
111111111111111111111111011011001000000
111111111111111111111111011010110100000
111111111111111111111111011010100000000
111111111111111111111111011010001100000
111111111111111111111111011001111000000
111111111111111111111111011001100100000
111111111111111111111111011001010000000
111111111111111111111111011000111100000
111111111111111111111111011000101000000
111111111111111111111111011000010100000
111111111111111111111111011000000000000
111111111111111111111111010111101100000
111111111111111111111111010111011000000
111111111111111111111111010111000100000
111111111111111111111111010110110000000
111111111111111111111111010110011100000
111111111111111111111111010110001000000
111111111111111111111111010101110100000
111111111111111111111111010101100000000
111111111111111111111111010101001100000
111111111111111111111111010100111000000
111111111111111111111111010100100100000
111111111111111111111111010100010000000
111111111111111111111111010011111100000
111111111111111111111111010011101000000
111111111111111111111111010011010100000
111111111111111111111111010011000000000
111111111111111111111111010010101100000
111111111111111111111111010010011000000
111111111111111111111111010010000100000
111111111111111111111111010001110000000
111111111111111111111111010001011100000
111111111111111111111111010001001000000
111111111111111111111111010000110100000
111111111111111111111111010000100000000
111111111111111111111111010000001100000
111111111111111111111111001111111000000
111111111111111111111111001111100100000
111111111111111111111111001111010000000
111111111111111111111111001110111100000
111111111111111111111111001110101000000
111111111111111111111111001110010100000
111111111111111111111111001110000000000
111111111111111111111111001101101100000
111111111111111111111111001101011000000
111111111111111111111111001101000100000
111111111111111111111111001100110000000
111111111111111111111111001100011100000
111111111111111111111111001100001000000
111111111111111111111111001011110100000
111111111111111111111111001011100000000
111111111111111111111111001011001100000
111111111111111111111111001010111000000
111111111111111111111111001010100100000
111111111111111111111111001010010000000
111111111111111111111111001001111100000
111111111111111111111111001001101000000
111111111111111111111111001001010100000
111111111111111111111111001001000000000
111111111111111111111111001000101100000
111111111111111111111111001000011000000
111111111111111111111111001000000100000
111111111111111111111111000111110000000
111111111111111111111111000111011100000
111111111111111111111111000111001000000
111111111111111111111111000110110100000
111111111111111111111111000110100000000
111111111111111111111111000110001100000
111111111111111111111111000101111000000
111111111111111111111111000101100100000
111111111111111111111111000101010000000
111111111111111111111111000100111100000
111111111111111111111111000100101000000
111111111111111111111111000100010100000
111111111111111111111111000100000000000
111111111111111111111111000011101100000
111111111111111111111111000011011000000
111111111111111111111111000011000100000
111111111111111111111111000010110000000
111111111111111111111111000010011100000
111111111111111111111111000010001000000
111111111111111111111111000001110100000
111111111111111111111111000001100000000
111111111111111111111111000001001100000
111111111111111111111111000000111000000
111111111111111111111111000000100100000
111111111111111111111111000000010000000
111111111111111111111110111111111100000
111111111111111111111110111111101000000
111111111111111111111110111111010100000
111111111111111111111110111111000000000
111111111111111111111110111110101100000
111111111111111111111110111110011000000
111111111111111111111110111110000100000
111111111111111111111110111101110000000
111111111111111111111110111101011100000
111111111111111111111110111101001000000
111111111111111111111110111100110100000
111111111111111111111110111100100000000
111111111111111111111110111100001100000
111111111111111111111110111011111000000
111111111111111111111110111011100100000
111111111111111111111110111011010000000
111111111111111111111110111010111100000
111111111111111111111110111010101000000
111111111111111111111110111010010100000
111111111111111111111110111010000000000
111111111111111111111110111001101100000
111111111111111111111110111001011000000
111111111111111111111110111001000100000
111111111111111111111110111000110000000
111111111111111111111110111000011100000
111111111111111111111110111000001000000
111111111111111111111110110111110100000
111111111111111111111110110111100000000
111111111111111111111110110111001100000
111111111111111111111110110110111000000
111111111111111111111110110110100100000
111111111111111111111110110110010000000
111111111111111111111110110101111100000
111111111111111111111110110101101000000
111111111111111111111110110101010100000
111111111111111111111110110101000000000
111111111111111111111110110100101100000
111111111111111111111110110100011000000
111111111111111111111110110100000100000
111111111111111111111110110011110000000
111111111111111111111110110011011100000
111111111111111111111110110011001000000
111111111111111111111110110010110100000
111111111111111111111110110010100000000
111111111111111111111110110010001100000
111111111111111111111110110001111000000
111111111111111111111110110001100100000
111111111111111111111110110001010000000
111111111111111111111110110000111100000
111111111111111111111110110000101000000
111111111111111111111110110000010100000
