000000000000000000000000000000000000000
111111111111111111111111111111110011011
111111111111111111111111111111100110110
111111111111111111111111111111011010001
111111111111111111111111111111001101100
111111111111111111111111111111000000111
111111111111111111111111111110110100010
111111111111111111111111111110100111101
111111111111111111111111111110011011000
111111111111111111111111111110001110011
111111111111111111111111111110000001110
111111111111111111111111111101110101001
111111111111111111111111111101101000100
111111111111111111111111111101011011111
111111111111111111111111111101001111010
111111111111111111111111111101000010101
111111111111111111111111111100110110000
111111111111111111111111111100101001011
111111111111111111111111111100011100110
111111111111111111111111111100010000001
111111111111111111111111111100000011100
111111111111111111111111111011110110111
111111111111111111111111111011101010010
111111111111111111111111111011011101101
111111111111111111111111111011010001000
111111111111111111111111111011000100011
111111111111111111111111111010110111110
111111111111111111111111111010101011001
111111111111111111111111111010011110100
111111111111111111111111111010010001111
111111111111111111111111111010000101010
111111111111111111111111111001111000101
111111111111111111111111111001101100000
111111111111111111111111111001011111011
111111111111111111111111111001010010110
111111111111111111111111111001000110001
111111111111111111111111111000111001100
111111111111111111111111111000101100111
111111111111111111111111111000100000010
111111111111111111111111111000010011101
111111111111111111111111111000000111000
111111111111111111111111110111111010011
111111111111111111111111110111101101110
111111111111111111111111110111100001001
111111111111111111111111110111010100100
111111111111111111111111110111000111111
111111111111111111111111110110111011010
111111111111111111111111110110101110101
111111111111111111111111110110100010000
111111111111111111111111110110010101011
111111111111111111111111110110001000110
111111111111111111111111110101111100001
111111111111111111111111110101101111100
111111111111111111111111110101100010111
111111111111111111111111110101010110010
111111111111111111111111110101001001101
111111111111111111111111110100111101000
111111111111111111111111110100110000011
111111111111111111111111110100100011110
111111111111111111111111110100010111001
111111111111111111111111110100001010100
111111111111111111111111110011111101111
111111111111111111111111110011110001010
111111111111111111111111110011100100101
111111111111111111111111110011011000000
111111111111111111111111110011001011011
111111111111111111111111110010111110110
111111111111111111111111110010110010001
111111111111111111111111110010100101100
111111111111111111111111110010011000111
111111111111111111111111110010001100010
111111111111111111111111110001111111101
111111111111111111111111110001110011000
111111111111111111111111110001100110011
111111111111111111111111110001011001110
111111111111111111111111110001001101001
111111111111111111111111110001000000100
111111111111111111111111110000110011111
111111111111111111111111110000100111010
111111111111111111111111110000011010101
111111111111111111111111110000001110000
111111111111111111111111110000000001011
111111111111111111111111101111110100110
111111111111111111111111101111101000001
111111111111111111111111101111011011100
111111111111111111111111101111001110111
111111111111111111111111101111000010010
111111111111111111111111101110110101101
111111111111111111111111101110101001000
111111111111111111111111101110011100011
111111111111111111111111101110001111110
111111111111111111111111101110000011001
111111111111111111111111101101110110100
111111111111111111111111101101101001111
111111111111111111111111101101011101010
111111111111111111111111101101010000101
111111111111111111111111101101000100000
111111111111111111111111101100110111011
111111111111111111111111101100101010110
111111111111111111111111101100011110001
111111111111111111111111101100010001100
111111111111111111111111101100000100111
111111111111111111111111101011111000010
111111111111111111111111101011101011101
111111111111111111111111101011011111000
111111111111111111111111101011010010011
111111111111111111111111101011000101110
111111111111111111111111101010111001001
111111111111111111111111101010101100100
111111111111111111111111101010011111111
111111111111111111111111101010010011010
111111111111111111111111101010000110101
111111111111111111111111101001111010000
111111111111111111111111101001101101011
111111111111111111111111101001100000110
111111111111111111111111101001010100001
111111111111111111111111101001000111100
111111111111111111111111101000111010111
111111111111111111111111101000101110010
111111111111111111111111101000100001101
111111111111111111111111101000010101000
111111111111111111111111101000001000011
111111111111111111111111100111111011110
111111111111111111111111100111101111001
111111111111111111111111100111100010100
111111111111111111111111100111010101111
111111111111111111111111100111001001010
111111111111111111111111100110111100101
111111111111111111111111100110110000000
111111111111111111111111100110100011011
111111111111111111111111100110010110110
111111111111111111111111100110001010001
111111111111111111111111100101111101100
111111111111111111111111100101110000111
111111111111111111111111100101100100010
111111111111111111111111100101010111101
111111111111111111111111100101001011000
111111111111111111111111100100111110011
111111111111111111111111100100110001110
111111111111111111111111100100100101001
111111111111111111111111100100011000100
111111111111111111111111100100001011111
111111111111111111111111100011111111010
111111111111111111111111100011110010101
111111111111111111111111100011100110000
111111111111111111111111100011011001011
111111111111111111111111100011001100110
111111111111111111111111100011000000001
111111111111111111111111100010110011100
111111111111111111111111100010100110111
111111111111111111111111100010011010010
111111111111111111111111100010001101101
111111111111111111111111100010000001000
111111111111111111111111100001110100011
111111111111111111111111100001100111110
111111111111111111111111100001011011001
111111111111111111111111100001001110100
111111111111111111111111100001000001111
111111111111111111111111100000110101010
111111111111111111111111100000101000101
111111111111111111111111100000011100000
111111111111111111111111100000001111011
111111111111111111111111100000000010110
111111111111111111111111011111110110001
111111111111111111111111011111101001100
111111111111111111111111011111011100111
111111111111111111111111011111010000010
111111111111111111111111011111000011101
111111111111111111111111011110110111000
111111111111111111111111011110101010011
111111111111111111111111011110011101110
111111111111111111111111011110010001001
111111111111111111111111011110000100100
111111111111111111111111011101110111111
111111111111111111111111011101101011010
111111111111111111111111011101011110101
111111111111111111111111011101010010000
111111111111111111111111011101000101011
111111111111111111111111011100111000110
111111111111111111111111011100101100001
111111111111111111111111011100011111100
111111111111111111111111011100010010111
111111111111111111111111011100000110010
111111111111111111111111011011111001101
111111111111111111111111011011101101000
111111111111111111111111011011100000011
111111111111111111111111011011010011110
111111111111111111111111011011000111001
111111111111111111111111011010111010100
111111111111111111111111011010101101111
111111111111111111111111011010100001010
111111111111111111111111011010010100101
111111111111111111111111011010001000000
111111111111111111111111011001111011011
111111111111111111111111011001101110110
111111111111111111111111011001100010001
111111111111111111111111011001010101100
111111111111111111111111011001001000111
111111111111111111111111011000111100010
111111111111111111111111011000101111101
111111111111111111111111011000100011000
111111111111111111111111011000010110011
111111111111111111111111011000001001110
111111111111111111111111010111111101001
111111111111111111111111010111110000100
111111111111111111111111010111100011111
111111111111111111111111010111010111010
111111111111111111111111010111001010101
111111111111111111111111010110111110000
111111111111111111111111010110110001011
111111111111111111111111010110100100110
111111111111111111111111010110011000001
111111111111111111111111010110001011100
111111111111111111111111010101111110111
111111111111111111111111010101110010010
111111111111111111111111010101100101101
111111111111111111111111010101011001000
111111111111111111111111010101001100011
111111111111111111111111010100111111110
111111111111111111111111010100110011001
111111111111111111111111010100100110100
111111111111111111111111010100011001111
111111111111111111111111010100001101010
111111111111111111111111010100000000101
111111111111111111111111010011110100000
111111111111111111111111010011100111011
111111111111111111111111010011011010110
111111111111111111111111010011001110001
111111111111111111111111010011000001100
111111111111111111111111010010110100111
111111111111111111111111010010101000010
111111111111111111111111010010011011101
111111111111111111111111010010001111000
111111111111111111111111010010000010011
111111111111111111111111010001110101110
111111111111111111111111010001101001001
111111111111111111111111010001011100100
111111111111111111111111010001001111111
111111111111111111111111010001000011010
111111111111111111111111010000110110101
111111111111111111111111010000101010000
111111111111111111111111010000011101011
111111111111111111111111010000010000110
111111111111111111111111010000000100001
111111111111111111111111001111110111100
111111111111111111111111001111101010111
111111111111111111111111001111011110010
111111111111111111111111001111010001101
111111111111111111111111001111000101000
111111111111111111111111001110111000011
111111111111111111111111001110101011110
111111111111111111111111001110011111001
111111111111111111111111001110010010100
111111111111111111111111001110000101111
111111111111111111111111001101111001010
111111111111111111111111001101101100101
