000000000000000000000000000000000000000
111111111111111111111111111111111001100
111111111111111111111111111111110011000
111111111111111111111111111111101100100
111111111111111111111111111111100110000
111111111111111111111111111111011111100
111111111111111111111111111111011001000
111111111111111111111111111111010010100
111111111111111111111111111111001100000
111111111111111111111111111111000101100
111111111111111111111111111110111111000
111111111111111111111111111110111000100
111111111111111111111111111110110010000
111111111111111111111111111110101011100
111111111111111111111111111110100101000
111111111111111111111111111110011110100
111111111111111111111111111110011000000
111111111111111111111111111110010001100
111111111111111111111111111110001011000
111111111111111111111111111110000100100
111111111111111111111111111101111110000
111111111111111111111111111101110111100
111111111111111111111111111101110001000
111111111111111111111111111101101010100
111111111111111111111111111101100100000
111111111111111111111111111101011101100
111111111111111111111111111101010111000
111111111111111111111111111101010000100
111111111111111111111111111101001010000
111111111111111111111111111101000011100
111111111111111111111111111100111101000
111111111111111111111111111100110110100
111111111111111111111111111100110000000
111111111111111111111111111100101001100
111111111111111111111111111100100011000
111111111111111111111111111100011100100
111111111111111111111111111100010110000
111111111111111111111111111100001111100
111111111111111111111111111100001001000
111111111111111111111111111100000010100
111111111111111111111111111011111100000
111111111111111111111111111011110101100
111111111111111111111111111011101111000
111111111111111111111111111011101000100
111111111111111111111111111011100010000
111111111111111111111111111011011011100
111111111111111111111111111011010101000
111111111111111111111111111011001110100
111111111111111111111111111011001000000
111111111111111111111111111011000001100
111111111111111111111111111010111011000
111111111111111111111111111010110100100
111111111111111111111111111010101110000
111111111111111111111111111010100111100
111111111111111111111111111010100001000
111111111111111111111111111010011010100
111111111111111111111111111010010100000
111111111111111111111111111010001101100
111111111111111111111111111010000111000
111111111111111111111111111010000000100
111111111111111111111111111001111010000
111111111111111111111111111001110011100
111111111111111111111111111001101101000
111111111111111111111111111001100110100
111111111111111111111111111001100000000
111111111111111111111111111001011001100
111111111111111111111111111001010011000
111111111111111111111111111001001100100
111111111111111111111111111001000110000
111111111111111111111111111000111111100
111111111111111111111111111000111001000
111111111111111111111111111000110010100
111111111111111111111111111000101100000
111111111111111111111111111000100101100
111111111111111111111111111000011111000
111111111111111111111111111000011000100
111111111111111111111111111000010010000
111111111111111111111111111000001011100
111111111111111111111111111000000101000
111111111111111111111111110111111110100
111111111111111111111111110111111000000
111111111111111111111111110111110001100
111111111111111111111111110111101011000
111111111111111111111111110111100100100
111111111111111111111111110111011110000
111111111111111111111111110111010111100
111111111111111111111111110111010001000
111111111111111111111111110111001010100
111111111111111111111111110111000100000
111111111111111111111111110110111101100
111111111111111111111111110110110111000
111111111111111111111111110110110000100
111111111111111111111111110110101010000
111111111111111111111111110110100011100
111111111111111111111111110110011101000
111111111111111111111111110110010110100
111111111111111111111111110110010000000
111111111111111111111111110110001001100
111111111111111111111111110110000011000
111111111111111111111111110101111100100
111111111111111111111111110101110110000
111111111111111111111111110101101111100
111111111111111111111111110101101001000
111111111111111111111111110101100010100
111111111111111111111111110101011100000
111111111111111111111111110101010101100
111111111111111111111111110101001111000
111111111111111111111111110101001000100
111111111111111111111111110101000010000
111111111111111111111111110100111011100
111111111111111111111111110100110101000
111111111111111111111111110100101110100
111111111111111111111111110100101000000
111111111111111111111111110100100001100
111111111111111111111111110100011011000
111111111111111111111111110100010100100
111111111111111111111111110100001110000
111111111111111111111111110100000111100
111111111111111111111111110100000001000
111111111111111111111111110011111010100
111111111111111111111111110011110100000
111111111111111111111111110011101101100
111111111111111111111111110011100111000
111111111111111111111111110011100000100
111111111111111111111111110011011010000
111111111111111111111111110011010011100
111111111111111111111111110011001101000
111111111111111111111111110011000110100
111111111111111111111111110011000000000
111111111111111111111111110010111001100
111111111111111111111111110010110011000
111111111111111111111111110010101100100
111111111111111111111111110010100110000
111111111111111111111111110010011111100
111111111111111111111111110010011001000
111111111111111111111111110010010010100
111111111111111111111111110010001100000
111111111111111111111111110010000101100
111111111111111111111111110001111111000
111111111111111111111111110001111000100
111111111111111111111111110001110010000
111111111111111111111111110001101011100
111111111111111111111111110001100101000
111111111111111111111111110001011110100
111111111111111111111111110001011000000
111111111111111111111111110001010001100
111111111111111111111111110001001011000
111111111111111111111111110001000100100
111111111111111111111111110000111110000
111111111111111111111111110000110111100
111111111111111111111111110000110001000
111111111111111111111111110000101010100
111111111111111111111111110000100100000
111111111111111111111111110000011101100
111111111111111111111111110000010111000
111111111111111111111111110000010000100
111111111111111111111111110000001010000
111111111111111111111111110000000011100
111111111111111111111111101111111101000
111111111111111111111111101111110110100
111111111111111111111111101111110000000
111111111111111111111111101111101001100
111111111111111111111111101111100011000
111111111111111111111111101111011100100
111111111111111111111111101111010110000
111111111111111111111111101111001111100
111111111111111111111111101111001001000
111111111111111111111111101111000010100
111111111111111111111111101110111100000
111111111111111111111111101110110101100
111111111111111111111111101110101111000
111111111111111111111111101110101000100
111111111111111111111111101110100010000
111111111111111111111111101110011011100
111111111111111111111111101110010101000
111111111111111111111111101110001110100
111111111111111111111111101110001000000
111111111111111111111111101110000001100
111111111111111111111111101101111011000
111111111111111111111111101101110100100
111111111111111111111111101101101110000
111111111111111111111111101101100111100
111111111111111111111111101101100001000
111111111111111111111111101101011010100
111111111111111111111111101101010100000
111111111111111111111111101101001101100
111111111111111111111111101101000111000
111111111111111111111111101101000000100
111111111111111111111111101100111010000
111111111111111111111111101100110011100
111111111111111111111111101100101101000
111111111111111111111111101100100110100
111111111111111111111111101100100000000
111111111111111111111111101100011001100
111111111111111111111111101100010011000
111111111111111111111111101100001100100
111111111111111111111111101100000110000
111111111111111111111111101011111111100
111111111111111111111111101011111001000
111111111111111111111111101011110010100
111111111111111111111111101011101100000
111111111111111111111111101011100101100
111111111111111111111111101011011111000
111111111111111111111111101011011000100
111111111111111111111111101011010010000
111111111111111111111111101011001011100
111111111111111111111111101011000101000
111111111111111111111111101010111110100
111111111111111111111111101010111000000
111111111111111111111111101010110001100
111111111111111111111111101010101011000
111111111111111111111111101010100100100
111111111111111111111111101010011110000
111111111111111111111111101010010111100
111111111111111111111111101010010001000
111111111111111111111111101010001010100
111111111111111111111111101010000100000
111111111111111111111111101001111101100
111111111111111111111111101001110111000
111111111111111111111111101001110000100
111111111111111111111111101001101010000
111111111111111111111111101001100011100
111111111111111111111111101001011101000
111111111111111111111111101001010110100
111111111111111111111111101001010000000
111111111111111111111111101001001001100
111111111111111111111111101001000011000
111111111111111111111111101000111100100
111111111111111111111111101000110110000
111111111111111111111111101000101111100
111111111111111111111111101000101001000
111111111111111111111111101000100010100
111111111111111111111111101000011100000
111111111111111111111111101000010101100
111111111111111111111111101000001111000
111111111111111111111111101000001000100
111111111111111111111111101000000010000
111111111111111111111111100111111011100
111111111111111111111111100111110101000
111111111111111111111111100111101110100
111111111111111111111111100111101000000
111111111111111111111111100111100001100
111111111111111111111111100111011011000
111111111111111111111111100111010100100
111111111111111111111111100111001110000
111111111111111111111111100111000111100
111111111111111111111111100111000001000
111111111111111111111111100110111010100
111111111111111111111111100110110100000
111111111111111111111111100110101101100
111111111111111111111111100110100111000
111111111111111111111111100110100000100
111111111111111111111111100110011010000
111111111111111111111111100110010011100
111111111111111111111111100110001101000
111111111111111111111111100110000110100
