000000000000000000000000000000000000000
111111111111111111111111111111101001101
111111111111111111111111111111010011010
111111111111111111111111111110111100111
111111111111111111111111111110100110100
111111111111111111111111111110010000001
111111111111111111111111111101111001110
111111111111111111111111111101100011011
111111111111111111111111111101001101000
111111111111111111111111111100110110101
111111111111111111111111111100100000010
111111111111111111111111111100001001111
111111111111111111111111111011110011100
111111111111111111111111111011011101001
111111111111111111111111111011000110110
111111111111111111111111111010110000011
111111111111111111111111111010011010000
111111111111111111111111111010000011101
111111111111111111111111111001101101010
111111111111111111111111111001010110111
111111111111111111111111111001000000100
111111111111111111111111111000101010001
111111111111111111111111111000010011110
111111111111111111111111110111111101011
111111111111111111111111110111100111000
111111111111111111111111110111010000101
111111111111111111111111110110111010010
111111111111111111111111110110100011111
111111111111111111111111110110001101100
111111111111111111111111110101110111001
111111111111111111111111110101100000110
111111111111111111111111110101001010011
111111111111111111111111110100110100000
111111111111111111111111110100011101101
111111111111111111111111110100000111010
111111111111111111111111110011110000111
111111111111111111111111110011011010100
111111111111111111111111110011000100001
111111111111111111111111110010101101110
111111111111111111111111110010010111011
111111111111111111111111110010000001000
111111111111111111111111110001101010101
111111111111111111111111110001010100010
111111111111111111111111110000111101111
111111111111111111111111110000100111100
111111111111111111111111110000010001001
111111111111111111111111101111111010110
111111111111111111111111101111100100011
111111111111111111111111101111001110000
111111111111111111111111101110110111101
111111111111111111111111101110100001010
111111111111111111111111101110001010111
111111111111111111111111101101110100100
111111111111111111111111101101011110001
111111111111111111111111101101000111110
111111111111111111111111101100110001011
111111111111111111111111101100011011000
111111111111111111111111101100000100101
111111111111111111111111101011101110010
111111111111111111111111101011010111111
111111111111111111111111101011000001100
111111111111111111111111101010101011001
111111111111111111111111101010010100110
111111111111111111111111101001111110011
111111111111111111111111101001101000000
111111111111111111111111101001010001101
111111111111111111111111101000111011010
111111111111111111111111101000100100111
111111111111111111111111101000001110100
111111111111111111111111100111111000001
111111111111111111111111100111100001110
111111111111111111111111100111001011011
111111111111111111111111100110110101000
111111111111111111111111100110011110101
111111111111111111111111100110001000010
111111111111111111111111100101110001111
111111111111111111111111100101011011100
111111111111111111111111100101000101001
111111111111111111111111100100101110110
111111111111111111111111100100011000011
111111111111111111111111100100000010000
111111111111111111111111100011101011101
111111111111111111111111100011010101010
111111111111111111111111100010111110111
111111111111111111111111100010101000100
111111111111111111111111100010010010001
111111111111111111111111100001111011110
111111111111111111111111100001100101011
111111111111111111111111100001001111000
111111111111111111111111100000111000101
111111111111111111111111100000100010010
111111111111111111111111100000001011111
111111111111111111111111011111110101100
111111111111111111111111011111011111001
111111111111111111111111011111001000110
111111111111111111111111011110110010011
111111111111111111111111011110011100000
111111111111111111111111011110000101101
111111111111111111111111011101101111010
111111111111111111111111011101011000111
111111111111111111111111011101000010100
111111111111111111111111011100101100001
111111111111111111111111011100010101110
111111111111111111111111011011111111011
111111111111111111111111011011101001000
111111111111111111111111011011010010101
111111111111111111111111011010111100010
111111111111111111111111011010100101111
111111111111111111111111011010001111100
111111111111111111111111011001111001001
111111111111111111111111011001100010110
111111111111111111111111011001001100011
111111111111111111111111011000110110000
111111111111111111111111011000011111101
111111111111111111111111011000001001010
111111111111111111111111010111110010111
111111111111111111111111010111011100100
111111111111111111111111010111000110001
111111111111111111111111010110101111110
111111111111111111111111010110011001011
111111111111111111111111010110000011000
111111111111111111111111010101101100101
111111111111111111111111010101010110010
111111111111111111111111010100111111111
111111111111111111111111010100101001100
111111111111111111111111010100010011001
111111111111111111111111010011111100110
111111111111111111111111010011100110011
111111111111111111111111010011010000000
111111111111111111111111010010111001101
111111111111111111111111010010100011010
111111111111111111111111010010001100111
111111111111111111111111010001110110100
111111111111111111111111010001100000001
111111111111111111111111010001001001110
111111111111111111111111010000110011011
111111111111111111111111010000011101000
111111111111111111111111010000000110101
111111111111111111111111001111110000010
111111111111111111111111001111011001111
111111111111111111111111001111000011100
111111111111111111111111001110101101001
111111111111111111111111001110010110110
111111111111111111111111001110000000011
111111111111111111111111001101101010000
111111111111111111111111001101010011101
111111111111111111111111001100111101010
111111111111111111111111001100100110111
111111111111111111111111001100010000100
111111111111111111111111001011111010001
111111111111111111111111001011100011110
111111111111111111111111001011001101011
111111111111111111111111001010110111000
111111111111111111111111001010100000101
111111111111111111111111001010001010010
111111111111111111111111001001110011111
111111111111111111111111001001011101100
111111111111111111111111001001000111001
111111111111111111111111001000110000110
111111111111111111111111001000011010011
111111111111111111111111001000000100000
111111111111111111111111000111101101101
111111111111111111111111000111010111010
111111111111111111111111000111000000111
111111111111111111111111000110101010100
111111111111111111111111000110010100001
111111111111111111111111000101111101110
111111111111111111111111000101100111011
111111111111111111111111000101010001000
111111111111111111111111000100111010101
111111111111111111111111000100100100010
111111111111111111111111000100001101111
111111111111111111111111000011110111100
111111111111111111111111000011100001001
111111111111111111111111000011001010110
111111111111111111111111000010110100011
111111111111111111111111000010011110000
111111111111111111111111000010000111101
111111111111111111111111000001110001010
111111111111111111111111000001011010111
111111111111111111111111000001000100100
111111111111111111111111000000101110001
111111111111111111111111000000010111110
111111111111111111111111000000000001011
111111111111111111111110111111101011000
111111111111111111111110111111010100101
111111111111111111111110111110111110010
111111111111111111111110111110100111111
111111111111111111111110111110010001100
111111111111111111111110111101111011001
111111111111111111111110111101100100110
111111111111111111111110111101001110011
111111111111111111111110111100111000000
111111111111111111111110111100100001101
111111111111111111111110111100001011010
111111111111111111111110111011110100111
111111111111111111111110111011011110100
111111111111111111111110111011001000001
111111111111111111111110111010110001110
111111111111111111111110111010011011011
111111111111111111111110111010000101000
111111111111111111111110111001101110101
111111111111111111111110111001011000010
111111111111111111111110111001000001111
111111111111111111111110111000101011100
111111111111111111111110111000010101001
111111111111111111111110110111111110110
111111111111111111111110110111101000011
111111111111111111111110110111010010000
111111111111111111111110110110111011101
111111111111111111111110110110100101010
111111111111111111111110110110001110111
111111111111111111111110110101111000100
111111111111111111111110110101100010001
111111111111111111111110110101001011110
111111111111111111111110110100110101011
111111111111111111111110110100011111000
111111111111111111111110110100001000101
111111111111111111111110110011110010010
111111111111111111111110110011011011111
111111111111111111111110110011000101100
111111111111111111111110110010101111001
111111111111111111111110110010011000110
111111111111111111111110110010000010011
111111111111111111111110110001101100000
111111111111111111111110110001010101101
111111111111111111111110110000111111010
111111111111111111111110110000101000111
111111111111111111111110110000010010100
111111111111111111111110101111111100001
111111111111111111111110101111100101110
111111111111111111111110101111001111011
111111111111111111111110101110111001000
111111111111111111111110101110100010101
111111111111111111111110101110001100010
111111111111111111111110101101110101111
111111111111111111111110101101011111100
111111111111111111111110101101001001001
111111111111111111111110101100110010110
111111111111111111111110101100011100011
111111111111111111111110101100000110000
111111111111111111111110101011101111101
111111111111111111111110101011011001010
111111111111111111111110101011000010111
111111111111111111111110101010101100100
111111111111111111111110101010010110001
111111111111111111111110101001111111110
111111111111111111111110101001101001011
111111111111111111111110101001010011000
111111111111111111111110101000111100101
111111111111111111111110101000100110010
111111111111111111111110101000001111111
111111111111111111111110100111111001100
111111111111111111111110100111100011001
111111111111111111111110100111001100110
111111111111111111111110100110110110011
