000000000000000000000000000000000000000
111111111111111111111111111111100100001
111111111111111111111111111111001000010
111111111111111111111111111110101100011
111111111111111111111111111110010000100
111111111111111111111111111101110100101
111111111111111111111111111101011000110
111111111111111111111111111100111100111
111111111111111111111111111100100001000
111111111111111111111111111100000101001
111111111111111111111111111011101001010
111111111111111111111111111011001101011
111111111111111111111111111010110001100
111111111111111111111111111010010101101
111111111111111111111111111001111001110
111111111111111111111111111001011101111
111111111111111111111111111001000010000
111111111111111111111111111000100110001
111111111111111111111111111000001010010
111111111111111111111111110111101110011
111111111111111111111111110111010010100
111111111111111111111111110110110110101
111111111111111111111111110110011010110
111111111111111111111111110101111110111
111111111111111111111111110101100011000
111111111111111111111111110101000111001
111111111111111111111111110100101011010
111111111111111111111111110100001111011
111111111111111111111111110011110011100
111111111111111111111111110011010111101
111111111111111111111111110010111011110
111111111111111111111111110010011111111
111111111111111111111111110010000100000
111111111111111111111111110001101000001
111111111111111111111111110001001100010
111111111111111111111111110000110000011
111111111111111111111111110000010100100
111111111111111111111111101111111000101
111111111111111111111111101111011100110
111111111111111111111111101111000000111
111111111111111111111111101110100101000
111111111111111111111111101110001001001
111111111111111111111111101101101101010
111111111111111111111111101101010001011
111111111111111111111111101100110101100
111111111111111111111111101100011001101
111111111111111111111111101011111101110
111111111111111111111111101011100001111
111111111111111111111111101011000110000
111111111111111111111111101010101010001
111111111111111111111111101010001110010
111111111111111111111111101001110010011
111111111111111111111111101001010110100
111111111111111111111111101000111010101
111111111111111111111111101000011110110
111111111111111111111111101000000010111
111111111111111111111111100111100111000
111111111111111111111111100111001011001
111111111111111111111111100110101111010
111111111111111111111111100110010011011
111111111111111111111111100101110111100
111111111111111111111111100101011011101
111111111111111111111111100100111111110
111111111111111111111111100100100011111
111111111111111111111111100100001000000
111111111111111111111111100011101100001
111111111111111111111111100011010000010
111111111111111111111111100010110100011
111111111111111111111111100010011000100
111111111111111111111111100001111100101
111111111111111111111111100001100000110
111111111111111111111111100001000100111
111111111111111111111111100000101001000
111111111111111111111111100000001101001
111111111111111111111111011111110001010
111111111111111111111111011111010101011
111111111111111111111111011110111001100
111111111111111111111111011110011101101
111111111111111111111111011110000001110
111111111111111111111111011101100101111
111111111111111111111111011101001010000
111111111111111111111111011100101110001
111111111111111111111111011100010010010
111111111111111111111111011011110110011
111111111111111111111111011011011010100
111111111111111111111111011010111110101
111111111111111111111111011010100010110
111111111111111111111111011010000110111
111111111111111111111111011001101011000
111111111111111111111111011001001111001
111111111111111111111111011000110011010
111111111111111111111111011000010111011
111111111111111111111111010111111011100
111111111111111111111111010111011111101
111111111111111111111111010111000011110
111111111111111111111111010110100111111
111111111111111111111111010110001100000
111111111111111111111111010101110000001
111111111111111111111111010101010100010
111111111111111111111111010100111000011
111111111111111111111111010100011100100
111111111111111111111111010100000000101
111111111111111111111111010011100100110
111111111111111111111111010011001000111
111111111111111111111111010010101101000
111111111111111111111111010010010001001
111111111111111111111111010001110101010
111111111111111111111111010001011001011
111111111111111111111111010000111101100
111111111111111111111111010000100001101
111111111111111111111111010000000101110
111111111111111111111111001111101001111
111111111111111111111111001111001110000
111111111111111111111111001110110010001
111111111111111111111111001110010110010
111111111111111111111111001101111010011
111111111111111111111111001101011110100
111111111111111111111111001101000010101
111111111111111111111111001100100110110
111111111111111111111111001100001010111
111111111111111111111111001011101111000
111111111111111111111111001011010011001
111111111111111111111111001010110111010
111111111111111111111111001010011011011
111111111111111111111111001001111111100
111111111111111111111111001001100011101
111111111111111111111111001001000111110
111111111111111111111111001000101011111
111111111111111111111111001000010000000
111111111111111111111111000111110100001
111111111111111111111111000111011000010
111111111111111111111111000110111100011
111111111111111111111111000110100000100
111111111111111111111111000110000100101
111111111111111111111111000101101000110
111111111111111111111111000101001100111
111111111111111111111111000100110001000
111111111111111111111111000100010101001
111111111111111111111111000011111001010
111111111111111111111111000011011101011
111111111111111111111111000011000001100
111111111111111111111111000010100101101
111111111111111111111111000010001001110
111111111111111111111111000001101101111
111111111111111111111111000001010010000
111111111111111111111111000000110110001
111111111111111111111111000000011010010
111111111111111111111110111111111110011
111111111111111111111110111111100010100
111111111111111111111110111111000110101
111111111111111111111110111110101010110
111111111111111111111110111110001110111
111111111111111111111110111101110011000
111111111111111111111110111101010111001
111111111111111111111110111100111011010
111111111111111111111110111100011111011
111111111111111111111110111100000011100
111111111111111111111110111011100111101
111111111111111111111110111011001011110
111111111111111111111110111010101111111
111111111111111111111110111010010100000
111111111111111111111110111001111000001
111111111111111111111110111001011100010
111111111111111111111110111001000000011
111111111111111111111110111000100100100
111111111111111111111110111000001000101
111111111111111111111110110111101100110
111111111111111111111110110111010000111
111111111111111111111110110110110101000
111111111111111111111110110110011001001
111111111111111111111110110101111101010
111111111111111111111110110101100001011
111111111111111111111110110101000101100
111111111111111111111110110100101001101
111111111111111111111110110100001101110
111111111111111111111110110011110001111
111111111111111111111110110011010110000
111111111111111111111110110010111010001
111111111111111111111110110010011110010
111111111111111111111110110010000010011
111111111111111111111110110001100110100
111111111111111111111110110001001010101
111111111111111111111110110000101110110
111111111111111111111110110000010010111
111111111111111111111110101111110111000
111111111111111111111110101111011011001
111111111111111111111110101110111111010
111111111111111111111110101110100011011
111111111111111111111110101110000111100
111111111111111111111110101101101011101
111111111111111111111110101101001111110
111111111111111111111110101100110011111
111111111111111111111110101100011000000
111111111111111111111110101011111100001
111111111111111111111110101011100000010
111111111111111111111110101011000100011
111111111111111111111110101010101000100
111111111111111111111110101010001100101
111111111111111111111110101001110000110
111111111111111111111110101001010100111
111111111111111111111110101000111001000
111111111111111111111110101000011101001
111111111111111111111110101000000001010
111111111111111111111110100111100101011
111111111111111111111110100111001001100
111111111111111111111110100110101101101
111111111111111111111110100110010001110
111111111111111111111110100101110101111
111111111111111111111110100101011010000
111111111111111111111110100100111110001
111111111111111111111110100100100010010
111111111111111111111110100100000110011
111111111111111111111110100011101010100
111111111111111111111110100011001110101
111111111111111111111110100010110010110
111111111111111111111110100010010110111
111111111111111111111110100001111011000
111111111111111111111110100001011111001
111111111111111111111110100001000011010
111111111111111111111110100000100111011
111111111111111111111110100000001011100
111111111111111111111110011111101111101
111111111111111111111110011111010011110
111111111111111111111110011110110111111
111111111111111111111110011110011100000
111111111111111111111110011110000000001
111111111111111111111110011101100100010
111111111111111111111110011101001000011
111111111111111111111110011100101100100
111111111111111111111110011100010000101
111111111111111111111110011011110100110
111111111111111111111110011011011000111
111111111111111111111110011010111101000
111111111111111111111110011010100001001
111111111111111111111110011010000101010
111111111111111111111110011001101001011
111111111111111111111110011001001101100
111111111111111111111110011000110001101
111111111111111111111110011000010101110
111111111111111111111110010111111001111
111111111111111111111110010111011110000
111111111111111111111110010111000010001
111111111111111111111110010110100110010
111111111111111111111110010110001010011
111111111111111111111110010101101110100
111111111111111111111110010101010010101
111111111111111111111110010100110110110
111111111111111111111110010100011010111
111111111111111111111110010011111111000
111111111111111111111110010011100011001
111111111111111111111110010011000111010
111111111111111111111110010010101011011
111111111111111111111110010010001111100
111111111111111111111110010001110011101
111111111111111111111110010001010111110
111111111111111111111110010000111011111
