000000000000000000000000000000000000000
111111111111111111111111111111110010011
111111111111111111111111111111100100110
111111111111111111111111111111010111001
111111111111111111111111111111001001100
111111111111111111111111111110111011111
111111111111111111111111111110101110010
111111111111111111111111111110100000101
111111111111111111111111111110010011000
111111111111111111111111111110000101011
111111111111111111111111111101110111110
111111111111111111111111111101101010001
111111111111111111111111111101011100100
111111111111111111111111111101001110111
111111111111111111111111111101000001010
111111111111111111111111111100110011101
111111111111111111111111111100100110000
111111111111111111111111111100011000011
111111111111111111111111111100001010110
111111111111111111111111111011111101001
111111111111111111111111111011101111100
111111111111111111111111111011100001111
111111111111111111111111111011010100010
111111111111111111111111111011000110101
111111111111111111111111111010111001000
111111111111111111111111111010101011011
111111111111111111111111111010011101110
111111111111111111111111111010010000001
111111111111111111111111111010000010100
111111111111111111111111111001110100111
111111111111111111111111111001100111010
111111111111111111111111111001011001101
111111111111111111111111111001001100000
111111111111111111111111111000111110011
111111111111111111111111111000110000110
111111111111111111111111111000100011001
111111111111111111111111111000010101100
111111111111111111111111111000000111111
111111111111111111111111110111111010010
111111111111111111111111110111101100101
111111111111111111111111110111011111000
111111111111111111111111110111010001011
111111111111111111111111110111000011110
111111111111111111111111110110110110001
111111111111111111111111110110101000100
111111111111111111111111110110011010111
111111111111111111111111110110001101010
111111111111111111111111110101111111101
111111111111111111111111110101110010000
111111111111111111111111110101100100011
111111111111111111111111110101010110110
111111111111111111111111110101001001001
111111111111111111111111110100111011100
111111111111111111111111110100101101111
111111111111111111111111110100100000010
111111111111111111111111110100010010101
111111111111111111111111110100000101000
111111111111111111111111110011110111011
111111111111111111111111110011101001110
111111111111111111111111110011011100001
111111111111111111111111110011001110100
111111111111111111111111110011000000111
111111111111111111111111110010110011010
111111111111111111111111110010100101101
111111111111111111111111110010011000000
111111111111111111111111110010001010011
111111111111111111111111110001111100110
111111111111111111111111110001101111001
111111111111111111111111110001100001100
111111111111111111111111110001010011111
111111111111111111111111110001000110010
111111111111111111111111110000111000101
111111111111111111111111110000101011000
111111111111111111111111110000011101011
111111111111111111111111110000001111110
111111111111111111111111110000000010001
111111111111111111111111101111110100100
111111111111111111111111101111100110111
111111111111111111111111101111011001010
111111111111111111111111101111001011101
111111111111111111111111101110111110000
111111111111111111111111101110110000011
111111111111111111111111101110100010110
111111111111111111111111101110010101001
111111111111111111111111101110000111100
111111111111111111111111101101111001111
111111111111111111111111101101101100010
111111111111111111111111101101011110101
111111111111111111111111101101010001000
111111111111111111111111101101000011011
111111111111111111111111101100110101110
111111111111111111111111101100101000001
111111111111111111111111101100011010100
111111111111111111111111101100001100111
111111111111111111111111101011111111010
111111111111111111111111101011110001101
111111111111111111111111101011100100000
111111111111111111111111101011010110011
111111111111111111111111101011001000110
111111111111111111111111101010111011001
111111111111111111111111101010101101100
111111111111111111111111101010011111111
111111111111111111111111101010010010010
111111111111111111111111101010000100101
111111111111111111111111101001110111000
111111111111111111111111101001101001011
111111111111111111111111101001011011110
111111111111111111111111101001001110001
111111111111111111111111101001000000100
111111111111111111111111101000110010111
111111111111111111111111101000100101010
111111111111111111111111101000010111101
111111111111111111111111101000001010000
111111111111111111111111100111111100011
111111111111111111111111100111101110110
111111111111111111111111100111100001001
111111111111111111111111100111010011100
111111111111111111111111100111000101111
111111111111111111111111100110111000010
111111111111111111111111100110101010101
111111111111111111111111100110011101000
111111111111111111111111100110001111011
111111111111111111111111100110000001110
111111111111111111111111100101110100001
111111111111111111111111100101100110100
111111111111111111111111100101011000111
111111111111111111111111100101001011010
111111111111111111111111100100111101101
111111111111111111111111100100110000000
111111111111111111111111100100100010011
111111111111111111111111100100010100110
111111111111111111111111100100000111001
111111111111111111111111100011111001100
111111111111111111111111100011101011111
111111111111111111111111100011011110010
111111111111111111111111100011010000101
111111111111111111111111100011000011000
111111111111111111111111100010110101011
111111111111111111111111100010100111110
111111111111111111111111100010011010001
111111111111111111111111100010001100100
111111111111111111111111100001111110111
111111111111111111111111100001110001010
111111111111111111111111100001100011101
111111111111111111111111100001010110000
111111111111111111111111100001001000011
111111111111111111111111100000111010110
111111111111111111111111100000101101001
111111111111111111111111100000011111100
111111111111111111111111100000010001111
111111111111111111111111100000000100010
111111111111111111111111011111110110101
111111111111111111111111011111101001000
111111111111111111111111011111011011011
111111111111111111111111011111001101110
111111111111111111111111011111000000001
111111111111111111111111011110110010100
111111111111111111111111011110100100111
111111111111111111111111011110010111010
111111111111111111111111011110001001101
111111111111111111111111011101111100000
111111111111111111111111011101101110011
111111111111111111111111011101100000110
111111111111111111111111011101010011001
111111111111111111111111011101000101100
111111111111111111111111011100110111111
111111111111111111111111011100101010010
111111111111111111111111011100011100101
111111111111111111111111011100001111000
111111111111111111111111011100000001011
111111111111111111111111011011110011110
111111111111111111111111011011100110001
111111111111111111111111011011011000100
111111111111111111111111011011001010111
111111111111111111111111011010111101010
111111111111111111111111011010101111101
111111111111111111111111011010100010000
111111111111111111111111011010010100011
111111111111111111111111011010000110110
111111111111111111111111011001111001001
111111111111111111111111011001101011100
111111111111111111111111011001011101111
111111111111111111111111011001010000010
111111111111111111111111011001000010101
111111111111111111111111011000110101000
111111111111111111111111011000100111011
111111111111111111111111011000011001110
111111111111111111111111011000001100001
111111111111111111111111010111111110100
111111111111111111111111010111110000111
111111111111111111111111010111100011010
111111111111111111111111010111010101101
111111111111111111111111010111001000000
111111111111111111111111010110111010011
111111111111111111111111010110101100110
111111111111111111111111010110011111001
111111111111111111111111010110010001100
111111111111111111111111010110000011111
111111111111111111111111010101110110010
111111111111111111111111010101101000101
111111111111111111111111010101011011000
111111111111111111111111010101001101011
111111111111111111111111010100111111110
111111111111111111111111010100110010001
111111111111111111111111010100100100100
111111111111111111111111010100010110111
111111111111111111111111010100001001010
111111111111111111111111010011111011101
111111111111111111111111010011101110000
111111111111111111111111010011100000011
111111111111111111111111010011010010110
111111111111111111111111010011000101001
111111111111111111111111010010110111100
111111111111111111111111010010101001111
111111111111111111111111010010011100010
111111111111111111111111010010001110101
111111111111111111111111010010000001000
111111111111111111111111010001110011011
111111111111111111111111010001100101110
111111111111111111111111010001011000001
111111111111111111111111010001001010100
111111111111111111111111010000111100111
111111111111111111111111010000101111010
111111111111111111111111010000100001101
111111111111111111111111010000010100000
111111111111111111111111010000000110011
111111111111111111111111001111111000110
111111111111111111111111001111101011001
111111111111111111111111001111011101100
111111111111111111111111001111001111111
111111111111111111111111001111000010010
111111111111111111111111001110110100101
111111111111111111111111001110100111000
111111111111111111111111001110011001011
111111111111111111111111001110001011110
111111111111111111111111001101111110001
111111111111111111111111001101110000100
111111111111111111111111001101100010111
111111111111111111111111001101010101010
111111111111111111111111001101000111101
111111111111111111111111001100111010000
111111111111111111111111001100101100011
111111111111111111111111001100011110110
111111111111111111111111001100010001001
111111111111111111111111001100000011100
111111111111111111111111001011110101111
111111111111111111111111001011101000010
111111111111111111111111001011011010101
111111111111111111111111001011001101000
111111111111111111111111001010111111011
111111111111111111111111001010110001110
111111111111111111111111001010100100001
111111111111111111111111001010010110100
111111111111111111111111001010001000111
111111111111111111111111001001111011010
111111111111111111111111001001101101101
