000000000000000000000000000000000000000
000000000000000000000000000000010000110
000000000000000000000000000000100001100
000000000000000000000000000000110010010
000000000000000000000000000001000011000
000000000000000000000000000001010011110
000000000000000000000000000001100100100
000000000000000000000000000001110101010
000000000000000000000000000010000110000
000000000000000000000000000010010110110
000000000000000000000000000010100111100
000000000000000000000000000010111000010
000000000000000000000000000011001001000
000000000000000000000000000011011001110
000000000000000000000000000011101010100
000000000000000000000000000011111011010
000000000000000000000000000100001100000
000000000000000000000000000100011100110
000000000000000000000000000100101101100
000000000000000000000000000100111110010
000000000000000000000000000101001111000
000000000000000000000000000101011111110
000000000000000000000000000101110000100
000000000000000000000000000110000001010
000000000000000000000000000110010010000
000000000000000000000000000110100010110
000000000000000000000000000110110011100
000000000000000000000000000111000100010
000000000000000000000000000111010101000
000000000000000000000000000111100101110
000000000000000000000000000111110110100
000000000000000000000000001000000111010
000000000000000000000000001000011000000
000000000000000000000000001000101000110
000000000000000000000000001000111001100
000000000000000000000000001001001010010
000000000000000000000000001001011011000
000000000000000000000000001001101011110
000000000000000000000000001001111100100
000000000000000000000000001010001101010
000000000000000000000000001010011110000
000000000000000000000000001010101110110
000000000000000000000000001010111111100
000000000000000000000000001011010000010
000000000000000000000000001011100001000
000000000000000000000000001011110001110
000000000000000000000000001100000010100
000000000000000000000000001100010011010
000000000000000000000000001100100100000
000000000000000000000000001100110100110
000000000000000000000000001101000101100
000000000000000000000000001101010110010
000000000000000000000000001101100111000
000000000000000000000000001101110111110
000000000000000000000000001110001000100
000000000000000000000000001110011001010
000000000000000000000000001110101010000
000000000000000000000000001110111010110
000000000000000000000000001111001011100
000000000000000000000000001111011100010
000000000000000000000000001111101101000
000000000000000000000000001111111101110
000000000000000000000000010000001110100
000000000000000000000000010000011111010
000000000000000000000000010000110000000
000000000000000000000000010001000000110
000000000000000000000000010001010001100
000000000000000000000000010001100010010
000000000000000000000000010001110011000
000000000000000000000000010010000011110
000000000000000000000000010010010100100
000000000000000000000000010010100101010
000000000000000000000000010010110110000
000000000000000000000000010011000110110
000000000000000000000000010011010111100
000000000000000000000000010011101000010
000000000000000000000000010011111001000
000000000000000000000000010100001001110
000000000000000000000000010100011010100
000000000000000000000000010100101011010
000000000000000000000000010100111100000
000000000000000000000000010101001100110
000000000000000000000000010101011101100
000000000000000000000000010101101110010
000000000000000000000000010101111111000
000000000000000000000000010110001111110
000000000000000000000000010110100000100
000000000000000000000000010110110001010
000000000000000000000000010111000010000
000000000000000000000000010111010010110
000000000000000000000000010111100011100
000000000000000000000000010111110100010
000000000000000000000000011000000101000
000000000000000000000000011000010101110
000000000000000000000000011000100110100
000000000000000000000000011000110111010
000000000000000000000000011001001000000
000000000000000000000000011001011000110
000000000000000000000000011001101001100
000000000000000000000000011001111010010
000000000000000000000000011010001011000
000000000000000000000000011010011011110
000000000000000000000000011010101100100
000000000000000000000000011010111101010
000000000000000000000000011011001110000
000000000000000000000000011011011110110
000000000000000000000000011011101111100
000000000000000000000000011100000000010
000000000000000000000000011100010001000
000000000000000000000000011100100001110
000000000000000000000000011100110010100
000000000000000000000000011101000011010
000000000000000000000000011101010100000
000000000000000000000000011101100100110
000000000000000000000000011101110101100
000000000000000000000000011110000110010
000000000000000000000000011110010111000
000000000000000000000000011110100111110
000000000000000000000000011110111000100
000000000000000000000000011111001001010
000000000000000000000000011111011010000
000000000000000000000000011111101010110
000000000000000000000000011111111011100
000000000000000000000000100000001100010
000000000000000000000000100000011101000
000000000000000000000000100000101101110
000000000000000000000000100000111110100
000000000000000000000000100001001111010
000000000000000000000000100001100000000
000000000000000000000000100001110000110
000000000000000000000000100010000001100
000000000000000000000000100010010010010
000000000000000000000000100010100011000
000000000000000000000000100010110011110
000000000000000000000000100011000100100
000000000000000000000000100011010101010
000000000000000000000000100011100110000
000000000000000000000000100011110110110
000000000000000000000000100100000111100
000000000000000000000000100100011000010
000000000000000000000000100100101001000
000000000000000000000000100100111001110
000000000000000000000000100101001010100
000000000000000000000000100101011011010
000000000000000000000000100101101100000
000000000000000000000000100101111100110
000000000000000000000000100110001101100
000000000000000000000000100110011110010
000000000000000000000000100110101111000
000000000000000000000000100110111111110
000000000000000000000000100111010000100
000000000000000000000000100111100001010
000000000000000000000000100111110010000
000000000000000000000000101000000010110
000000000000000000000000101000010011100
000000000000000000000000101000100100010
000000000000000000000000101000110101000
000000000000000000000000101001000101110
000000000000000000000000101001010110100
000000000000000000000000101001100111010
000000000000000000000000101001111000000
000000000000000000000000101010001000110
000000000000000000000000101010011001100
000000000000000000000000101010101010010
000000000000000000000000101010111011000
000000000000000000000000101011001011110
000000000000000000000000101011011100100
000000000000000000000000101011101101010
000000000000000000000000101011111110000
000000000000000000000000101100001110110
000000000000000000000000101100011111100
000000000000000000000000101100110000010
000000000000000000000000101101000001000
000000000000000000000000101101010001110
000000000000000000000000101101100010100
000000000000000000000000101101110011010
000000000000000000000000101110000100000
000000000000000000000000101110010100110
000000000000000000000000101110100101100
000000000000000000000000101110110110010
000000000000000000000000101111000111000
000000000000000000000000101111010111110
000000000000000000000000101111101000100
000000000000000000000000101111111001010
000000000000000000000000110000001010000
000000000000000000000000110000011010110
000000000000000000000000110000101011100
000000000000000000000000110000111100010
000000000000000000000000110001001101000
000000000000000000000000110001011101110
000000000000000000000000110001101110100
000000000000000000000000110001111111010
000000000000000000000000110010010000000
000000000000000000000000110010100000110
000000000000000000000000110010110001100
000000000000000000000000110011000010010
000000000000000000000000110011010011000
000000000000000000000000110011100011110
000000000000000000000000110011110100100
000000000000000000000000110100000101010
000000000000000000000000110100010110000
000000000000000000000000110100100110110
000000000000000000000000110100110111100
000000000000000000000000110101001000010
000000000000000000000000110101011001000
000000000000000000000000110101101001110
000000000000000000000000110101111010100
000000000000000000000000110110001011010
000000000000000000000000110110011100000
000000000000000000000000110110101100110
000000000000000000000000110110111101100
000000000000000000000000110111001110010
000000000000000000000000110111011111000
000000000000000000000000110111101111110
000000000000000000000000111000000000100
000000000000000000000000111000010001010
000000000000000000000000111000100010000
000000000000000000000000111000110010110
000000000000000000000000111001000011100
000000000000000000000000111001010100010
000000000000000000000000111001100101000
000000000000000000000000111001110101110
000000000000000000000000111010000110100
000000000000000000000000111010010111010
000000000000000000000000111010101000000
000000000000000000000000111010111000110
000000000000000000000000111011001001100
000000000000000000000000111011011010010
000000000000000000000000111011101011000
000000000000000000000000111011111011110
000000000000000000000000111100001100100
000000000000000000000000111100011101010
000000000000000000000000111100101110000
000000000000000000000000111100111110110
000000000000000000000000111101001111100
000000000000000000000000111101100000010
000000000000000000000000111101110001000
000000000000000000000000111110000001110
000000000000000000000000111110010010100
000000000000000000000000111110100011010
000000000000000000000000111110110100000
000000000000000000000000111111000100110
000000000000000000000000111111010101100
000000000000000000000000111111100110010
000000000000000000000000111111110111000
000000000000000000000001000000000111110
000000000000000000000001000000011000100
000000000000000000000001000000101001010
000000000000000000000001000000111010000
000000000000000000000001000001001010110
000000000000000000000001000001011011100
000000000000000000000001000001101100010
000000000000000000000001000001111101000
000000000000000000000001000010001101110
000000000000000000000001000010011110100
000000000000000000000001000010101111010
