000000000000000000000000000000000000000
111111111111111111111111111111101000000
111111111111111111111111111111010000000
111111111111111111111111111110111000000
111111111111111111111111111110100000000
111111111111111111111111111110001000000
111111111111111111111111111101110000000
111111111111111111111111111101011000000
111111111111111111111111111101000000000
111111111111111111111111111100101000000
111111111111111111111111111100010000000
111111111111111111111111111011111000000
111111111111111111111111111011100000000
111111111111111111111111111011001000000
111111111111111111111111111010110000000
111111111111111111111111111010011000000
111111111111111111111111111010000000000
111111111111111111111111111001101000000
111111111111111111111111111001010000000
111111111111111111111111111000111000000
111111111111111111111111111000100000000
111111111111111111111111111000001000000
111111111111111111111111110111110000000
111111111111111111111111110111011000000
111111111111111111111111110111000000000
111111111111111111111111110110101000000
111111111111111111111111110110010000000
111111111111111111111111110101111000000
111111111111111111111111110101100000000
111111111111111111111111110101001000000
111111111111111111111111110100110000000
111111111111111111111111110100011000000
111111111111111111111111110100000000000
111111111111111111111111110011101000000
111111111111111111111111110011010000000
111111111111111111111111110010111000000
111111111111111111111111110010100000000
111111111111111111111111110010001000000
111111111111111111111111110001110000000
111111111111111111111111110001011000000
111111111111111111111111110001000000000
111111111111111111111111110000101000000
111111111111111111111111110000010000000
111111111111111111111111101111111000000
111111111111111111111111101111100000000
111111111111111111111111101111001000000
111111111111111111111111101110110000000
111111111111111111111111101110011000000
111111111111111111111111101110000000000
111111111111111111111111101101101000000
111111111111111111111111101101010000000
111111111111111111111111101100111000000
111111111111111111111111101100100000000
111111111111111111111111101100001000000
111111111111111111111111101011110000000
111111111111111111111111101011011000000
111111111111111111111111101011000000000
111111111111111111111111101010101000000
111111111111111111111111101010010000000
111111111111111111111111101001111000000
111111111111111111111111101001100000000
111111111111111111111111101001001000000
111111111111111111111111101000110000000
111111111111111111111111101000011000000
111111111111111111111111101000000000000
111111111111111111111111100111101000000
111111111111111111111111100111010000000
111111111111111111111111100110111000000
111111111111111111111111100110100000000
111111111111111111111111100110001000000
111111111111111111111111100101110000000
111111111111111111111111100101011000000
111111111111111111111111100101000000000
111111111111111111111111100100101000000
111111111111111111111111100100010000000
111111111111111111111111100011111000000
111111111111111111111111100011100000000
111111111111111111111111100011001000000
111111111111111111111111100010110000000
111111111111111111111111100010011000000
111111111111111111111111100010000000000
111111111111111111111111100001101000000
111111111111111111111111100001010000000
111111111111111111111111100000111000000
111111111111111111111111100000100000000
111111111111111111111111100000001000000
111111111111111111111111011111110000000
111111111111111111111111011111011000000
111111111111111111111111011111000000000
111111111111111111111111011110101000000
111111111111111111111111011110010000000
111111111111111111111111011101111000000
111111111111111111111111011101100000000
111111111111111111111111011101001000000
111111111111111111111111011100110000000
111111111111111111111111011100011000000
111111111111111111111111011100000000000
111111111111111111111111011011101000000
111111111111111111111111011011010000000
111111111111111111111111011010111000000
111111111111111111111111011010100000000
111111111111111111111111011010001000000
111111111111111111111111011001110000000
111111111111111111111111011001011000000
111111111111111111111111011001000000000
111111111111111111111111011000101000000
111111111111111111111111011000010000000
111111111111111111111111010111111000000
111111111111111111111111010111100000000
111111111111111111111111010111001000000
111111111111111111111111010110110000000
111111111111111111111111010110011000000
111111111111111111111111010110000000000
111111111111111111111111010101101000000
111111111111111111111111010101010000000
111111111111111111111111010100111000000
111111111111111111111111010100100000000
111111111111111111111111010100001000000
111111111111111111111111010011110000000
111111111111111111111111010011011000000
111111111111111111111111010011000000000
111111111111111111111111010010101000000
111111111111111111111111010010010000000
111111111111111111111111010001111000000
111111111111111111111111010001100000000
111111111111111111111111010001001000000
111111111111111111111111010000110000000
111111111111111111111111010000011000000
111111111111111111111111010000000000000
111111111111111111111111001111101000000
111111111111111111111111001111010000000
111111111111111111111111001110111000000
111111111111111111111111001110100000000
111111111111111111111111001110001000000
111111111111111111111111001101110000000
111111111111111111111111001101011000000
111111111111111111111111001101000000000
111111111111111111111111001100101000000
111111111111111111111111001100010000000
111111111111111111111111001011111000000
111111111111111111111111001011100000000
111111111111111111111111001011001000000
111111111111111111111111001010110000000
111111111111111111111111001010011000000
111111111111111111111111001010000000000
111111111111111111111111001001101000000
111111111111111111111111001001010000000
111111111111111111111111001000111000000
111111111111111111111111001000100000000
111111111111111111111111001000001000000
111111111111111111111111000111110000000
111111111111111111111111000111011000000
111111111111111111111111000111000000000
111111111111111111111111000110101000000
111111111111111111111111000110010000000
111111111111111111111111000101111000000
111111111111111111111111000101100000000
111111111111111111111111000101001000000
111111111111111111111111000100110000000
111111111111111111111111000100011000000
111111111111111111111111000100000000000
111111111111111111111111000011101000000
111111111111111111111111000011010000000
111111111111111111111111000010111000000
111111111111111111111111000010100000000
111111111111111111111111000010001000000
111111111111111111111111000001110000000
111111111111111111111111000001011000000
111111111111111111111111000001000000000
111111111111111111111111000000101000000
111111111111111111111111000000010000000
111111111111111111111110111111111000000
111111111111111111111110111111100000000
111111111111111111111110111111001000000
111111111111111111111110111110110000000
111111111111111111111110111110011000000
111111111111111111111110111110000000000
111111111111111111111110111101101000000
111111111111111111111110111101010000000
111111111111111111111110111100111000000
111111111111111111111110111100100000000
111111111111111111111110111100001000000
111111111111111111111110111011110000000
111111111111111111111110111011011000000
111111111111111111111110111011000000000
111111111111111111111110111010101000000
111111111111111111111110111010010000000
111111111111111111111110111001111000000
111111111111111111111110111001100000000
111111111111111111111110111001001000000
111111111111111111111110111000110000000
111111111111111111111110111000011000000
111111111111111111111110111000000000000
111111111111111111111110110111101000000
111111111111111111111110110111010000000
111111111111111111111110110110111000000
111111111111111111111110110110100000000
111111111111111111111110110110001000000
111111111111111111111110110101110000000
111111111111111111111110110101011000000
111111111111111111111110110101000000000
111111111111111111111110110100101000000
111111111111111111111110110100010000000
111111111111111111111110110011111000000
111111111111111111111110110011100000000
111111111111111111111110110011001000000
111111111111111111111110110010110000000
111111111111111111111110110010011000000
111111111111111111111110110010000000000
111111111111111111111110110001101000000
111111111111111111111110110001010000000
111111111111111111111110110000111000000
111111111111111111111110110000100000000
111111111111111111111110110000001000000
111111111111111111111110101111110000000
111111111111111111111110101111011000000
111111111111111111111110101111000000000
111111111111111111111110101110101000000
111111111111111111111110101110010000000
111111111111111111111110101101111000000
111111111111111111111110101101100000000
111111111111111111111110101101001000000
111111111111111111111110101100110000000
111111111111111111111110101100011000000
111111111111111111111110101100000000000
111111111111111111111110101011101000000
111111111111111111111110101011010000000
111111111111111111111110101010111000000
111111111111111111111110101010100000000
111111111111111111111110101010001000000
111111111111111111111110101001110000000
111111111111111111111110101001011000000
111111111111111111111110101001000000000
111111111111111111111110101000101000000
111111111111111111111110101000010000000
111111111111111111111110100111111000000
111111111111111111111110100111100000000
111111111111111111111110100111001000000
111111111111111111111110100110110000000
111111111111111111111110100110011000000
111111111111111111111110100110000000000
111111111111111111111110100101101000000
111111111111111111111110100101010000000
111111111111111111111110100100111000000
111111111111111111111110100100100000000
111111111111111111111110100100001000000
111111111111111111111110100011110000000
111111111111111111111110100011011000000
111111111111111111111110100011000000000
111111111111111111111110100010101000000
111111111111111111111110100010010000000
111111111111111111111110100001111000000
111111111111111111111110100001100000000
111111111111111111111110100001001000000
111111111111111111111110100000110000000
111111111111111111111110100000011000000
