000000000000000000000000000000000000000
111111111111111111111111111111110010001
111111111111111111111111111111100100010
111111111111111111111111111111010110011
111111111111111111111111111111001000100
111111111111111111111111111110111010101
111111111111111111111111111110101100110
111111111111111111111111111110011110111
111111111111111111111111111110010001000
111111111111111111111111111110000011001
111111111111111111111111111101110101010
111111111111111111111111111101100111011
111111111111111111111111111101011001100
111111111111111111111111111101001011101
111111111111111111111111111100111101110
111111111111111111111111111100101111111
111111111111111111111111111100100010000
111111111111111111111111111100010100001
111111111111111111111111111100000110010
111111111111111111111111111011111000011
111111111111111111111111111011101010100
111111111111111111111111111011011100101
111111111111111111111111111011001110110
111111111111111111111111111011000000111
111111111111111111111111111010110011000
111111111111111111111111111010100101001
111111111111111111111111111010010111010
111111111111111111111111111010001001011
111111111111111111111111111001111011100
111111111111111111111111111001101101101
111111111111111111111111111001011111110
111111111111111111111111111001010001111
111111111111111111111111111001000100000
111111111111111111111111111000110110001
111111111111111111111111111000101000010
111111111111111111111111111000011010011
111111111111111111111111111000001100100
111111111111111111111111110111111110101
111111111111111111111111110111110000110
111111111111111111111111110111100010111
111111111111111111111111110111010101000
111111111111111111111111110111000111001
111111111111111111111111110110111001010
111111111111111111111111110110101011011
111111111111111111111111110110011101100
111111111111111111111111110110001111101
111111111111111111111111110110000001110
111111111111111111111111110101110011111
111111111111111111111111110101100110000
111111111111111111111111110101011000001
111111111111111111111111110101001010010
111111111111111111111111110100111100011
111111111111111111111111110100101110100
111111111111111111111111110100100000101
111111111111111111111111110100010010110
111111111111111111111111110100000100111
111111111111111111111111110011110111000
111111111111111111111111110011101001001
111111111111111111111111110011011011010
111111111111111111111111110011001101011
111111111111111111111111110010111111100
111111111111111111111111110010110001101
111111111111111111111111110010100011110
111111111111111111111111110010010101111
111111111111111111111111110010001000000
111111111111111111111111110001111010001
111111111111111111111111110001101100010
111111111111111111111111110001011110011
111111111111111111111111110001010000100
111111111111111111111111110001000010101
111111111111111111111111110000110100110
111111111111111111111111110000100110111
111111111111111111111111110000011001000
111111111111111111111111110000001011001
111111111111111111111111101111111101010
111111111111111111111111101111101111011
111111111111111111111111101111100001100
111111111111111111111111101111010011101
111111111111111111111111101111000101110
111111111111111111111111101110110111111
111111111111111111111111101110101010000
111111111111111111111111101110011100001
111111111111111111111111101110001110010
111111111111111111111111101110000000011
111111111111111111111111101101110010100
111111111111111111111111101101100100101
111111111111111111111111101101010110110
111111111111111111111111101101001000111
111111111111111111111111101100111011000
111111111111111111111111101100101101001
111111111111111111111111101100011111010
111111111111111111111111101100010001011
111111111111111111111111101100000011100
111111111111111111111111101011110101101
111111111111111111111111101011100111110
111111111111111111111111101011011001111
111111111111111111111111101011001100000
111111111111111111111111101010111110001
111111111111111111111111101010110000010
111111111111111111111111101010100010011
111111111111111111111111101010010100100
111111111111111111111111101010000110101
111111111111111111111111101001111000110
111111111111111111111111101001101010111
111111111111111111111111101001011101000
111111111111111111111111101001001111001
111111111111111111111111101001000001010
111111111111111111111111101000110011011
111111111111111111111111101000100101100
111111111111111111111111101000010111101
111111111111111111111111101000001001110
111111111111111111111111100111111011111
111111111111111111111111100111101110000
111111111111111111111111100111100000001
111111111111111111111111100111010010010
111111111111111111111111100111000100011
111111111111111111111111100110110110100
111111111111111111111111100110101000101
111111111111111111111111100110011010110
111111111111111111111111100110001100111
111111111111111111111111100101111111000
111111111111111111111111100101110001001
111111111111111111111111100101100011010
111111111111111111111111100101010101011
111111111111111111111111100101000111100
111111111111111111111111100100111001101
111111111111111111111111100100101011110
111111111111111111111111100100011101111
111111111111111111111111100100010000000
111111111111111111111111100100000010001
111111111111111111111111100011110100010
111111111111111111111111100011100110011
111111111111111111111111100011011000100
111111111111111111111111100011001010101
111111111111111111111111100010111100110
111111111111111111111111100010101110111
111111111111111111111111100010100001000
111111111111111111111111100010010011001
111111111111111111111111100010000101010
111111111111111111111111100001110111011
111111111111111111111111100001101001100
111111111111111111111111100001011011101
111111111111111111111111100001001101110
111111111111111111111111100000111111111
111111111111111111111111100000110010000
111111111111111111111111100000100100001
111111111111111111111111100000010110010
111111111111111111111111100000001000011
111111111111111111111111011111111010100
111111111111111111111111011111101100101
111111111111111111111111011111011110110
111111111111111111111111011111010000111
111111111111111111111111011111000011000
111111111111111111111111011110110101001
111111111111111111111111011110100111010
111111111111111111111111011110011001011
111111111111111111111111011110001011100
111111111111111111111111011101111101101
111111111111111111111111011101101111110
111111111111111111111111011101100001111
111111111111111111111111011101010100000
111111111111111111111111011101000110001
111111111111111111111111011100111000010
111111111111111111111111011100101010011
111111111111111111111111011100011100100
111111111111111111111111011100001110101
111111111111111111111111011100000000110
111111111111111111111111011011110010111
111111111111111111111111011011100101000
111111111111111111111111011011010111001
111111111111111111111111011011001001010
111111111111111111111111011010111011011
111111111111111111111111011010101101100
111111111111111111111111011010011111101
111111111111111111111111011010010001110
111111111111111111111111011010000011111
111111111111111111111111011001110110000
111111111111111111111111011001101000001
111111111111111111111111011001011010010
111111111111111111111111011001001100011
111111111111111111111111011000111110100
111111111111111111111111011000110000101
111111111111111111111111011000100010110
111111111111111111111111011000010100111
111111111111111111111111011000000111000
111111111111111111111111010111111001001
111111111111111111111111010111101011010
111111111111111111111111010111011101011
111111111111111111111111010111001111100
111111111111111111111111010111000001101
111111111111111111111111010110110011110
111111111111111111111111010110100101111
111111111111111111111111010110011000000
111111111111111111111111010110001010001
111111111111111111111111010101111100010
111111111111111111111111010101101110011
111111111111111111111111010101100000100
111111111111111111111111010101010010101
111111111111111111111111010101000100110
111111111111111111111111010100110110111
111111111111111111111111010100101001000
111111111111111111111111010100011011001
111111111111111111111111010100001101010
111111111111111111111111010011111111011
111111111111111111111111010011110001100
111111111111111111111111010011100011101
111111111111111111111111010011010101110
111111111111111111111111010011000111111
111111111111111111111111010010111010000
111111111111111111111111010010101100001
111111111111111111111111010010011110010
111111111111111111111111010010010000011
111111111111111111111111010010000010100
111111111111111111111111010001110100101
111111111111111111111111010001100110110
111111111111111111111111010001011000111
111111111111111111111111010001001011000
111111111111111111111111010000111101001
111111111111111111111111010000101111010
111111111111111111111111010000100001011
111111111111111111111111010000010011100
111111111111111111111111010000000101101
111111111111111111111111001111110111110
111111111111111111111111001111101001111
111111111111111111111111001111011100000
111111111111111111111111001111001110001
111111111111111111111111001111000000010
111111111111111111111111001110110010011
111111111111111111111111001110100100100
111111111111111111111111001110010110101
111111111111111111111111001110001000110
111111111111111111111111001101111010111
111111111111111111111111001101101101000
111111111111111111111111001101011111001
111111111111111111111111001101010001010
111111111111111111111111001101000011011
111111111111111111111111001100110101100
111111111111111111111111001100100111101
111111111111111111111111001100011001110
111111111111111111111111001100001011111
111111111111111111111111001011111110000
111111111111111111111111001011110000001
111111111111111111111111001011100010010
111111111111111111111111001011010100011
111111111111111111111111001011000110100
111111111111111111111111001010111000101
111111111111111111111111001010101010110
111111111111111111111111001010011100111
111111111111111111111111001010001111000
111111111111111111111111001010000001001
111111111111111111111111001001110011010
111111111111111111111111001001100101011
111111111111111111111111001001010111100
111111111111111111111111001001001001101
111111111111111111111111001000111011110
111111111111111111111111001000101101111
