000000000000000000000000000000000000000
000000000000000000000000000000010111001
000000000000000000000000000000101110010
000000000000000000000000000001000101011
000000000000000000000000000001011100100
000000000000000000000000000001110011101
000000000000000000000000000010001010110
000000000000000000000000000010100001111
000000000000000000000000000010111001000
000000000000000000000000000011010000001
000000000000000000000000000011100111010
000000000000000000000000000011111110011
000000000000000000000000000100010101100
000000000000000000000000000100101100101
000000000000000000000000000101000011110
000000000000000000000000000101011010111
000000000000000000000000000101110010000
000000000000000000000000000110001001001
000000000000000000000000000110100000010
000000000000000000000000000110110111011
000000000000000000000000000111001110100
000000000000000000000000000111100101101
000000000000000000000000000111111100110
000000000000000000000000001000010011111
000000000000000000000000001000101011000
000000000000000000000000001001000010001
000000000000000000000000001001011001010
000000000000000000000000001001110000011
000000000000000000000000001010000111100
000000000000000000000000001010011110101
000000000000000000000000001010110101110
000000000000000000000000001011001100111
000000000000000000000000001011100100000
000000000000000000000000001011111011001
000000000000000000000000001100010010010
000000000000000000000000001100101001011
000000000000000000000000001101000000100
000000000000000000000000001101010111101
000000000000000000000000001101101110110
000000000000000000000000001110000101111
000000000000000000000000001110011101000
000000000000000000000000001110110100001
000000000000000000000000001111001011010
000000000000000000000000001111100010011
000000000000000000000000001111111001100
000000000000000000000000010000010000101
000000000000000000000000010000100111110
000000000000000000000000010000111110111
000000000000000000000000010001010110000
000000000000000000000000010001101101001
000000000000000000000000010010000100010
000000000000000000000000010010011011011
000000000000000000000000010010110010100
000000000000000000000000010011001001101
000000000000000000000000010011100000110
000000000000000000000000010011110111111
000000000000000000000000010100001111000
000000000000000000000000010100100110001
000000000000000000000000010100111101010
000000000000000000000000010101010100011
000000000000000000000000010101101011100
000000000000000000000000010110000010101
000000000000000000000000010110011001110
000000000000000000000000010110110000111
000000000000000000000000010111001000000
000000000000000000000000010111011111001
000000000000000000000000010111110110010
000000000000000000000000011000001101011
000000000000000000000000011000100100100
000000000000000000000000011000111011101
000000000000000000000000011001010010110
000000000000000000000000011001101001111
000000000000000000000000011010000001000
000000000000000000000000011010011000001
000000000000000000000000011010101111010
000000000000000000000000011011000110011
000000000000000000000000011011011101100
000000000000000000000000011011110100101
000000000000000000000000011100001011110
000000000000000000000000011100100010111
000000000000000000000000011100111010000
000000000000000000000000011101010001001
000000000000000000000000011101101000010
000000000000000000000000011101111111011
000000000000000000000000011110010110100
000000000000000000000000011110101101101
000000000000000000000000011111000100110
000000000000000000000000011111011011111
000000000000000000000000011111110011000
000000000000000000000000100000001010001
000000000000000000000000100000100001010
000000000000000000000000100000111000011
000000000000000000000000100001001111100
000000000000000000000000100001100110101
000000000000000000000000100001111101110
000000000000000000000000100010010100111
000000000000000000000000100010101100000
000000000000000000000000100011000011001
000000000000000000000000100011011010010
000000000000000000000000100011110001011
000000000000000000000000100100001000100
000000000000000000000000100100011111101
000000000000000000000000100100110110110
000000000000000000000000100101001101111
000000000000000000000000100101100101000
000000000000000000000000100101111100001
000000000000000000000000100110010011010
000000000000000000000000100110101010011
000000000000000000000000100111000001100
000000000000000000000000100111011000101
000000000000000000000000100111101111110
000000000000000000000000101000000110111
000000000000000000000000101000011110000
000000000000000000000000101000110101001
000000000000000000000000101001001100010
000000000000000000000000101001100011011
000000000000000000000000101001111010100
000000000000000000000000101010010001101
000000000000000000000000101010101000110
000000000000000000000000101010111111111
000000000000000000000000101011010111000
000000000000000000000000101011101110001
000000000000000000000000101100000101010
000000000000000000000000101100011100011
000000000000000000000000101100110011100
000000000000000000000000101101001010101
000000000000000000000000101101100001110
000000000000000000000000101101111000111
000000000000000000000000101110010000000
000000000000000000000000101110100111001
000000000000000000000000101110111110010
000000000000000000000000101111010101011
000000000000000000000000101111101100100
000000000000000000000000110000000011101
000000000000000000000000110000011010110
000000000000000000000000110000110001111
000000000000000000000000110001001001000
000000000000000000000000110001100000001
000000000000000000000000110001110111010
000000000000000000000000110010001110011
000000000000000000000000110010100101100
000000000000000000000000110010111100101
000000000000000000000000110011010011110
000000000000000000000000110011101010111
000000000000000000000000110100000010000
000000000000000000000000110100011001001
000000000000000000000000110100110000010
000000000000000000000000110101000111011
000000000000000000000000110101011110100
000000000000000000000000110101110101101
000000000000000000000000110110001100110
000000000000000000000000110110100011111
000000000000000000000000110110111011000
000000000000000000000000110111010010001
000000000000000000000000110111101001010
000000000000000000000000111000000000011
000000000000000000000000111000010111100
000000000000000000000000111000101110101
000000000000000000000000111001000101110
000000000000000000000000111001011100111
000000000000000000000000111001110100000
000000000000000000000000111010001011001
000000000000000000000000111010100010010
000000000000000000000000111010111001011
000000000000000000000000111011010000100
000000000000000000000000111011100111101
000000000000000000000000111011111110110
000000000000000000000000111100010101111
000000000000000000000000111100101101000
000000000000000000000000111101000100001
000000000000000000000000111101011011010
000000000000000000000000111101110010011
000000000000000000000000111110001001100
000000000000000000000000111110100000101
000000000000000000000000111110110111110
000000000000000000000000111111001110111
000000000000000000000000111111100110000
000000000000000000000000111111111101001
000000000000000000000001000000010100010
000000000000000000000001000000101011011
000000000000000000000001000001000010100
000000000000000000000001000001011001101
000000000000000000000001000001110000110
000000000000000000000001000010000111111
000000000000000000000001000010011111000
000000000000000000000001000010110110001
000000000000000000000001000011001101010
000000000000000000000001000011100100011
000000000000000000000001000011111011100
000000000000000000000001000100010010101
000000000000000000000001000100101001110
000000000000000000000001000101000000111
000000000000000000000001000101011000000
000000000000000000000001000101101111001
000000000000000000000001000110000110010
000000000000000000000001000110011101011
000000000000000000000001000110110100100
000000000000000000000001000111001011101
000000000000000000000001000111100010110
000000000000000000000001000111111001111
000000000000000000000001001000010001000
000000000000000000000001001000101000001
000000000000000000000001001000111111010
000000000000000000000001001001010110011
000000000000000000000001001001101101100
000000000000000000000001001010000100101
000000000000000000000001001010011011110
000000000000000000000001001010110010111
000000000000000000000001001011001010000
000000000000000000000001001011100001001
000000000000000000000001001011111000010
000000000000000000000001001100001111011
000000000000000000000001001100100110100
000000000000000000000001001100111101101
000000000000000000000001001101010100110
000000000000000000000001001101101011111
000000000000000000000001001110000011000
000000000000000000000001001110011010001
000000000000000000000001001110110001010
000000000000000000000001001111001000011
000000000000000000000001001111011111100
000000000000000000000001001111110110101
000000000000000000000001010000001101110
000000000000000000000001010000100100111
000000000000000000000001010000111100000
000000000000000000000001010001010011001
000000000000000000000001010001101010010
000000000000000000000001010010000001011
000000000000000000000001010010011000100
000000000000000000000001010010101111101
000000000000000000000001010011000110110
000000000000000000000001010011011101111
000000000000000000000001010011110101000
000000000000000000000001010100001100001
000000000000000000000001010100100011010
000000000000000000000001010100111010011
000000000000000000000001010101010001100
000000000000000000000001010101101000101
000000000000000000000001010101111111110
000000000000000000000001010110010110111
000000000000000000000001010110101110000
000000000000000000000001010111000101001
000000000000000000000001010111011100010
000000000000000000000001010111110011011
000000000000000000000001011000001010100
000000000000000000000001011000100001101
000000000000000000000001011000111000110
000000000000000000000001011001001111111
000000000000000000000001011001100111000
000000000000000000000001011001111110001
000000000000000000000001011010010101010
000000000000000000000001011010101100011
000000000000000000000001011011000011100
000000000000000000000001011011011010101
000000000000000000000001011011110001110
000000000000000000000001011100001000111
