000000000000000000000000000000000000000
111111111111111111111111111111101011001
111111111111111111111111111111010110010
111111111111111111111111111111000001011
111111111111111111111111111110101100100
111111111111111111111111111110010111101
111111111111111111111111111110000010110
111111111111111111111111111101101101111
111111111111111111111111111101011001000
111111111111111111111111111101000100001
111111111111111111111111111100101111010
111111111111111111111111111100011010011
111111111111111111111111111100000101100
111111111111111111111111111011110000101
111111111111111111111111111011011011110
111111111111111111111111111011000110111
111111111111111111111111111010110010000
111111111111111111111111111010011101001
111111111111111111111111111010001000010
111111111111111111111111111001110011011
111111111111111111111111111001011110100
111111111111111111111111111001001001101
111111111111111111111111111000110100110
111111111111111111111111111000011111111
111111111111111111111111111000001011000
111111111111111111111111110111110110001
111111111111111111111111110111100001010
111111111111111111111111110111001100011
111111111111111111111111110110110111100
111111111111111111111111110110100010101
111111111111111111111111110110001101110
111111111111111111111111110101111000111
111111111111111111111111110101100100000
111111111111111111111111110101001111001
111111111111111111111111110100111010010
111111111111111111111111110100100101011
111111111111111111111111110100010000100
111111111111111111111111110011111011101
111111111111111111111111110011100110110
111111111111111111111111110011010001111
111111111111111111111111110010111101000
111111111111111111111111110010101000001
111111111111111111111111110010010011010
111111111111111111111111110001111110011
111111111111111111111111110001101001100
111111111111111111111111110001010100101
111111111111111111111111110000111111110
111111111111111111111111110000101010111
111111111111111111111111110000010110000
111111111111111111111111110000000001001
111111111111111111111111101111101100010
111111111111111111111111101111010111011
111111111111111111111111101111000010100
111111111111111111111111101110101101101
111111111111111111111111101110011000110
111111111111111111111111101110000011111
111111111111111111111111101101101111000
111111111111111111111111101101011010001
111111111111111111111111101101000101010
111111111111111111111111101100110000011
111111111111111111111111101100011011100
111111111111111111111111101100000110101
111111111111111111111111101011110001110
111111111111111111111111101011011100111
111111111111111111111111101011001000000
111111111111111111111111101010110011001
111111111111111111111111101010011110010
111111111111111111111111101010001001011
111111111111111111111111101001110100100
111111111111111111111111101001011111101
111111111111111111111111101001001010110
111111111111111111111111101000110101111
111111111111111111111111101000100001000
111111111111111111111111101000001100001
111111111111111111111111100111110111010
111111111111111111111111100111100010011
111111111111111111111111100111001101100
111111111111111111111111100110111000101
111111111111111111111111100110100011110
111111111111111111111111100110001110111
111111111111111111111111100101111010000
111111111111111111111111100101100101001
111111111111111111111111100101010000010
111111111111111111111111100100111011011
111111111111111111111111100100100110100
111111111111111111111111100100010001101
111111111111111111111111100011111100110
111111111111111111111111100011100111111
111111111111111111111111100011010011000
111111111111111111111111100010111110001
111111111111111111111111100010101001010
111111111111111111111111100010010100011
111111111111111111111111100001111111100
111111111111111111111111100001101010101
111111111111111111111111100001010101110
111111111111111111111111100001000000111
111111111111111111111111100000101100000
111111111111111111111111100000010111001
111111111111111111111111100000000010010
111111111111111111111111011111101101011
111111111111111111111111011111011000100
111111111111111111111111011111000011101
111111111111111111111111011110101110110
111111111111111111111111011110011001111
111111111111111111111111011110000101000
111111111111111111111111011101110000001
111111111111111111111111011101011011010
111111111111111111111111011101000110011
111111111111111111111111011100110001100
111111111111111111111111011100011100101
111111111111111111111111011100000111110
111111111111111111111111011011110010111
111111111111111111111111011011011110000
111111111111111111111111011011001001001
111111111111111111111111011010110100010
111111111111111111111111011010011111011
111111111111111111111111011010001010100
111111111111111111111111011001110101101
111111111111111111111111011001100000110
111111111111111111111111011001001011111
111111111111111111111111011000110111000
111111111111111111111111011000100010001
111111111111111111111111011000001101010
111111111111111111111111010111111000011
111111111111111111111111010111100011100
111111111111111111111111010111001110101
111111111111111111111111010110111001110
111111111111111111111111010110100100111
111111111111111111111111010110010000000
111111111111111111111111010101111011001
111111111111111111111111010101100110010
111111111111111111111111010101010001011
111111111111111111111111010100111100100
111111111111111111111111010100100111101
111111111111111111111111010100010010110
111111111111111111111111010011111101111
111111111111111111111111010011101001000
111111111111111111111111010011010100001
111111111111111111111111010010111111010
111111111111111111111111010010101010011
111111111111111111111111010010010101100
111111111111111111111111010010000000101
111111111111111111111111010001101011110
111111111111111111111111010001010110111
111111111111111111111111010001000010000
111111111111111111111111010000101101001
111111111111111111111111010000011000010
111111111111111111111111010000000011011
111111111111111111111111001111101110100
111111111111111111111111001111011001101
111111111111111111111111001111000100110
111111111111111111111111001110101111111
111111111111111111111111001110011011000
111111111111111111111111001110000110001
111111111111111111111111001101110001010
111111111111111111111111001101011100011
111111111111111111111111001101000111100
111111111111111111111111001100110010101
111111111111111111111111001100011101110
111111111111111111111111001100001000111
111111111111111111111111001011110100000
111111111111111111111111001011011111001
111111111111111111111111001011001010010
111111111111111111111111001010110101011
111111111111111111111111001010100000100
111111111111111111111111001010001011101
111111111111111111111111001001110110110
111111111111111111111111001001100001111
111111111111111111111111001001001101000
111111111111111111111111001000111000001
111111111111111111111111001000100011010
111111111111111111111111001000001110011
111111111111111111111111000111111001100
111111111111111111111111000111100100101
111111111111111111111111000111001111110
111111111111111111111111000110111010111
111111111111111111111111000110100110000
111111111111111111111111000110010001001
111111111111111111111111000101111100010
111111111111111111111111000101100111011
111111111111111111111111000101010010100
111111111111111111111111000100111101101
111111111111111111111111000100101000110
111111111111111111111111000100010011111
111111111111111111111111000011111111000
111111111111111111111111000011101010001
111111111111111111111111000011010101010
111111111111111111111111000011000000011
111111111111111111111111000010101011100
111111111111111111111111000010010110101
111111111111111111111111000010000001110
111111111111111111111111000001101100111
111111111111111111111111000001011000000
111111111111111111111111000001000011001
111111111111111111111111000000101110010
111111111111111111111111000000011001011
111111111111111111111111000000000100100
111111111111111111111110111111101111101
111111111111111111111110111111011010110
111111111111111111111110111111000101111
111111111111111111111110111110110001000
111111111111111111111110111110011100001
111111111111111111111110111110000111010
111111111111111111111110111101110010011
111111111111111111111110111101011101100
111111111111111111111110111101001000101
111111111111111111111110111100110011110
111111111111111111111110111100011110111
111111111111111111111110111100001010000
111111111111111111111110111011110101001
111111111111111111111110111011100000010
111111111111111111111110111011001011011
111111111111111111111110111010110110100
111111111111111111111110111010100001101
111111111111111111111110111010001100110
111111111111111111111110111001110111111
111111111111111111111110111001100011000
111111111111111111111110111001001110001
111111111111111111111110111000111001010
111111111111111111111110111000100100011
111111111111111111111110111000001111100
111111111111111111111110110111111010101
111111111111111111111110110111100101110
111111111111111111111110110111010000111
111111111111111111111110110110111100000
111111111111111111111110110110100111001
111111111111111111111110110110010010010
111111111111111111111110110101111101011
111111111111111111111110110101101000100
111111111111111111111110110101010011101
111111111111111111111110110100111110110
111111111111111111111110110100101001111
111111111111111111111110110100010101000
111111111111111111111110110100000000001
111111111111111111111110110011101011010
111111111111111111111110110011010110011
111111111111111111111110110011000001100
111111111111111111111110110010101100101
111111111111111111111110110010010111110
111111111111111111111110110010000010111
111111111111111111111110110001101110000
111111111111111111111110110001011001001
111111111111111111111110110001000100010
111111111111111111111110110000101111011
111111111111111111111110110000011010100
111111111111111111111110110000000101101
111111111111111111111110101111110000110
111111111111111111111110101111011011111
111111111111111111111110101111000111000
111111111111111111111110101110110010001
111111111111111111111110101110011101010
111111111111111111111110101110001000011
111111111111111111111110101101110011100
111111111111111111111110101101011110101
111111111111111111111110101101001001110
111111111111111111111110101100110100111
