000000000000000000000000000000000000000
111111111111111111111111111111100010111
111111111111111111111111111111000101110
111111111111111111111111111110101000101
111111111111111111111111111110001011100
111111111111111111111111111101101110011
111111111111111111111111111101010001010
111111111111111111111111111100110100001
111111111111111111111111111100010111000
111111111111111111111111111011111001111
111111111111111111111111111011011100110
111111111111111111111111111010111111101
111111111111111111111111111010100010100
111111111111111111111111111010000101011
111111111111111111111111111001101000010
111111111111111111111111111001001011001
111111111111111111111111111000101110000
111111111111111111111111111000010000111
111111111111111111111111110111110011110
111111111111111111111111110111010110101
111111111111111111111111110110111001100
111111111111111111111111110110011100011
111111111111111111111111110101111111010
111111111111111111111111110101100010001
111111111111111111111111110101000101000
111111111111111111111111110100100111111
111111111111111111111111110100001010110
111111111111111111111111110011101101101
111111111111111111111111110011010000100
111111111111111111111111110010110011011
111111111111111111111111110010010110010
111111111111111111111111110001111001001
111111111111111111111111110001011100000
111111111111111111111111110000111110111
111111111111111111111111110000100001110
111111111111111111111111110000000100101
111111111111111111111111101111100111100
111111111111111111111111101111001010011
111111111111111111111111101110101101010
111111111111111111111111101110010000001
111111111111111111111111101101110011000
111111111111111111111111101101010101111
111111111111111111111111101100111000110
111111111111111111111111101100011011101
111111111111111111111111101011111110100
111111111111111111111111101011100001011
111111111111111111111111101011000100010
111111111111111111111111101010100111001
111111111111111111111111101010001010000
111111111111111111111111101001101100111
111111111111111111111111101001001111110
111111111111111111111111101000110010101
111111111111111111111111101000010101100
111111111111111111111111100111111000011
111111111111111111111111100111011011010
111111111111111111111111100110111110001
111111111111111111111111100110100001000
111111111111111111111111100110000011111
111111111111111111111111100101100110110
111111111111111111111111100101001001101
111111111111111111111111100100101100100
111111111111111111111111100100001111011
111111111111111111111111100011110010010
111111111111111111111111100011010101001
111111111111111111111111100010111000000
111111111111111111111111100010011010111
111111111111111111111111100001111101110
111111111111111111111111100001100000101
111111111111111111111111100001000011100
111111111111111111111111100000100110011
111111111111111111111111100000001001010
111111111111111111111111011111101100001
111111111111111111111111011111001111000
111111111111111111111111011110110001111
111111111111111111111111011110010100110
111111111111111111111111011101110111101
111111111111111111111111011101011010100
111111111111111111111111011100111101011
111111111111111111111111011100100000010
111111111111111111111111011100000011001
111111111111111111111111011011100110000
111111111111111111111111011011001000111
111111111111111111111111011010101011110
111111111111111111111111011010001110101
111111111111111111111111011001110001100
111111111111111111111111011001010100011
111111111111111111111111011000110111010
111111111111111111111111011000011010001
111111111111111111111111010111111101000
111111111111111111111111010111011111111
111111111111111111111111010111000010110
111111111111111111111111010110100101101
111111111111111111111111010110001000100
111111111111111111111111010101101011011
111111111111111111111111010101001110010
111111111111111111111111010100110001001
111111111111111111111111010100010100000
111111111111111111111111010011110110111
111111111111111111111111010011011001110
111111111111111111111111010010111100101
111111111111111111111111010010011111100
111111111111111111111111010010000010011
111111111111111111111111010001100101010
111111111111111111111111010001001000001
111111111111111111111111010000101011000
111111111111111111111111010000001101111
111111111111111111111111001111110000110
111111111111111111111111001111010011101
111111111111111111111111001110110110100
111111111111111111111111001110011001011
111111111111111111111111001101111100010
111111111111111111111111001101011111001
111111111111111111111111001101000010000
111111111111111111111111001100100100111
111111111111111111111111001100000111110
111111111111111111111111001011101010101
111111111111111111111111001011001101100
111111111111111111111111001010110000011
111111111111111111111111001010010011010
111111111111111111111111001001110110001
111111111111111111111111001001011001000
111111111111111111111111001000111011111
111111111111111111111111001000011110110
111111111111111111111111001000000001101
111111111111111111111111000111100100100
111111111111111111111111000111000111011
111111111111111111111111000110101010010
111111111111111111111111000110001101001
111111111111111111111111000101110000000
111111111111111111111111000101010010111
111111111111111111111111000100110101110
111111111111111111111111000100011000101
111111111111111111111111000011111011100
111111111111111111111111000011011110011
111111111111111111111111000011000001010
111111111111111111111111000010100100001
111111111111111111111111000010000111000
111111111111111111111111000001101001111
111111111111111111111111000001001100110
111111111111111111111111000000101111101
111111111111111111111111000000010010100
111111111111111111111110111111110101011
111111111111111111111110111111011000010
111111111111111111111110111110111011001
111111111111111111111110111110011110000
111111111111111111111110111110000000111
111111111111111111111110111101100011110
111111111111111111111110111101000110101
111111111111111111111110111100101001100
111111111111111111111110111100001100011
111111111111111111111110111011101111010
111111111111111111111110111011010010001
111111111111111111111110111010110101000
111111111111111111111110111010010111111
111111111111111111111110111001111010110
111111111111111111111110111001011101101
111111111111111111111110111001000000100
111111111111111111111110111000100011011
111111111111111111111110111000000110010
111111111111111111111110110111101001001
111111111111111111111110110111001100000
111111111111111111111110110110101110111
111111111111111111111110110110010001110
111111111111111111111110110101110100101
111111111111111111111110110101010111100
111111111111111111111110110100111010011
111111111111111111111110110100011101010
111111111111111111111110110100000000001
111111111111111111111110110011100011000
111111111111111111111110110011000101111
111111111111111111111110110010101000110
111111111111111111111110110010001011101
111111111111111111111110110001101110100
111111111111111111111110110001010001011
111111111111111111111110110000110100010
111111111111111111111110110000010111001
111111111111111111111110101111111010000
111111111111111111111110101111011100111
111111111111111111111110101110111111110
111111111111111111111110101110100010101
111111111111111111111110101110000101100
111111111111111111111110101101101000011
111111111111111111111110101101001011010
111111111111111111111110101100101110001
111111111111111111111110101100010001000
111111111111111111111110101011110011111
111111111111111111111110101011010110110
111111111111111111111110101010111001101
111111111111111111111110101010011100100
111111111111111111111110101001111111011
111111111111111111111110101001100010010
111111111111111111111110101001000101001
111111111111111111111110101000101000000
111111111111111111111110101000001010111
111111111111111111111110100111101101110
111111111111111111111110100111010000101
111111111111111111111110100110110011100
111111111111111111111110100110010110011
111111111111111111111110100101111001010
111111111111111111111110100101011100001
111111111111111111111110100100111111000
111111111111111111111110100100100001111
111111111111111111111110100100000100110
111111111111111111111110100011100111101
111111111111111111111110100011001010100
111111111111111111111110100010101101011
111111111111111111111110100010010000010
111111111111111111111110100001110011001
111111111111111111111110100001010110000
111111111111111111111110100000111000111
111111111111111111111110100000011011110
111111111111111111111110011111111110101
111111111111111111111110011111100001100
111111111111111111111110011111000100011
111111111111111111111110011110100111010
111111111111111111111110011110001010001
111111111111111111111110011101101101000
111111111111111111111110011101001111111
111111111111111111111110011100110010110
111111111111111111111110011100010101101
111111111111111111111110011011111000100
111111111111111111111110011011011011011
111111111111111111111110011010111110010
111111111111111111111110011010100001001
111111111111111111111110011010000100000
111111111111111111111110011001100110111
111111111111111111111110011001001001110
111111111111111111111110011000101100101
111111111111111111111110011000001111100
111111111111111111111110010111110010011
111111111111111111111110010111010101010
111111111111111111111110010110111000001
111111111111111111111110010110011011000
111111111111111111111110010101111101111
111111111111111111111110010101100000110
111111111111111111111110010101000011101
111111111111111111111110010100100110100
111111111111111111111110010100001001011
111111111111111111111110010011101100010
111111111111111111111110010011001111001
111111111111111111111110010010110010000
111111111111111111111110010010010100111
111111111111111111111110010001110111110
111111111111111111111110010001011010101
111111111111111111111110010000111101100
111111111111111111111110010000100000011
111111111111111111111110010000000011010
111111111111111111111110001111100110001
111111111111111111111110001111001001000
111111111111111111111110001110101011111
111111111111111111111110001110001110110
111111111111111111111110001101110001101
111111111111111111111110001101010100100
111111111111111111111110001100110111011
111111111111111111111110001100011010010
111111111111111111111110001011111101001
