000000000000000000000000000000000000000
000000000000000000000000000000010100000
000000000000000000000000000000101000000
000000000000000000000000000000111100000
000000000000000000000000000001010000000
000000000000000000000000000001100100000
000000000000000000000000000001111000000
000000000000000000000000000010001100000
000000000000000000000000000010100000000
000000000000000000000000000010110100000
000000000000000000000000000011001000000
000000000000000000000000000011011100000
000000000000000000000000000011110000000
000000000000000000000000000100000100000
000000000000000000000000000100011000000
000000000000000000000000000100101100000
000000000000000000000000000101000000000
000000000000000000000000000101010100000
000000000000000000000000000101101000000
000000000000000000000000000101111100000
000000000000000000000000000110010000000
000000000000000000000000000110100100000
000000000000000000000000000110111000000
000000000000000000000000000111001100000
000000000000000000000000000111100000000
000000000000000000000000000111110100000
000000000000000000000000001000001000000
000000000000000000000000001000011100000
000000000000000000000000001000110000000
000000000000000000000000001001000100000
000000000000000000000000001001011000000
000000000000000000000000001001101100000
000000000000000000000000001010000000000
000000000000000000000000001010010100000
000000000000000000000000001010101000000
000000000000000000000000001010111100000
000000000000000000000000001011010000000
000000000000000000000000001011100100000
000000000000000000000000001011111000000
000000000000000000000000001100001100000
000000000000000000000000001100100000000
000000000000000000000000001100110100000
000000000000000000000000001101001000000
000000000000000000000000001101011100000
000000000000000000000000001101110000000
000000000000000000000000001110000100000
000000000000000000000000001110011000000
000000000000000000000000001110101100000
000000000000000000000000001111000000000
000000000000000000000000001111010100000
000000000000000000000000001111101000000
000000000000000000000000001111111100000
000000000000000000000000010000010000000
000000000000000000000000010000100100000
000000000000000000000000010000111000000
000000000000000000000000010001001100000
000000000000000000000000010001100000000
000000000000000000000000010001110100000
000000000000000000000000010010001000000
000000000000000000000000010010011100000
000000000000000000000000010010110000000
000000000000000000000000010011000100000
000000000000000000000000010011011000000
000000000000000000000000010011101100000
000000000000000000000000010100000000000
000000000000000000000000010100010100000
000000000000000000000000010100101000000
000000000000000000000000010100111100000
000000000000000000000000010101010000000
000000000000000000000000010101100100000
000000000000000000000000010101111000000
000000000000000000000000010110001100000
000000000000000000000000010110100000000
000000000000000000000000010110110100000
000000000000000000000000010111001000000
000000000000000000000000010111011100000
000000000000000000000000010111110000000
000000000000000000000000011000000100000
000000000000000000000000011000011000000
000000000000000000000000011000101100000
000000000000000000000000011001000000000
000000000000000000000000011001010100000
000000000000000000000000011001101000000
000000000000000000000000011001111100000
000000000000000000000000011010010000000
000000000000000000000000011010100100000
000000000000000000000000011010111000000
000000000000000000000000011011001100000
000000000000000000000000011011100000000
000000000000000000000000011011110100000
000000000000000000000000011100001000000
000000000000000000000000011100011100000
000000000000000000000000011100110000000
000000000000000000000000011101000100000
000000000000000000000000011101011000000
000000000000000000000000011101101100000
000000000000000000000000011110000000000
000000000000000000000000011110010100000
000000000000000000000000011110101000000
000000000000000000000000011110111100000
000000000000000000000000011111010000000
000000000000000000000000011111100100000
000000000000000000000000011111111000000
000000000000000000000000100000001100000
000000000000000000000000100000100000000
000000000000000000000000100000110100000
000000000000000000000000100001001000000
000000000000000000000000100001011100000
000000000000000000000000100001110000000
000000000000000000000000100010000100000
000000000000000000000000100010011000000
000000000000000000000000100010101100000
000000000000000000000000100011000000000
000000000000000000000000100011010100000
000000000000000000000000100011101000000
000000000000000000000000100011111100000
000000000000000000000000100100010000000
000000000000000000000000100100100100000
000000000000000000000000100100111000000
000000000000000000000000100101001100000
000000000000000000000000100101100000000
000000000000000000000000100101110100000
000000000000000000000000100110001000000
000000000000000000000000100110011100000
000000000000000000000000100110110000000
000000000000000000000000100111000100000
000000000000000000000000100111011000000
000000000000000000000000100111101100000
000000000000000000000000101000000000000
000000000000000000000000101000010100000
000000000000000000000000101000101000000
000000000000000000000000101000111100000
000000000000000000000000101001010000000
000000000000000000000000101001100100000
000000000000000000000000101001111000000
000000000000000000000000101010001100000
000000000000000000000000101010100000000
000000000000000000000000101010110100000
000000000000000000000000101011001000000
000000000000000000000000101011011100000
000000000000000000000000101011110000000
000000000000000000000000101100000100000
000000000000000000000000101100011000000
000000000000000000000000101100101100000
000000000000000000000000101101000000000
000000000000000000000000101101010100000
000000000000000000000000101101101000000
000000000000000000000000101101111100000
000000000000000000000000101110010000000
000000000000000000000000101110100100000
000000000000000000000000101110111000000
000000000000000000000000101111001100000
000000000000000000000000101111100000000
000000000000000000000000101111110100000
000000000000000000000000110000001000000
000000000000000000000000110000011100000
000000000000000000000000110000110000000
000000000000000000000000110001000100000
000000000000000000000000110001011000000
000000000000000000000000110001101100000
000000000000000000000000110010000000000
000000000000000000000000110010010100000
000000000000000000000000110010101000000
000000000000000000000000110010111100000
000000000000000000000000110011010000000
000000000000000000000000110011100100000
000000000000000000000000110011111000000
000000000000000000000000110100001100000
000000000000000000000000110100100000000
000000000000000000000000110100110100000
000000000000000000000000110101001000000
000000000000000000000000110101011100000
000000000000000000000000110101110000000
000000000000000000000000110110000100000
000000000000000000000000110110011000000
000000000000000000000000110110101100000
000000000000000000000000110111000000000
000000000000000000000000110111010100000
000000000000000000000000110111101000000
000000000000000000000000110111111100000
000000000000000000000000111000010000000
000000000000000000000000111000100100000
000000000000000000000000111000111000000
000000000000000000000000111001001100000
000000000000000000000000111001100000000
000000000000000000000000111001110100000
000000000000000000000000111010001000000
000000000000000000000000111010011100000
000000000000000000000000111010110000000
000000000000000000000000111011000100000
000000000000000000000000111011011000000
000000000000000000000000111011101100000
000000000000000000000000111100000000000
000000000000000000000000111100010100000
000000000000000000000000111100101000000
000000000000000000000000111100111100000
000000000000000000000000111101010000000
000000000000000000000000111101100100000
000000000000000000000000111101111000000
000000000000000000000000111110001100000
000000000000000000000000111110100000000
000000000000000000000000111110110100000
000000000000000000000000111111001000000
000000000000000000000000111111011100000
000000000000000000000000111111110000000
000000000000000000000001000000000100000
000000000000000000000001000000011000000
000000000000000000000001000000101100000
000000000000000000000001000001000000000
000000000000000000000001000001010100000
000000000000000000000001000001101000000
000000000000000000000001000001111100000
000000000000000000000001000010010000000
000000000000000000000001000010100100000
000000000000000000000001000010111000000
000000000000000000000001000011001100000
000000000000000000000001000011100000000
000000000000000000000001000011110100000
000000000000000000000001000100001000000
000000000000000000000001000100011100000
000000000000000000000001000100110000000
000000000000000000000001000101000100000
000000000000000000000001000101011000000
000000000000000000000001000101101100000
000000000000000000000001000110000000000
000000000000000000000001000110010100000
000000000000000000000001000110101000000
000000000000000000000001000110111100000
000000000000000000000001000111010000000
000000000000000000000001000111100100000
000000000000000000000001000111111000000
000000000000000000000001001000001100000
000000000000000000000001001000100000000
000000000000000000000001001000110100000
000000000000000000000001001001001000000
000000000000000000000001001001011100000
000000000000000000000001001001110000000
000000000000000000000001001010000100000
000000000000000000000001001010011000000
000000000000000000000001001010101100000
000000000000000000000001001011000000000
000000000000000000000001001011010100000
000000000000000000000001001011101000000
000000000000000000000001001011111100000
000000000000000000000001001100010000000
000000000000000000000001001100100100000
000000000000000000000001001100111000000
000000000000000000000001001101001100000
000000000000000000000001001101100000000
000000000000000000000001001101110100000
000000000000000000000001001110001000000
000000000000000000000001001110011100000
000000000000000000000001001110110000000
000000000000000000000001001111000100000
000000000000000000000001001111011000000
000000000000000000000001001111101100000
