000000000000000000000000000000000000000
000000000000000000000000000000011110111
000000000000000000000000000000111101110
000000000000000000000000000001011100101
000000000000000000000000000001111011100
000000000000000000000000000010011010011
000000000000000000000000000010111001010
000000000000000000000000000011011000001
000000000000000000000000000011110111000
000000000000000000000000000100010101111
000000000000000000000000000100110100110
000000000000000000000000000101010011101
000000000000000000000000000101110010100
000000000000000000000000000110010001011
000000000000000000000000000110110000010
000000000000000000000000000111001111001
000000000000000000000000000111101110000
000000000000000000000000001000001100111
000000000000000000000000001000101011110
000000000000000000000000001001001010101
000000000000000000000000001001101001100
000000000000000000000000001010001000011
000000000000000000000000001010100111010
000000000000000000000000001011000110001
000000000000000000000000001011100101000
000000000000000000000000001100000011111
000000000000000000000000001100100010110
000000000000000000000000001101000001101
000000000000000000000000001101100000100
000000000000000000000000001101111111011
000000000000000000000000001110011110010
000000000000000000000000001110111101001
000000000000000000000000001111011100000
000000000000000000000000001111111010111
000000000000000000000000010000011001110
000000000000000000000000010000111000101
000000000000000000000000010001010111100
000000000000000000000000010001110110011
000000000000000000000000010010010101010
000000000000000000000000010010110100001
000000000000000000000000010011010011000
000000000000000000000000010011110001111
000000000000000000000000010100010000110
000000000000000000000000010100101111101
000000000000000000000000010101001110100
000000000000000000000000010101101101011
000000000000000000000000010110001100010
000000000000000000000000010110101011001
000000000000000000000000010111001010000
000000000000000000000000010111101000111
000000000000000000000000011000000111110
000000000000000000000000011000100110101
000000000000000000000000011001000101100
000000000000000000000000011001100100011
000000000000000000000000011010000011010
000000000000000000000000011010100010001
000000000000000000000000011011000001000
000000000000000000000000011011011111111
000000000000000000000000011011111110110
000000000000000000000000011100011101101
000000000000000000000000011100111100100
000000000000000000000000011101011011011
000000000000000000000000011101111010010
000000000000000000000000011110011001001
000000000000000000000000011110111000000
000000000000000000000000011111010110111
000000000000000000000000011111110101110
000000000000000000000000100000010100101
000000000000000000000000100000110011100
000000000000000000000000100001010010011
000000000000000000000000100001110001010
000000000000000000000000100010010000001
000000000000000000000000100010101111000
000000000000000000000000100011001101111
000000000000000000000000100011101100110
000000000000000000000000100100001011101
000000000000000000000000100100101010100
000000000000000000000000100101001001011
000000000000000000000000100101101000010
000000000000000000000000100110000111001
000000000000000000000000100110100110000
000000000000000000000000100111000100111
000000000000000000000000100111100011110
000000000000000000000000101000000010101
000000000000000000000000101000100001100
000000000000000000000000101001000000011
000000000000000000000000101001011111010
000000000000000000000000101001111110001
000000000000000000000000101010011101000
000000000000000000000000101010111011111
000000000000000000000000101011011010110
000000000000000000000000101011111001101
000000000000000000000000101100011000100
000000000000000000000000101100110111011
000000000000000000000000101101010110010
000000000000000000000000101101110101001
000000000000000000000000101110010100000
000000000000000000000000101110110010111
000000000000000000000000101111010001110
000000000000000000000000101111110000101
000000000000000000000000110000001111100
000000000000000000000000110000101110011
000000000000000000000000110001001101010
000000000000000000000000110001101100001
000000000000000000000000110010001011000
000000000000000000000000110010101001111
000000000000000000000000110011001000110
000000000000000000000000110011100111101
000000000000000000000000110100000110100
000000000000000000000000110100100101011
000000000000000000000000110101000100010
000000000000000000000000110101100011001
000000000000000000000000110110000010000
000000000000000000000000110110100000111
000000000000000000000000110110111111110
000000000000000000000000110111011110101
000000000000000000000000110111111101100
000000000000000000000000111000011100011
000000000000000000000000111000111011010
000000000000000000000000111001011010001
000000000000000000000000111001111001000
000000000000000000000000111010010111111
000000000000000000000000111010110110110
000000000000000000000000111011010101101
000000000000000000000000111011110100100
000000000000000000000000111100010011011
000000000000000000000000111100110010010
000000000000000000000000111101010001001
000000000000000000000000111101110000000
000000000000000000000000111110001110111
000000000000000000000000111110101101110
000000000000000000000000111111001100101
000000000000000000000000111111101011100
000000000000000000000001000000001010011
000000000000000000000001000000101001010
000000000000000000000001000001001000001
000000000000000000000001000001100111000
000000000000000000000001000010000101111
000000000000000000000001000010100100110
000000000000000000000001000011000011101
000000000000000000000001000011100010100
000000000000000000000001000100000001011
000000000000000000000001000100100000010
000000000000000000000001000100111111001
000000000000000000000001000101011110000
000000000000000000000001000101111100111
000000000000000000000001000110011011110
000000000000000000000001000110111010101
000000000000000000000001000111011001100
000000000000000000000001000111111000011
000000000000000000000001001000010111010
000000000000000000000001001000110110001
000000000000000000000001001001010101000
000000000000000000000001001001110011111
000000000000000000000001001010010010110
000000000000000000000001001010110001101
000000000000000000000001001011010000100
000000000000000000000001001011101111011
000000000000000000000001001100001110010
000000000000000000000001001100101101001
000000000000000000000001001101001100000
000000000000000000000001001101101010111
000000000000000000000001001110001001110
000000000000000000000001001110101000101
000000000000000000000001001111000111100
000000000000000000000001001111100110011
000000000000000000000001010000000101010
000000000000000000000001010000100100001
000000000000000000000001010001000011000
000000000000000000000001010001100001111
000000000000000000000001010010000000110
000000000000000000000001010010011111101
000000000000000000000001010010111110100
000000000000000000000001010011011101011
000000000000000000000001010011111100010
000000000000000000000001010100011011001
000000000000000000000001010100111010000
000000000000000000000001010101011000111
000000000000000000000001010101110111110
000000000000000000000001010110010110101
000000000000000000000001010110110101100
000000000000000000000001010111010100011
000000000000000000000001010111110011010
000000000000000000000001011000010010001
000000000000000000000001011000110001000
000000000000000000000001011001001111111
000000000000000000000001011001101110110
000000000000000000000001011010001101101
000000000000000000000001011010101100100
000000000000000000000001011011001011011
000000000000000000000001011011101010010
000000000000000000000001011100001001001
000000000000000000000001011100101000000
000000000000000000000001011101000110111
000000000000000000000001011101100101110
000000000000000000000001011110000100101
000000000000000000000001011110100011100
000000000000000000000001011111000010011
000000000000000000000001011111100001010
000000000000000000000001100000000000001
000000000000000000000001100000011111000
000000000000000000000001100000111101111
000000000000000000000001100001011100110
000000000000000000000001100001111011101
000000000000000000000001100010011010100
000000000000000000000001100010111001011
000000000000000000000001100011011000010
000000000000000000000001100011110111001
000000000000000000000001100100010110000
000000000000000000000001100100110100111
000000000000000000000001100101010011110
000000000000000000000001100101110010101
000000000000000000000001100110010001100
000000000000000000000001100110110000011
000000000000000000000001100111001111010
000000000000000000000001100111101110001
000000000000000000000001101000001101000
000000000000000000000001101000101011111
000000000000000000000001101001001010110
000000000000000000000001101001101001101
000000000000000000000001101010001000100
000000000000000000000001101010100111011
000000000000000000000001101011000110010
000000000000000000000001101011100101001
000000000000000000000001101100000100000
000000000000000000000001101100100010111
000000000000000000000001101101000001110
000000000000000000000001101101100000101
000000000000000000000001101101111111100
000000000000000000000001101110011110011
000000000000000000000001101110111101010
000000000000000000000001101111011100001
000000000000000000000001101111111011000
000000000000000000000001110000011001111
000000000000000000000001110000111000110
000000000000000000000001110001010111101
000000000000000000000001110001110110100
000000000000000000000001110010010101011
000000000000000000000001110010110100010
000000000000000000000001110011010011001
000000000000000000000001110011110010000
000000000000000000000001110100010000111
000000000000000000000001110100101111110
000000000000000000000001110101001110101
000000000000000000000001110101101101100
000000000000000000000001110110001100011
000000000000000000000001110110101011010
000000000000000000000001110111001010001
000000000000000000000001110111101001000
000000000000000000000001111000000111111
000000000000000000000001111000100110110
000000000000000000000001111001000101101
000000000000000000000001111001100100100
000000000000000000000001111010000011011
000000000000000000000001111010100010010
000000000000000000000001111011000001001
