000000000000000000000000000000000000000
000000000000000000000000000000001010010
000000000000000000000000000000010100100
000000000000000000000000000000011110110
000000000000000000000000000000101001000
000000000000000000000000000000110011010
000000000000000000000000000000111101100
000000000000000000000000000001000111110
000000000000000000000000000001010010000
000000000000000000000000000001011100010
000000000000000000000000000001100110100
000000000000000000000000000001110000110
000000000000000000000000000001111011000
000000000000000000000000000010000101010
000000000000000000000000000010001111100
000000000000000000000000000010011001110
000000000000000000000000000010100100000
000000000000000000000000000010101110010
000000000000000000000000000010111000100
000000000000000000000000000011000010110
000000000000000000000000000011001101000
000000000000000000000000000011010111010
000000000000000000000000000011100001100
000000000000000000000000000011101011110
000000000000000000000000000011110110000
000000000000000000000000000100000000010
000000000000000000000000000100001010100
000000000000000000000000000100010100110
000000000000000000000000000100011111000
000000000000000000000000000100101001010
000000000000000000000000000100110011100
000000000000000000000000000100111101110
000000000000000000000000000101001000000
000000000000000000000000000101010010010
000000000000000000000000000101011100100
000000000000000000000000000101100110110
000000000000000000000000000101110001000
000000000000000000000000000101111011010
000000000000000000000000000110000101100
000000000000000000000000000110001111110
000000000000000000000000000110011010000
000000000000000000000000000110100100010
000000000000000000000000000110101110100
000000000000000000000000000110111000110
000000000000000000000000000111000011000
000000000000000000000000000111001101010
000000000000000000000000000111010111100
000000000000000000000000000111100001110
000000000000000000000000000111101100000
000000000000000000000000000111110110010
000000000000000000000000001000000000100
000000000000000000000000001000001010110
000000000000000000000000001000010101000
000000000000000000000000001000011111010
000000000000000000000000001000101001100
000000000000000000000000001000110011110
000000000000000000000000001000111110000
000000000000000000000000001001001000010
000000000000000000000000001001010010100
000000000000000000000000001001011100110
000000000000000000000000001001100111000
000000000000000000000000001001110001010
000000000000000000000000001001111011100
000000000000000000000000001010000101110
000000000000000000000000001010010000000
000000000000000000000000001010011010010
000000000000000000000000001010100100100
000000000000000000000000001010101110110
000000000000000000000000001010111001000
000000000000000000000000001011000011010
000000000000000000000000001011001101100
000000000000000000000000001011010111110
000000000000000000000000001011100010000
000000000000000000000000001011101100010
000000000000000000000000001011110110100
000000000000000000000000001100000000110
000000000000000000000000001100001011000
000000000000000000000000001100010101010
000000000000000000000000001100011111100
000000000000000000000000001100101001110
000000000000000000000000001100110100000
000000000000000000000000001100111110010
000000000000000000000000001101001000100
000000000000000000000000001101010010110
000000000000000000000000001101011101000
000000000000000000000000001101100111010
000000000000000000000000001101110001100
000000000000000000000000001101111011110
000000000000000000000000001110000110000
000000000000000000000000001110010000010
000000000000000000000000001110011010100
000000000000000000000000001110100100110
000000000000000000000000001110101111000
000000000000000000000000001110111001010
000000000000000000000000001111000011100
000000000000000000000000001111001101110
000000000000000000000000001111011000000
000000000000000000000000001111100010010
000000000000000000000000001111101100100
000000000000000000000000001111110110110
000000000000000000000000010000000001000
000000000000000000000000010000001011010
000000000000000000000000010000010101100
000000000000000000000000010000011111110
000000000000000000000000010000101010000
000000000000000000000000010000110100010
000000000000000000000000010000111110100
000000000000000000000000010001001000110
000000000000000000000000010001010011000
000000000000000000000000010001011101010
000000000000000000000000010001100111100
000000000000000000000000010001110001110
000000000000000000000000010001111100000
000000000000000000000000010010000110010
000000000000000000000000010010010000100
000000000000000000000000010010011010110
000000000000000000000000010010100101000
000000000000000000000000010010101111010
000000000000000000000000010010111001100
000000000000000000000000010011000011110
000000000000000000000000010011001110000
000000000000000000000000010011011000010
000000000000000000000000010011100010100
000000000000000000000000010011101100110
000000000000000000000000010011110111000
000000000000000000000000010100000001010
000000000000000000000000010100001011100
000000000000000000000000010100010101110
000000000000000000000000010100100000000
000000000000000000000000010100101010010
000000000000000000000000010100110100100
000000000000000000000000010100111110110
000000000000000000000000010101001001000
000000000000000000000000010101010011010
000000000000000000000000010101011101100
000000000000000000000000010101100111110
000000000000000000000000010101110010000
000000000000000000000000010101111100010
000000000000000000000000010110000110100
000000000000000000000000010110010000110
000000000000000000000000010110011011000
000000000000000000000000010110100101010
000000000000000000000000010110101111100
000000000000000000000000010110111001110
000000000000000000000000010111000100000
000000000000000000000000010111001110010
000000000000000000000000010111011000100
000000000000000000000000010111100010110
000000000000000000000000010111101101000
000000000000000000000000010111110111010
000000000000000000000000011000000001100
000000000000000000000000011000001011110
000000000000000000000000011000010110000
000000000000000000000000011000100000010
000000000000000000000000011000101010100
000000000000000000000000011000110100110
000000000000000000000000011000111111000
000000000000000000000000011001001001010
000000000000000000000000011001010011100
000000000000000000000000011001011101110
000000000000000000000000011001101000000
000000000000000000000000011001110010010
000000000000000000000000011001111100100
000000000000000000000000011010000110110
000000000000000000000000011010010001000
000000000000000000000000011010011011010
000000000000000000000000011010100101100
000000000000000000000000011010101111110
000000000000000000000000011010111010000
000000000000000000000000011011000100010
000000000000000000000000011011001110100
000000000000000000000000011011011000110
000000000000000000000000011011100011000
000000000000000000000000011011101101010
000000000000000000000000011011110111100
000000000000000000000000011100000001110
000000000000000000000000011100001100000
000000000000000000000000011100010110010
000000000000000000000000011100100000100
000000000000000000000000011100101010110
000000000000000000000000011100110101000
000000000000000000000000011100111111010
000000000000000000000000011101001001100
000000000000000000000000011101010011110
000000000000000000000000011101011110000
000000000000000000000000011101101000010
000000000000000000000000011101110010100
000000000000000000000000011101111100110
000000000000000000000000011110000111000
000000000000000000000000011110010001010
000000000000000000000000011110011011100
000000000000000000000000011110100101110
000000000000000000000000011110110000000
000000000000000000000000011110111010010
000000000000000000000000011111000100100
000000000000000000000000011111001110110
000000000000000000000000011111011001000
000000000000000000000000011111100011010
000000000000000000000000011111101101100
000000000000000000000000011111110111110
000000000000000000000000100000000010000
000000000000000000000000100000001100010
000000000000000000000000100000010110100
000000000000000000000000100000100000110
000000000000000000000000100000101011000
000000000000000000000000100000110101010
000000000000000000000000100000111111100
000000000000000000000000100001001001110
000000000000000000000000100001010100000
000000000000000000000000100001011110010
000000000000000000000000100001101000100
000000000000000000000000100001110010110
000000000000000000000000100001111101000
000000000000000000000000100010000111010
000000000000000000000000100010010001100
000000000000000000000000100010011011110
000000000000000000000000100010100110000
000000000000000000000000100010110000010
000000000000000000000000100010111010100
000000000000000000000000100011000100110
000000000000000000000000100011001111000
000000000000000000000000100011011001010
000000000000000000000000100011100011100
000000000000000000000000100011101101110
000000000000000000000000100011111000000
000000000000000000000000100100000010010
000000000000000000000000100100001100100
000000000000000000000000100100010110110
000000000000000000000000100100100001000
000000000000000000000000100100101011010
000000000000000000000000100100110101100
000000000000000000000000100100111111110
000000000000000000000000100101001010000
000000000000000000000000100101010100010
000000000000000000000000100101011110100
000000000000000000000000100101101000110
000000000000000000000000100101110011000
000000000000000000000000100101111101010
000000000000000000000000100110000111100
000000000000000000000000100110010001110
000000000000000000000000100110011100000
000000000000000000000000100110100110010
000000000000000000000000100110110000100
000000000000000000000000100110111010110
000000000000000000000000100111000101000
000000000000000000000000100111001111010
000000000000000000000000100111011001100
000000000000000000000000100111100011110
000000000000000000000000100111101110000
000000000000000000000000100111111000010
000000000000000000000000101000000010100
000000000000000000000000101000001100110
000000000000000000000000101000010111000
000000000000000000000000101000100001010
000000000000000000000000101000101011100
000000000000000000000000101000110101110
