000000000000000000000000000000000000000
111111111111111111111111111111100010110
111111111111111111111111111111000101100
111111111111111111111111111110101000010
111111111111111111111111111110001011000
111111111111111111111111111101101101110
111111111111111111111111111101010000100
111111111111111111111111111100110011010
111111111111111111111111111100010110000
111111111111111111111111111011111000110
111111111111111111111111111011011011100
111111111111111111111111111010111110010
111111111111111111111111111010100001000
111111111111111111111111111010000011110
111111111111111111111111111001100110100
111111111111111111111111111001001001010
111111111111111111111111111000101100000
111111111111111111111111111000001110110
111111111111111111111111110111110001100
111111111111111111111111110111010100010
111111111111111111111111110110110111000
111111111111111111111111110110011001110
111111111111111111111111110101111100100
111111111111111111111111110101011111010
111111111111111111111111110101000010000
111111111111111111111111110100100100110
111111111111111111111111110100000111100
111111111111111111111111110011101010010
111111111111111111111111110011001101000
111111111111111111111111110010101111110
111111111111111111111111110010010010100
111111111111111111111111110001110101010
111111111111111111111111110001011000000
111111111111111111111111110000111010110
111111111111111111111111110000011101100
111111111111111111111111110000000000010
111111111111111111111111101111100011000
111111111111111111111111101111000101110
111111111111111111111111101110101000100
111111111111111111111111101110001011010
111111111111111111111111101101101110000
111111111111111111111111101101010000110
111111111111111111111111101100110011100
111111111111111111111111101100010110010
111111111111111111111111101011111001000
111111111111111111111111101011011011110
111111111111111111111111101010111110100
111111111111111111111111101010100001010
111111111111111111111111101010000100000
111111111111111111111111101001100110110
111111111111111111111111101001001001100
111111111111111111111111101000101100010
111111111111111111111111101000001111000
111111111111111111111111100111110001110
111111111111111111111111100111010100100
111111111111111111111111100110110111010
111111111111111111111111100110011010000
111111111111111111111111100101111100110
111111111111111111111111100101011111100
111111111111111111111111100101000010010
111111111111111111111111100100100101000
111111111111111111111111100100000111110
111111111111111111111111100011101010100
111111111111111111111111100011001101010
111111111111111111111111100010110000000
111111111111111111111111100010010010110
111111111111111111111111100001110101100
111111111111111111111111100001011000010
111111111111111111111111100000111011000
111111111111111111111111100000011101110
111111111111111111111111100000000000100
111111111111111111111111011111100011010
111111111111111111111111011111000110000
111111111111111111111111011110101000110
111111111111111111111111011110001011100
111111111111111111111111011101101110010
111111111111111111111111011101010001000
111111111111111111111111011100110011110
111111111111111111111111011100010110100
111111111111111111111111011011111001010
111111111111111111111111011011011100000
111111111111111111111111011010111110110
111111111111111111111111011010100001100
111111111111111111111111011010000100010
111111111111111111111111011001100111000
111111111111111111111111011001001001110
111111111111111111111111011000101100100
111111111111111111111111011000001111010
111111111111111111111111010111110010000
111111111111111111111111010111010100110
111111111111111111111111010110110111100
111111111111111111111111010110011010010
111111111111111111111111010101111101000
111111111111111111111111010101011111110
111111111111111111111111010101000010100
111111111111111111111111010100100101010
111111111111111111111111010100001000000
111111111111111111111111010011101010110
111111111111111111111111010011001101100
111111111111111111111111010010110000010
111111111111111111111111010010010011000
111111111111111111111111010001110101110
111111111111111111111111010001011000100
111111111111111111111111010000111011010
111111111111111111111111010000011110000
111111111111111111111111010000000000110
111111111111111111111111001111100011100
111111111111111111111111001111000110010
111111111111111111111111001110101001000
111111111111111111111111001110001011110
111111111111111111111111001101101110100
111111111111111111111111001101010001010
111111111111111111111111001100110100000
111111111111111111111111001100010110110
111111111111111111111111001011111001100
111111111111111111111111001011011100010
111111111111111111111111001010111111000
111111111111111111111111001010100001110
111111111111111111111111001010000100100
111111111111111111111111001001100111010
111111111111111111111111001001001010000
111111111111111111111111001000101100110
111111111111111111111111001000001111100
111111111111111111111111000111110010010
111111111111111111111111000111010101000
111111111111111111111111000110110111110
111111111111111111111111000110011010100
111111111111111111111111000101111101010
111111111111111111111111000101100000000
111111111111111111111111000101000010110
111111111111111111111111000100100101100
111111111111111111111111000100001000010
111111111111111111111111000011101011000
111111111111111111111111000011001101110
111111111111111111111111000010110000100
111111111111111111111111000010010011010
111111111111111111111111000001110110000
111111111111111111111111000001011000110
111111111111111111111111000000111011100
111111111111111111111111000000011110010
111111111111111111111111000000000001000
111111111111111111111110111111100011110
111111111111111111111110111111000110100
111111111111111111111110111110101001010
111111111111111111111110111110001100000
111111111111111111111110111101101110110
111111111111111111111110111101010001100
111111111111111111111110111100110100010
111111111111111111111110111100010111000
111111111111111111111110111011111001110
111111111111111111111110111011011100100
111111111111111111111110111010111111010
111111111111111111111110111010100010000
111111111111111111111110111010000100110
111111111111111111111110111001100111100
111111111111111111111110111001001010010
111111111111111111111110111000101101000
111111111111111111111110111000001111110
111111111111111111111110110111110010100
111111111111111111111110110111010101010
111111111111111111111110110110111000000
111111111111111111111110110110011010110
111111111111111111111110110101111101100
111111111111111111111110110101100000010
111111111111111111111110110101000011000
111111111111111111111110110100100101110
111111111111111111111110110100001000100
111111111111111111111110110011101011010
111111111111111111111110110011001110000
111111111111111111111110110010110000110
111111111111111111111110110010010011100
111111111111111111111110110001110110010
111111111111111111111110110001011001000
111111111111111111111110110000111011110
111111111111111111111110110000011110100
111111111111111111111110110000000001010
111111111111111111111110101111100100000
111111111111111111111110101111000110110
111111111111111111111110101110101001100
111111111111111111111110101110001100010
111111111111111111111110101101101111000
111111111111111111111110101101010001110
111111111111111111111110101100110100100
111111111111111111111110101100010111010
111111111111111111111110101011111010000
111111111111111111111110101011011100110
111111111111111111111110101010111111100
111111111111111111111110101010100010010
111111111111111111111110101010000101000
111111111111111111111110101001100111110
111111111111111111111110101001001010100
111111111111111111111110101000101101010
111111111111111111111110101000010000000
111111111111111111111110100111110010110
111111111111111111111110100111010101100
111111111111111111111110100110111000010
111111111111111111111110100110011011000
111111111111111111111110100101111101110
111111111111111111111110100101100000100
111111111111111111111110100101000011010
111111111111111111111110100100100110000
111111111111111111111110100100001000110
111111111111111111111110100011101011100
111111111111111111111110100011001110010
111111111111111111111110100010110001000
111111111111111111111110100010010011110
111111111111111111111110100001110110100
111111111111111111111110100001011001010
111111111111111111111110100000111100000
111111111111111111111110100000011110110
111111111111111111111110100000000001100
111111111111111111111110011111100100010
111111111111111111111110011111000111000
111111111111111111111110011110101001110
111111111111111111111110011110001100100
111111111111111111111110011101101111010
111111111111111111111110011101010010000
111111111111111111111110011100110100110
111111111111111111111110011100010111100
111111111111111111111110011011111010010
111111111111111111111110011011011101000
111111111111111111111110011010111111110
111111111111111111111110011010100010100
111111111111111111111110011010000101010
111111111111111111111110011001101000000
111111111111111111111110011001001010110
111111111111111111111110011000101101100
111111111111111111111110011000010000010
111111111111111111111110010111110011000
111111111111111111111110010111010101110
111111111111111111111110010110111000100
111111111111111111111110010110011011010
111111111111111111111110010101111110000
111111111111111111111110010101100000110
111111111111111111111110010101000011100
111111111111111111111110010100100110010
111111111111111111111110010100001001000
111111111111111111111110010011101011110
111111111111111111111110010011001110100
111111111111111111111110010010110001010
111111111111111111111110010010010100000
111111111111111111111110010001110110110
111111111111111111111110010001011001100
111111111111111111111110010000111100010
111111111111111111111110010000011111000
111111111111111111111110010000000001110
111111111111111111111110001111100100100
111111111111111111111110001111000111010
111111111111111111111110001110101010000
111111111111111111111110001110001100110
111111111111111111111110001101101111100
111111111111111111111110001101010010010
111111111111111111111110001100110101000
111111111111111111111110001100010111110
111111111111111111111110001011111010100
111111111111111111111110001011011101010
