000000000000000000000000000000000000000
000000000000000000000000000000010101111
000000000000000000000000000000101011110
000000000000000000000000000001000001101
000000000000000000000000000001010111100
000000000000000000000000000001101101011
000000000000000000000000000010000011010
000000000000000000000000000010011001001
000000000000000000000000000010101111000
000000000000000000000000000011000100111
000000000000000000000000000011011010110
000000000000000000000000000011110000101
000000000000000000000000000100000110100
000000000000000000000000000100011100011
000000000000000000000000000100110010010
000000000000000000000000000101001000001
000000000000000000000000000101011110000
000000000000000000000000000101110011111
000000000000000000000000000110001001110
000000000000000000000000000110011111101
000000000000000000000000000110110101100
000000000000000000000000000111001011011
000000000000000000000000000111100001010
000000000000000000000000000111110111001
000000000000000000000000001000001101000
000000000000000000000000001000100010111
000000000000000000000000001000111000110
000000000000000000000000001001001110101
000000000000000000000000001001100100100
000000000000000000000000001001111010011
000000000000000000000000001010010000010
000000000000000000000000001010100110001
000000000000000000000000001010111100000
000000000000000000000000001011010001111
000000000000000000000000001011100111110
000000000000000000000000001011111101101
000000000000000000000000001100010011100
000000000000000000000000001100101001011
000000000000000000000000001100111111010
000000000000000000000000001101010101001
000000000000000000000000001101101011000
000000000000000000000000001110000000111
000000000000000000000000001110010110110
000000000000000000000000001110101100101
000000000000000000000000001111000010100
000000000000000000000000001111011000011
000000000000000000000000001111101110010
000000000000000000000000010000000100001
000000000000000000000000010000011010000
000000000000000000000000010000101111111
000000000000000000000000010001000101110
000000000000000000000000010001011011101
000000000000000000000000010001110001100
000000000000000000000000010010000111011
000000000000000000000000010010011101010
000000000000000000000000010010110011001
000000000000000000000000010011001001000
000000000000000000000000010011011110111
000000000000000000000000010011110100110
000000000000000000000000010100001010101
000000000000000000000000010100100000100
000000000000000000000000010100110110011
000000000000000000000000010101001100010
000000000000000000000000010101100010001
000000000000000000000000010101111000000
000000000000000000000000010110001101111
000000000000000000000000010110100011110
000000000000000000000000010110111001101
000000000000000000000000010111001111100
000000000000000000000000010111100101011
000000000000000000000000010111111011010
000000000000000000000000011000010001001
000000000000000000000000011000100111000
000000000000000000000000011000111100111
000000000000000000000000011001010010110
000000000000000000000000011001101000101
000000000000000000000000011001111110100
000000000000000000000000011010010100011
000000000000000000000000011010101010010
000000000000000000000000011011000000001
000000000000000000000000011011010110000
000000000000000000000000011011101011111
000000000000000000000000011100000001110
000000000000000000000000011100010111101
000000000000000000000000011100101101100
000000000000000000000000011101000011011
000000000000000000000000011101011001010
000000000000000000000000011101101111001
000000000000000000000000011110000101000
000000000000000000000000011110011010111
000000000000000000000000011110110000110
000000000000000000000000011111000110101
000000000000000000000000011111011100100
000000000000000000000000011111110010011
000000000000000000000000100000001000010
000000000000000000000000100000011110001
000000000000000000000000100000110100000
000000000000000000000000100001001001111
000000000000000000000000100001011111110
000000000000000000000000100001110101101
000000000000000000000000100010001011100
000000000000000000000000100010100001011
000000000000000000000000100010110111010
000000000000000000000000100011001101001
000000000000000000000000100011100011000
000000000000000000000000100011111000111
000000000000000000000000100100001110110
000000000000000000000000100100100100101
000000000000000000000000100100111010100
000000000000000000000000100101010000011
000000000000000000000000100101100110010
000000000000000000000000100101111100001
000000000000000000000000100110010010000
000000000000000000000000100110100111111
000000000000000000000000100110111101110
000000000000000000000000100111010011101
000000000000000000000000100111101001100
000000000000000000000000100111111111011
000000000000000000000000101000010101010
000000000000000000000000101000101011001
000000000000000000000000101001000001000
000000000000000000000000101001010110111
000000000000000000000000101001101100110
000000000000000000000000101010000010101
000000000000000000000000101010011000100
000000000000000000000000101010101110011
000000000000000000000000101011000100010
000000000000000000000000101011011010001
000000000000000000000000101011110000000
000000000000000000000000101100000101111
000000000000000000000000101100011011110
000000000000000000000000101100110001101
000000000000000000000000101101000111100
000000000000000000000000101101011101011
000000000000000000000000101101110011010
000000000000000000000000101110001001001
000000000000000000000000101110011111000
000000000000000000000000101110110100111
000000000000000000000000101111001010110
000000000000000000000000101111100000101
000000000000000000000000101111110110100
000000000000000000000000110000001100011
000000000000000000000000110000100010010
000000000000000000000000110000111000001
000000000000000000000000110001001110000
000000000000000000000000110001100011111
000000000000000000000000110001111001110
000000000000000000000000110010001111101
000000000000000000000000110010100101100
000000000000000000000000110010111011011
000000000000000000000000110011010001010
000000000000000000000000110011100111001
000000000000000000000000110011111101000
000000000000000000000000110100010010111
000000000000000000000000110100101000110
000000000000000000000000110100111110101
000000000000000000000000110101010100100
000000000000000000000000110101101010011
000000000000000000000000110110000000010
000000000000000000000000110110010110001
000000000000000000000000110110101100000
000000000000000000000000110111000001111
000000000000000000000000110111010111110
000000000000000000000000110111101101101
000000000000000000000000111000000011100
000000000000000000000000111000011001011
000000000000000000000000111000101111010
000000000000000000000000111001000101001
000000000000000000000000111001011011000
000000000000000000000000111001110000111
000000000000000000000000111010000110110
000000000000000000000000111010011100101
000000000000000000000000111010110010100
000000000000000000000000111011001000011
000000000000000000000000111011011110010
000000000000000000000000111011110100001
000000000000000000000000111100001010000
000000000000000000000000111100011111111
000000000000000000000000111100110101110
000000000000000000000000111101001011101
000000000000000000000000111101100001100
000000000000000000000000111101110111011
000000000000000000000000111110001101010
000000000000000000000000111110100011001
000000000000000000000000111110111001000
000000000000000000000000111111001110111
000000000000000000000000111111100100110
000000000000000000000000111111111010101
000000000000000000000001000000010000100
000000000000000000000001000000100110011
000000000000000000000001000000111100010
000000000000000000000001000001010010001
000000000000000000000001000001101000000
000000000000000000000001000001111101111
000000000000000000000001000010010011110
000000000000000000000001000010101001101
000000000000000000000001000010111111100
000000000000000000000001000011010101011
000000000000000000000001000011101011010
000000000000000000000001000100000001001
000000000000000000000001000100010111000
000000000000000000000001000100101100111
000000000000000000000001000101000010110
000000000000000000000001000101011000101
000000000000000000000001000101101110100
000000000000000000000001000110000100011
000000000000000000000001000110011010010
000000000000000000000001000110110000001
000000000000000000000001000111000110000
000000000000000000000001000111011011111
000000000000000000000001000111110001110
000000000000000000000001001000000111101
000000000000000000000001001000011101100
000000000000000000000001001000110011011
000000000000000000000001001001001001010
000000000000000000000001001001011111001
000000000000000000000001001001110101000
000000000000000000000001001010001010111
000000000000000000000001001010100000110
000000000000000000000001001010110110101
000000000000000000000001001011001100100
000000000000000000000001001011100010011
000000000000000000000001001011111000010
000000000000000000000001001100001110001
000000000000000000000001001100100100000
000000000000000000000001001100111001111
000000000000000000000001001101001111110
000000000000000000000001001101100101101
000000000000000000000001001101111011100
000000000000000000000001001110010001011
000000000000000000000001001110100111010
000000000000000000000001001110111101001
000000000000000000000001001111010011000
000000000000000000000001001111101000111
000000000000000000000001001111111110110
000000000000000000000001010000010100101
000000000000000000000001010000101010100
000000000000000000000001010001000000011
000000000000000000000001010001010110010
000000000000000000000001010001101100001
000000000000000000000001010010000010000
000000000000000000000001010010010111111
000000000000000000000001010010101101110
000000000000000000000001010011000011101
000000000000000000000001010011011001100
000000000000000000000001010011101111011
000000000000000000000001010100000101010
000000000000000000000001010100011011001
000000000000000000000001010100110001000
000000000000000000000001010101000110111
000000000000000000000001010101011100110
000000000000000000000001010101110010101
000000000000000000000001010110001000100
000000000000000000000001010110011110011
000000000000000000000001010110110100010
000000000000000000000001010111001010001
