000000000000000000000000000000000000000
000000000000000000000000000000010111110
000000000000000000000000000000101111100
000000000000000000000000000001000111010
000000000000000000000000000001011111000
000000000000000000000000000001110110110
000000000000000000000000000010001110100
000000000000000000000000000010100110010
000000000000000000000000000010111110000
000000000000000000000000000011010101110
000000000000000000000000000011101101100
000000000000000000000000000100000101010
000000000000000000000000000100011101000
000000000000000000000000000100110100110
000000000000000000000000000101001100100
000000000000000000000000000101100100010
000000000000000000000000000101111100000
000000000000000000000000000110010011110
000000000000000000000000000110101011100
000000000000000000000000000111000011010
000000000000000000000000000111011011000
000000000000000000000000000111110010110
000000000000000000000000001000001010100
000000000000000000000000001000100010010
000000000000000000000000001000111010000
000000000000000000000000001001010001110
000000000000000000000000001001101001100
000000000000000000000000001010000001010
000000000000000000000000001010011001000
000000000000000000000000001010110000110
000000000000000000000000001011001000100
000000000000000000000000001011100000010
000000000000000000000000001011111000000
000000000000000000000000001100001111110
000000000000000000000000001100100111100
000000000000000000000000001100111111010
000000000000000000000000001101010111000
000000000000000000000000001101101110110
000000000000000000000000001110000110100
000000000000000000000000001110011110010
000000000000000000000000001110110110000
000000000000000000000000001111001101110
000000000000000000000000001111100101100
000000000000000000000000001111111101010
000000000000000000000000010000010101000
000000000000000000000000010000101100110
000000000000000000000000010001000100100
000000000000000000000000010001011100010
000000000000000000000000010001110100000
000000000000000000000000010010001011110
000000000000000000000000010010100011100
000000000000000000000000010010111011010
000000000000000000000000010011010011000
000000000000000000000000010011101010110
000000000000000000000000010100000010100
000000000000000000000000010100011010010
000000000000000000000000010100110010000
000000000000000000000000010101001001110
000000000000000000000000010101100001100
000000000000000000000000010101111001010
000000000000000000000000010110010001000
000000000000000000000000010110101000110
000000000000000000000000010111000000100
000000000000000000000000010111011000010
000000000000000000000000010111110000000
000000000000000000000000011000000111110
000000000000000000000000011000011111100
000000000000000000000000011000110111010
000000000000000000000000011001001111000
000000000000000000000000011001100110110
000000000000000000000000011001111110100
000000000000000000000000011010010110010
000000000000000000000000011010101110000
000000000000000000000000011011000101110
000000000000000000000000011011011101100
000000000000000000000000011011110101010
000000000000000000000000011100001101000
000000000000000000000000011100100100110
000000000000000000000000011100111100100
000000000000000000000000011101010100010
000000000000000000000000011101101100000
000000000000000000000000011110000011110
000000000000000000000000011110011011100
000000000000000000000000011110110011010
000000000000000000000000011111001011000
000000000000000000000000011111100010110
000000000000000000000000011111111010100
000000000000000000000000100000010010010
000000000000000000000000100000101010000
000000000000000000000000100001000001110
000000000000000000000000100001011001100
000000000000000000000000100001110001010
000000000000000000000000100010001001000
000000000000000000000000100010100000110
000000000000000000000000100010111000100
000000000000000000000000100011010000010
000000000000000000000000100011101000000
000000000000000000000000100011111111110
000000000000000000000000100100010111100
000000000000000000000000100100101111010
000000000000000000000000100101000111000
000000000000000000000000100101011110110
000000000000000000000000100101110110100
000000000000000000000000100110001110010
000000000000000000000000100110100110000
000000000000000000000000100110111101110
000000000000000000000000100111010101100
000000000000000000000000100111101101010
000000000000000000000000101000000101000
000000000000000000000000101000011100110
000000000000000000000000101000110100100
000000000000000000000000101001001100010
000000000000000000000000101001100100000
000000000000000000000000101001111011110
000000000000000000000000101010010011100
000000000000000000000000101010101011010
000000000000000000000000101011000011000
000000000000000000000000101011011010110
000000000000000000000000101011110010100
000000000000000000000000101100001010010
000000000000000000000000101100100010000
000000000000000000000000101100111001110
000000000000000000000000101101010001100
000000000000000000000000101101101001010
000000000000000000000000101110000001000
000000000000000000000000101110011000110
000000000000000000000000101110110000100
000000000000000000000000101111001000010
000000000000000000000000101111100000000
000000000000000000000000101111110111110
000000000000000000000000110000001111100
000000000000000000000000110000100111010
000000000000000000000000110000111111000
000000000000000000000000110001010110110
000000000000000000000000110001101110100
000000000000000000000000110010000110010
000000000000000000000000110010011110000
000000000000000000000000110010110101110
000000000000000000000000110011001101100
000000000000000000000000110011100101010
000000000000000000000000110011111101000
000000000000000000000000110100010100110
000000000000000000000000110100101100100
000000000000000000000000110101000100010
000000000000000000000000110101011100000
000000000000000000000000110101110011110
000000000000000000000000110110001011100
000000000000000000000000110110100011010
000000000000000000000000110110111011000
000000000000000000000000110111010010110
000000000000000000000000110111101010100
000000000000000000000000111000000010010
000000000000000000000000111000011010000
000000000000000000000000111000110001110
000000000000000000000000111001001001100
000000000000000000000000111001100001010
000000000000000000000000111001111001000
000000000000000000000000111010010000110
000000000000000000000000111010101000100
000000000000000000000000111011000000010
000000000000000000000000111011011000000
000000000000000000000000111011101111110
000000000000000000000000111100000111100
000000000000000000000000111100011111010
000000000000000000000000111100110111000
000000000000000000000000111101001110110
000000000000000000000000111101100110100
000000000000000000000000111101111110010
000000000000000000000000111110010110000
000000000000000000000000111110101101110
000000000000000000000000111111000101100
000000000000000000000000111111011101010
000000000000000000000000111111110101000
000000000000000000000001000000001100110
000000000000000000000001000000100100100
000000000000000000000001000000111100010
000000000000000000000001000001010100000
000000000000000000000001000001101011110
000000000000000000000001000010000011100
000000000000000000000001000010011011010
000000000000000000000001000010110011000
000000000000000000000001000011001010110
000000000000000000000001000011100010100
000000000000000000000001000011111010010
000000000000000000000001000100010010000
000000000000000000000001000100101001110
000000000000000000000001000101000001100
000000000000000000000001000101011001010
000000000000000000000001000101110001000
000000000000000000000001000110001000110
000000000000000000000001000110100000100
000000000000000000000001000110111000010
000000000000000000000001000111010000000
000000000000000000000001000111100111110
000000000000000000000001000111111111100
000000000000000000000001001000010111010
000000000000000000000001001000101111000
000000000000000000000001001001000110110
000000000000000000000001001001011110100
000000000000000000000001001001110110010
000000000000000000000001001010001110000
000000000000000000000001001010100101110
000000000000000000000001001010111101100
000000000000000000000001001011010101010
000000000000000000000001001011101101000
000000000000000000000001001100000100110
000000000000000000000001001100011100100
000000000000000000000001001100110100010
000000000000000000000001001101001100000
000000000000000000000001001101100011110
000000000000000000000001001101111011100
000000000000000000000001001110010011010
000000000000000000000001001110101011000
000000000000000000000001001111000010110
000000000000000000000001001111011010100
000000000000000000000001001111110010010
000000000000000000000001010000001010000
000000000000000000000001010000100001110
000000000000000000000001010000111001100
000000000000000000000001010001010001010
000000000000000000000001010001101001000
000000000000000000000001010010000000110
000000000000000000000001010010011000100
000000000000000000000001010010110000010
000000000000000000000001010011001000000
000000000000000000000001010011011111110
000000000000000000000001010011110111100
000000000000000000000001010100001111010
000000000000000000000001010100100111000
000000000000000000000001010100111110110
000000000000000000000001010101010110100
000000000000000000000001010101101110010
000000000000000000000001010110000110000
000000000000000000000001010110011101110
000000000000000000000001010110110101100
000000000000000000000001010111001101010
000000000000000000000001010111100101000
000000000000000000000001010111111100110
000000000000000000000001011000010100100
000000000000000000000001011000101100010
000000000000000000000001011001000100000
000000000000000000000001011001011011110
000000000000000000000001011001110011100
000000000000000000000001011010001011010
000000000000000000000001011010100011000
000000000000000000000001011010111010110
000000000000000000000001011011010010100
000000000000000000000001011011101010010
000000000000000000000001011100000010000
000000000000000000000001011100011001110
000000000000000000000001011100110001100
000000000000000000000001011101001001010
000000000000000000000001011101100001000
000000000000000000000001011101111000110
000000000000000000000001011110010000100
000000000000000000000001011110101000010
