000000000000000000000000000000000000000
000000000000000000000000000000010101101
000000000000000000000000000000101011010
000000000000000000000000000001000000111
000000000000000000000000000001010110100
000000000000000000000000000001101100001
000000000000000000000000000010000001110
000000000000000000000000000010010111011
000000000000000000000000000010101101000
000000000000000000000000000011000010101
000000000000000000000000000011011000010
000000000000000000000000000011101101111
000000000000000000000000000100000011100
000000000000000000000000000100011001001
000000000000000000000000000100101110110
000000000000000000000000000101000100011
000000000000000000000000000101011010000
000000000000000000000000000101101111101
000000000000000000000000000110000101010
000000000000000000000000000110011010111
000000000000000000000000000110110000100
000000000000000000000000000111000110001
000000000000000000000000000111011011110
000000000000000000000000000111110001011
000000000000000000000000001000000111000
000000000000000000000000001000011100101
000000000000000000000000001000110010010
000000000000000000000000001001000111111
000000000000000000000000001001011101100
000000000000000000000000001001110011001
000000000000000000000000001010001000110
000000000000000000000000001010011110011
000000000000000000000000001010110100000
000000000000000000000000001011001001101
000000000000000000000000001011011111010
000000000000000000000000001011110100111
000000000000000000000000001100001010100
000000000000000000000000001100100000001
000000000000000000000000001100110101110
000000000000000000000000001101001011011
000000000000000000000000001101100001000
000000000000000000000000001101110110101
000000000000000000000000001110001100010
000000000000000000000000001110100001111
000000000000000000000000001110110111100
000000000000000000000000001111001101001
000000000000000000000000001111100010110
000000000000000000000000001111111000011
000000000000000000000000010000001110000
000000000000000000000000010000100011101
000000000000000000000000010000111001010
000000000000000000000000010001001110111
000000000000000000000000010001100100100
000000000000000000000000010001111010001
000000000000000000000000010010001111110
000000000000000000000000010010100101011
000000000000000000000000010010111011000
000000000000000000000000010011010000101
000000000000000000000000010011100110010
000000000000000000000000010011111011111
000000000000000000000000010100010001100
000000000000000000000000010100100111001
000000000000000000000000010100111100110
000000000000000000000000010101010010011
000000000000000000000000010101101000000
000000000000000000000000010101111101101
000000000000000000000000010110010011010
000000000000000000000000010110101000111
000000000000000000000000010110111110100
000000000000000000000000010111010100001
000000000000000000000000010111101001110
000000000000000000000000010111111111011
000000000000000000000000011000010101000
000000000000000000000000011000101010101
000000000000000000000000011001000000010
000000000000000000000000011001010101111
000000000000000000000000011001101011100
000000000000000000000000011010000001001
000000000000000000000000011010010110110
000000000000000000000000011010101100011
000000000000000000000000011011000010000
000000000000000000000000011011010111101
000000000000000000000000011011101101010
000000000000000000000000011100000010111
000000000000000000000000011100011000100
000000000000000000000000011100101110001
000000000000000000000000011101000011110
000000000000000000000000011101011001011
000000000000000000000000011101101111000
000000000000000000000000011110000100101
000000000000000000000000011110011010010
000000000000000000000000011110101111111
000000000000000000000000011111000101100
000000000000000000000000011111011011001
000000000000000000000000011111110000110
000000000000000000000000100000000110011
000000000000000000000000100000011100000
000000000000000000000000100000110001101
000000000000000000000000100001000111010
000000000000000000000000100001011100111
000000000000000000000000100001110010100
000000000000000000000000100010001000001
000000000000000000000000100010011101110
000000000000000000000000100010110011011
000000000000000000000000100011001001000
000000000000000000000000100011011110101
000000000000000000000000100011110100010
000000000000000000000000100100001001111
000000000000000000000000100100011111100
000000000000000000000000100100110101001
000000000000000000000000100101001010110
000000000000000000000000100101100000011
000000000000000000000000100101110110000
000000000000000000000000100110001011101
000000000000000000000000100110100001010
000000000000000000000000100110110110111
000000000000000000000000100111001100100
000000000000000000000000100111100010001
000000000000000000000000100111110111110
000000000000000000000000101000001101011
000000000000000000000000101000100011000
000000000000000000000000101000111000101
000000000000000000000000101001001110010
000000000000000000000000101001100011111
000000000000000000000000101001111001100
000000000000000000000000101010001111001
000000000000000000000000101010100100110
000000000000000000000000101010111010011
000000000000000000000000101011010000000
000000000000000000000000101011100101101
000000000000000000000000101011111011010
000000000000000000000000101100010000111
000000000000000000000000101100100110100
000000000000000000000000101100111100001
000000000000000000000000101101010001110
000000000000000000000000101101100111011
000000000000000000000000101101111101000
000000000000000000000000101110010010101
000000000000000000000000101110101000010
000000000000000000000000101110111101111
000000000000000000000000101111010011100
000000000000000000000000101111101001001
000000000000000000000000101111111110110
000000000000000000000000110000010100011
000000000000000000000000110000101010000
000000000000000000000000110000111111101
000000000000000000000000110001010101010
000000000000000000000000110001101010111
000000000000000000000000110010000000100
000000000000000000000000110010010110001
000000000000000000000000110010101011110
000000000000000000000000110011000001011
000000000000000000000000110011010111000
000000000000000000000000110011101100101
000000000000000000000000110100000010010
000000000000000000000000110100010111111
000000000000000000000000110100101101100
000000000000000000000000110101000011001
000000000000000000000000110101011000110
000000000000000000000000110101101110011
000000000000000000000000110110000100000
000000000000000000000000110110011001101
000000000000000000000000110110101111010
000000000000000000000000110111000100111
000000000000000000000000110111011010100
000000000000000000000000110111110000001
000000000000000000000000111000000101110
000000000000000000000000111000011011011
000000000000000000000000111000110001000
000000000000000000000000111001000110101
000000000000000000000000111001011100010
000000000000000000000000111001110001111
000000000000000000000000111010000111100
000000000000000000000000111010011101001
000000000000000000000000111010110010110
000000000000000000000000111011001000011
000000000000000000000000111011011110000
000000000000000000000000111011110011101
000000000000000000000000111100001001010
000000000000000000000000111100011110111
000000000000000000000000111100110100100
000000000000000000000000111101001010001
000000000000000000000000111101011111110
000000000000000000000000111101110101011
000000000000000000000000111110001011000
000000000000000000000000111110100000101
000000000000000000000000111110110110010
000000000000000000000000111111001011111
000000000000000000000000111111100001100
000000000000000000000000111111110111001
000000000000000000000001000000001100110
000000000000000000000001000000100010011
000000000000000000000001000000111000000
000000000000000000000001000001001101101
000000000000000000000001000001100011010
000000000000000000000001000001111000111
000000000000000000000001000010001110100
000000000000000000000001000010100100001
000000000000000000000001000010111001110
000000000000000000000001000011001111011
000000000000000000000001000011100101000
000000000000000000000001000011111010101
000000000000000000000001000100010000010
000000000000000000000001000100100101111
000000000000000000000001000100111011100
000000000000000000000001000101010001001
000000000000000000000001000101100110110
000000000000000000000001000101111100011
000000000000000000000001000110010010000
000000000000000000000001000110100111101
000000000000000000000001000110111101010
000000000000000000000001000111010010111
000000000000000000000001000111101000100
000000000000000000000001000111111110001
000000000000000000000001001000010011110
000000000000000000000001001000101001011
000000000000000000000001001000111111000
000000000000000000000001001001010100101
000000000000000000000001001001101010010
000000000000000000000001001001111111111
000000000000000000000001001010010101100
000000000000000000000001001010101011001
000000000000000000000001001011000000110
000000000000000000000001001011010110011
000000000000000000000001001011101100000
000000000000000000000001001100000001101
000000000000000000000001001100010111010
000000000000000000000001001100101100111
000000000000000000000001001101000010100
000000000000000000000001001101011000001
000000000000000000000001001101101101110
000000000000000000000001001110000011011
000000000000000000000001001110011001000
000000000000000000000001001110101110101
000000000000000000000001001111000100010
000000000000000000000001001111011001111
000000000000000000000001001111101111100
000000000000000000000001010000000101001
000000000000000000000001010000011010110
000000000000000000000001010000110000011
000000000000000000000001010001000110000
000000000000000000000001010001011011101
000000000000000000000001010001110001010
000000000000000000000001010010000110111
000000000000000000000001010010011100100
000000000000000000000001010010110010001
000000000000000000000001010011000111110
000000000000000000000001010011011101011
000000000000000000000001010011110011000
000000000000000000000001010100001000101
000000000000000000000001010100011110010
000000000000000000000001010100110011111
000000000000000000000001010101001001100
000000000000000000000001010101011111001
000000000000000000000001010101110100110
000000000000000000000001010110001010011
