000000000000000000000000000000000000000
111111111111111111111111111111100000100
111111111111111111111111111111000001000
111111111111111111111111111110100001100
111111111111111111111111111110000010000
111111111111111111111111111101100010100
111111111111111111111111111101000011000
111111111111111111111111111100100011100
111111111111111111111111111100000100000
111111111111111111111111111011100100100
111111111111111111111111111011000101000
111111111111111111111111111010100101100
111111111111111111111111111010000110000
111111111111111111111111111001100110100
111111111111111111111111111001000111000
111111111111111111111111111000100111100
111111111111111111111111111000001000000
111111111111111111111111110111101000100
111111111111111111111111110111001001000
111111111111111111111111110110101001100
111111111111111111111111110110001010000
111111111111111111111111110101101010100
111111111111111111111111110101001011000
111111111111111111111111110100101011100
111111111111111111111111110100001100000
111111111111111111111111110011101100100
111111111111111111111111110011001101000
111111111111111111111111110010101101100
111111111111111111111111110010001110000
111111111111111111111111110001101110100
111111111111111111111111110001001111000
111111111111111111111111110000101111100
111111111111111111111111110000010000000
111111111111111111111111101111110000100
111111111111111111111111101111010001000
111111111111111111111111101110110001100
111111111111111111111111101110010010000
111111111111111111111111101101110010100
111111111111111111111111101101010011000
111111111111111111111111101100110011100
111111111111111111111111101100010100000
111111111111111111111111101011110100100
111111111111111111111111101011010101000
111111111111111111111111101010110101100
111111111111111111111111101010010110000
111111111111111111111111101001110110100
111111111111111111111111101001010111000
111111111111111111111111101000110111100
111111111111111111111111101000011000000
111111111111111111111111100111111000100
111111111111111111111111100111011001000
111111111111111111111111100110111001100
111111111111111111111111100110011010000
111111111111111111111111100101111010100
111111111111111111111111100101011011000
111111111111111111111111100100111011100
111111111111111111111111100100011100000
111111111111111111111111100011111100100
111111111111111111111111100011011101000
111111111111111111111111100010111101100
111111111111111111111111100010011110000
111111111111111111111111100001111110100
111111111111111111111111100001011111000
111111111111111111111111100000111111100
111111111111111111111111100000100000000
111111111111111111111111100000000000100
111111111111111111111111011111100001000
111111111111111111111111011111000001100
111111111111111111111111011110100010000
111111111111111111111111011110000010100
111111111111111111111111011101100011000
111111111111111111111111011101000011100
111111111111111111111111011100100100000
111111111111111111111111011100000100100
111111111111111111111111011011100101000
111111111111111111111111011011000101100
111111111111111111111111011010100110000
111111111111111111111111011010000110100
111111111111111111111111011001100111000
111111111111111111111111011001000111100
111111111111111111111111011000101000000
111111111111111111111111011000001000100
111111111111111111111111010111101001000
111111111111111111111111010111001001100
111111111111111111111111010110101010000
111111111111111111111111010110001010100
111111111111111111111111010101101011000
111111111111111111111111010101001011100
111111111111111111111111010100101100000
111111111111111111111111010100001100100
111111111111111111111111010011101101000
111111111111111111111111010011001101100
111111111111111111111111010010101110000
111111111111111111111111010010001110100
111111111111111111111111010001101111000
111111111111111111111111010001001111100
111111111111111111111111010000110000000
111111111111111111111111010000010000100
111111111111111111111111001111110001000
111111111111111111111111001111010001100
111111111111111111111111001110110010000
111111111111111111111111001110010010100
111111111111111111111111001101110011000
111111111111111111111111001101010011100
111111111111111111111111001100110100000
111111111111111111111111001100010100100
111111111111111111111111001011110101000
111111111111111111111111001011010101100
111111111111111111111111001010110110000
111111111111111111111111001010010110100
111111111111111111111111001001110111000
111111111111111111111111001001010111100
111111111111111111111111001000111000000
111111111111111111111111001000011000100
111111111111111111111111000111111001000
111111111111111111111111000111011001100
111111111111111111111111000110111010000
111111111111111111111111000110011010100
111111111111111111111111000101111011000
111111111111111111111111000101011011100
111111111111111111111111000100111100000
111111111111111111111111000100011100100
111111111111111111111111000011111101000
111111111111111111111111000011011101100
111111111111111111111111000010111110000
111111111111111111111111000010011110100
111111111111111111111111000001111111000
111111111111111111111111000001011111100
111111111111111111111111000001000000000
111111111111111111111111000000100000100
111111111111111111111111000000000001000
111111111111111111111110111111100001100
111111111111111111111110111111000010000
111111111111111111111110111110100010100
111111111111111111111110111110000011000
111111111111111111111110111101100011100
111111111111111111111110111101000100000
111111111111111111111110111100100100100
111111111111111111111110111100000101000
111111111111111111111110111011100101100
111111111111111111111110111011000110000
111111111111111111111110111010100110100
111111111111111111111110111010000111000
111111111111111111111110111001100111100
111111111111111111111110111001001000000
111111111111111111111110111000101000100
111111111111111111111110111000001001000
111111111111111111111110110111101001100
111111111111111111111110110111001010000
111111111111111111111110110110101010100
111111111111111111111110110110001011000
111111111111111111111110110101101011100
111111111111111111111110110101001100000
111111111111111111111110110100101100100
111111111111111111111110110100001101000
111111111111111111111110110011101101100
111111111111111111111110110011001110000
111111111111111111111110110010101110100
111111111111111111111110110010001111000
111111111111111111111110110001101111100
111111111111111111111110110001010000000
111111111111111111111110110000110000100
111111111111111111111110110000010001000
111111111111111111111110101111110001100
111111111111111111111110101111010010000
111111111111111111111110101110110010100
111111111111111111111110101110010011000
111111111111111111111110101101110011100
111111111111111111111110101101010100000
111111111111111111111110101100110100100
111111111111111111111110101100010101000
111111111111111111111110101011110101100
111111111111111111111110101011010110000
111111111111111111111110101010110110100
111111111111111111111110101010010111000
111111111111111111111110101001110111100
111111111111111111111110101001011000000
111111111111111111111110101000111000100
111111111111111111111110101000011001000
111111111111111111111110100111111001100
111111111111111111111110100111011010000
111111111111111111111110100110111010100
111111111111111111111110100110011011000
111111111111111111111110100101111011100
111111111111111111111110100101011100000
111111111111111111111110100100111100100
111111111111111111111110100100011101000
111111111111111111111110100011111101100
111111111111111111111110100011011110000
111111111111111111111110100010111110100
111111111111111111111110100010011111000
111111111111111111111110100001111111100
111111111111111111111110100001100000000
111111111111111111111110100001000000100
111111111111111111111110100000100001000
111111111111111111111110100000000001100
111111111111111111111110011111100010000
111111111111111111111110011111000010100
111111111111111111111110011110100011000
111111111111111111111110011110000011100
111111111111111111111110011101100100000
111111111111111111111110011101000100100
111111111111111111111110011100100101000
111111111111111111111110011100000101100
111111111111111111111110011011100110000
111111111111111111111110011011000110100
111111111111111111111110011010100111000
111111111111111111111110011010000111100
111111111111111111111110011001101000000
111111111111111111111110011001001000100
111111111111111111111110011000101001000
111111111111111111111110011000001001100
111111111111111111111110010111101010000
111111111111111111111110010111001010100
111111111111111111111110010110101011000
111111111111111111111110010110001011100
111111111111111111111110010101101100000
111111111111111111111110010101001100100
111111111111111111111110010100101101000
111111111111111111111110010100001101100
111111111111111111111110010011101110000
111111111111111111111110010011001110100
111111111111111111111110010010101111000
111111111111111111111110010010001111100
111111111111111111111110010001110000000
111111111111111111111110010001010000100
111111111111111111111110010000110001000
111111111111111111111110010000010001100
111111111111111111111110001111110010000
111111111111111111111110001111010010100
111111111111111111111110001110110011000
111111111111111111111110001110010011100
111111111111111111111110001101110100000
111111111111111111111110001101010100100
111111111111111111111110001100110101000
111111111111111111111110001100010101100
111111111111111111111110001011110110000
111111111111111111111110001011010110100
111111111111111111111110001010110111000
111111111111111111111110001010010111100
111111111111111111111110001001111000000
111111111111111111111110001001011000100
111111111111111111111110001000111001000
111111111111111111111110001000011001100
111111111111111111111110000111111010000
111111111111111111111110000111011010100
111111111111111111111110000110111011000
111111111111111111111110000110011011100
111111111111111111111110000101111100000
111111111111111111111110000101011100100
111111111111111111111110000100111101000
111111111111111111111110000100011101100
111111111111111111111110000011111110000
111111111111111111111110000011011110100
111111111111111111111110000010111111000
111111111111111111111110000010011111100
