000000000000000000000000000000000000000
111111111111111111111111111111101101001
111111111111111111111111111111011010010
111111111111111111111111111111000111011
111111111111111111111111111110110100100
111111111111111111111111111110100001101
111111111111111111111111111110001110110
111111111111111111111111111101111011111
111111111111111111111111111101101001000
111111111111111111111111111101010110001
111111111111111111111111111101000011010
111111111111111111111111111100110000011
111111111111111111111111111100011101100
111111111111111111111111111100001010101
111111111111111111111111111011110111110
111111111111111111111111111011100100111
111111111111111111111111111011010010000
111111111111111111111111111010111111001
111111111111111111111111111010101100010
111111111111111111111111111010011001011
111111111111111111111111111010000110100
111111111111111111111111111001110011101
111111111111111111111111111001100000110
111111111111111111111111111001001101111
111111111111111111111111111000111011000
111111111111111111111111111000101000001
111111111111111111111111111000010101010
111111111111111111111111111000000010011
111111111111111111111111110111101111100
111111111111111111111111110111011100101
111111111111111111111111110111001001110
111111111111111111111111110110110110111
111111111111111111111111110110100100000
111111111111111111111111110110010001001
111111111111111111111111110101111110010
111111111111111111111111110101101011011
111111111111111111111111110101011000100
111111111111111111111111110101000101101
111111111111111111111111110100110010110
111111111111111111111111110100011111111
111111111111111111111111110100001101000
111111111111111111111111110011111010001
111111111111111111111111110011100111010
111111111111111111111111110011010100011
111111111111111111111111110011000001100
111111111111111111111111110010101110101
111111111111111111111111110010011011110
111111111111111111111111110010001000111
111111111111111111111111110001110110000
111111111111111111111111110001100011001
111111111111111111111111110001010000010
111111111111111111111111110000111101011
111111111111111111111111110000101010100
111111111111111111111111110000010111101
111111111111111111111111110000000100110
111111111111111111111111101111110001111
111111111111111111111111101111011111000
111111111111111111111111101111001100001
111111111111111111111111101110111001010
111111111111111111111111101110100110011
111111111111111111111111101110010011100
111111111111111111111111101110000000101
111111111111111111111111101101101101110
111111111111111111111111101101011010111
111111111111111111111111101101001000000
111111111111111111111111101100110101001
111111111111111111111111101100100010010
111111111111111111111111101100001111011
111111111111111111111111101011111100100
111111111111111111111111101011101001101
111111111111111111111111101011010110110
111111111111111111111111101011000011111
111111111111111111111111101010110001000
111111111111111111111111101010011110001
111111111111111111111111101010001011010
111111111111111111111111101001111000011
111111111111111111111111101001100101100
111111111111111111111111101001010010101
111111111111111111111111101000111111110
111111111111111111111111101000101100111
111111111111111111111111101000011010000
111111111111111111111111101000000111001
111111111111111111111111100111110100010
111111111111111111111111100111100001011
111111111111111111111111100111001110100
111111111111111111111111100110111011101
111111111111111111111111100110101000110
111111111111111111111111100110010101111
111111111111111111111111100110000011000
111111111111111111111111100101110000001
111111111111111111111111100101011101010
111111111111111111111111100101001010011
111111111111111111111111100100110111100
111111111111111111111111100100100100101
111111111111111111111111100100010001110
111111111111111111111111100011111110111
111111111111111111111111100011101100000
111111111111111111111111100011011001001
111111111111111111111111100011000110010
111111111111111111111111100010110011011
111111111111111111111111100010100000100
111111111111111111111111100010001101101
111111111111111111111111100001111010110
111111111111111111111111100001100111111
111111111111111111111111100001010101000
111111111111111111111111100001000010001
111111111111111111111111100000101111010
111111111111111111111111100000011100011
111111111111111111111111100000001001100
111111111111111111111111011111110110101
111111111111111111111111011111100011110
111111111111111111111111011111010000111
111111111111111111111111011110111110000
111111111111111111111111011110101011001
111111111111111111111111011110011000010
111111111111111111111111011110000101011
111111111111111111111111011101110010100
111111111111111111111111011101011111101
111111111111111111111111011101001100110
111111111111111111111111011100111001111
111111111111111111111111011100100111000
111111111111111111111111011100010100001
111111111111111111111111011100000001010
111111111111111111111111011011101110011
111111111111111111111111011011011011100
111111111111111111111111011011001000101
111111111111111111111111011010110101110
111111111111111111111111011010100010111
111111111111111111111111011010010000000
111111111111111111111111011001111101001
111111111111111111111111011001101010010
111111111111111111111111011001010111011
111111111111111111111111011001000100100
111111111111111111111111011000110001101
111111111111111111111111011000011110110
111111111111111111111111011000001011111
111111111111111111111111010111111001000
111111111111111111111111010111100110001
111111111111111111111111010111010011010
111111111111111111111111010111000000011
111111111111111111111111010110101101100
111111111111111111111111010110011010101
111111111111111111111111010110000111110
111111111111111111111111010101110100111
111111111111111111111111010101100010000
111111111111111111111111010101001111001
111111111111111111111111010100111100010
111111111111111111111111010100101001011
111111111111111111111111010100010110100
111111111111111111111111010100000011101
111111111111111111111111010011110000110
111111111111111111111111010011011101111
111111111111111111111111010011001011000
111111111111111111111111010010111000001
111111111111111111111111010010100101010
111111111111111111111111010010010010011
111111111111111111111111010001111111100
111111111111111111111111010001101100101
111111111111111111111111010001011001110
111111111111111111111111010001000110111
111111111111111111111111010000110100000
111111111111111111111111010000100001001
111111111111111111111111010000001110010
111111111111111111111111001111111011011
111111111111111111111111001111101000100
111111111111111111111111001111010101101
111111111111111111111111001111000010110
111111111111111111111111001110101111111
111111111111111111111111001110011101000
111111111111111111111111001110001010001
111111111111111111111111001101110111010
111111111111111111111111001101100100011
111111111111111111111111001101010001100
111111111111111111111111001100111110101
111111111111111111111111001100101011110
111111111111111111111111001100011000111
111111111111111111111111001100000110000
111111111111111111111111001011110011001
111111111111111111111111001011100000010
111111111111111111111111001011001101011
111111111111111111111111001010111010100
111111111111111111111111001010100111101
111111111111111111111111001010010100110
111111111111111111111111001010000001111
111111111111111111111111001001101111000
111111111111111111111111001001011100001
111111111111111111111111001001001001010
111111111111111111111111001000110110011
111111111111111111111111001000100011100
111111111111111111111111001000010000101
111111111111111111111111000111111101110
111111111111111111111111000111101010111
111111111111111111111111000111011000000
111111111111111111111111000111000101001
111111111111111111111111000110110010010
111111111111111111111111000110011111011
111111111111111111111111000110001100100
111111111111111111111111000101111001101
111111111111111111111111000101100110110
111111111111111111111111000101010011111
111111111111111111111111000101000001000
111111111111111111111111000100101110001
111111111111111111111111000100011011010
111111111111111111111111000100001000011
111111111111111111111111000011110101100
111111111111111111111111000011100010101
111111111111111111111111000011001111110
111111111111111111111111000010111100111
111111111111111111111111000010101010000
111111111111111111111111000010010111001
111111111111111111111111000010000100010
111111111111111111111111000001110001011
111111111111111111111111000001011110100
111111111111111111111111000001001011101
111111111111111111111111000000111000110
111111111111111111111111000000100101111
111111111111111111111111000000010011000
111111111111111111111111000000000000001
111111111111111111111110111111101101010
111111111111111111111110111111011010011
111111111111111111111110111111000111100
111111111111111111111110111110110100101
111111111111111111111110111110100001110
111111111111111111111110111110001110111
111111111111111111111110111101111100000
111111111111111111111110111101101001001
111111111111111111111110111101010110010
111111111111111111111110111101000011011
111111111111111111111110111100110000100
111111111111111111111110111100011101101
111111111111111111111110111100001010110
111111111111111111111110111011110111111
111111111111111111111110111011100101000
111111111111111111111110111011010010001
111111111111111111111110111010111111010
111111111111111111111110111010101100011
111111111111111111111110111010011001100
111111111111111111111110111010000110101
111111111111111111111110111001110011110
111111111111111111111110111001100000111
111111111111111111111110111001001110000
111111111111111111111110111000111011001
111111111111111111111110111000101000010
111111111111111111111110111000010101011
111111111111111111111110111000000010100
111111111111111111111110110111101111101
111111111111111111111110110111011100110
111111111111111111111110110111001001111
111111111111111111111110110110110111000
111111111111111111111110110110100100001
111111111111111111111110110110010001010
111111111111111111111110110101111110011
111111111111111111111110110101101011100
111111111111111111111110110101011000101
111111111111111111111110110101000101110
111111111111111111111110110100110010111
