000000000000000000000000000000000000000
000000000000000000000000000000001011110
000000000000000000000000000000010111100
000000000000000000000000000000100011010
000000000000000000000000000000101111000
000000000000000000000000000000111010110
000000000000000000000000000001000110100
000000000000000000000000000001010010010
000000000000000000000000000001011110000
000000000000000000000000000001101001110
000000000000000000000000000001110101100
000000000000000000000000000010000001010
000000000000000000000000000010001101000
000000000000000000000000000010011000110
000000000000000000000000000010100100100
000000000000000000000000000010110000010
000000000000000000000000000010111100000
000000000000000000000000000011000111110
000000000000000000000000000011010011100
000000000000000000000000000011011111010
000000000000000000000000000011101011000
000000000000000000000000000011110110110
000000000000000000000000000100000010100
000000000000000000000000000100001110010
000000000000000000000000000100011010000
000000000000000000000000000100100101110
000000000000000000000000000100110001100
000000000000000000000000000100111101010
000000000000000000000000000101001001000
000000000000000000000000000101010100110
000000000000000000000000000101100000100
000000000000000000000000000101101100010
000000000000000000000000000101111000000
000000000000000000000000000110000011110
000000000000000000000000000110001111100
000000000000000000000000000110011011010
000000000000000000000000000110100111000
000000000000000000000000000110110010110
000000000000000000000000000110111110100
000000000000000000000000000111001010010
000000000000000000000000000111010110000
000000000000000000000000000111100001110
000000000000000000000000000111101101100
000000000000000000000000000111111001010
000000000000000000000000001000000101000
000000000000000000000000001000010000110
000000000000000000000000001000011100100
000000000000000000000000001000101000010
000000000000000000000000001000110100000
000000000000000000000000001000111111110
000000000000000000000000001001001011100
000000000000000000000000001001010111010
000000000000000000000000001001100011000
000000000000000000000000001001101110110
000000000000000000000000001001111010100
000000000000000000000000001010000110010
000000000000000000000000001010010010000
000000000000000000000000001010011101110
000000000000000000000000001010101001100
000000000000000000000000001010110101010
000000000000000000000000001011000001000
000000000000000000000000001011001100110
000000000000000000000000001011011000100
000000000000000000000000001011100100010
000000000000000000000000001011110000000
000000000000000000000000001011111011110
000000000000000000000000001100000111100
000000000000000000000000001100010011010
000000000000000000000000001100011111000
000000000000000000000000001100101010110
000000000000000000000000001100110110100
000000000000000000000000001101000010010
000000000000000000000000001101001110000
000000000000000000000000001101011001110
000000000000000000000000001101100101100
000000000000000000000000001101110001010
000000000000000000000000001101111101000
000000000000000000000000001110001000110
000000000000000000000000001110010100100
000000000000000000000000001110100000010
000000000000000000000000001110101100000
000000000000000000000000001110110111110
000000000000000000000000001111000011100
000000000000000000000000001111001111010
000000000000000000000000001111011011000
000000000000000000000000001111100110110
000000000000000000000000001111110010100
000000000000000000000000001111111110010
000000000000000000000000010000001010000
000000000000000000000000010000010101110
000000000000000000000000010000100001100
000000000000000000000000010000101101010
000000000000000000000000010000111001000
000000000000000000000000010001000100110
000000000000000000000000010001010000100
000000000000000000000000010001011100010
000000000000000000000000010001101000000
000000000000000000000000010001110011110
000000000000000000000000010001111111100
000000000000000000000000010010001011010
000000000000000000000000010010010111000
000000000000000000000000010010100010110
000000000000000000000000010010101110100
000000000000000000000000010010111010010
000000000000000000000000010011000110000
000000000000000000000000010011010001110
000000000000000000000000010011011101100
000000000000000000000000010011101001010
000000000000000000000000010011110101000
000000000000000000000000010100000000110
000000000000000000000000010100001100100
000000000000000000000000010100011000010
000000000000000000000000010100100100000
000000000000000000000000010100101111110
000000000000000000000000010100111011100
000000000000000000000000010101000111010
000000000000000000000000010101010011000
000000000000000000000000010101011110110
000000000000000000000000010101101010100
000000000000000000000000010101110110010
000000000000000000000000010110000010000
000000000000000000000000010110001101110
000000000000000000000000010110011001100
000000000000000000000000010110100101010
000000000000000000000000010110110001000
000000000000000000000000010110111100110
000000000000000000000000010111001000100
000000000000000000000000010111010100010
000000000000000000000000010111100000000
000000000000000000000000010111101011110
000000000000000000000000010111110111100
000000000000000000000000011000000011010
000000000000000000000000011000001111000
000000000000000000000000011000011010110
000000000000000000000000011000100110100
000000000000000000000000011000110010010
000000000000000000000000011000111110000
000000000000000000000000011001001001110
000000000000000000000000011001010101100
000000000000000000000000011001100001010
000000000000000000000000011001101101000
000000000000000000000000011001111000110
000000000000000000000000011010000100100
000000000000000000000000011010010000010
000000000000000000000000011010011100000
000000000000000000000000011010100111110
000000000000000000000000011010110011100
000000000000000000000000011010111111010
000000000000000000000000011011001011000
000000000000000000000000011011010110110
000000000000000000000000011011100010100
000000000000000000000000011011101110010
000000000000000000000000011011111010000
000000000000000000000000011100000101110
000000000000000000000000011100010001100
000000000000000000000000011100011101010
000000000000000000000000011100101001000
000000000000000000000000011100110100110
000000000000000000000000011101000000100
000000000000000000000000011101001100010
000000000000000000000000011101011000000
000000000000000000000000011101100011110
000000000000000000000000011101101111100
000000000000000000000000011101111011010
000000000000000000000000011110000111000
000000000000000000000000011110010010110
000000000000000000000000011110011110100
000000000000000000000000011110101010010
000000000000000000000000011110110110000
000000000000000000000000011111000001110
000000000000000000000000011111001101100
000000000000000000000000011111011001010
000000000000000000000000011111100101000
000000000000000000000000011111110000110
000000000000000000000000011111111100100
000000000000000000000000100000001000010
000000000000000000000000100000010100000
000000000000000000000000100000011111110
000000000000000000000000100000101011100
000000000000000000000000100000110111010
000000000000000000000000100001000011000
000000000000000000000000100001001110110
000000000000000000000000100001011010100
000000000000000000000000100001100110010
000000000000000000000000100001110010000
000000000000000000000000100001111101110
000000000000000000000000100010001001100
000000000000000000000000100010010101010
000000000000000000000000100010100001000
000000000000000000000000100010101100110
000000000000000000000000100010111000100
000000000000000000000000100011000100010
000000000000000000000000100011010000000
000000000000000000000000100011011011110
000000000000000000000000100011100111100
000000000000000000000000100011110011010
000000000000000000000000100011111111000
000000000000000000000000100100001010110
000000000000000000000000100100010110100
000000000000000000000000100100100010010
000000000000000000000000100100101110000
000000000000000000000000100100111001110
000000000000000000000000100101000101100
000000000000000000000000100101010001010
000000000000000000000000100101011101000
000000000000000000000000100101101000110
000000000000000000000000100101110100100
000000000000000000000000100110000000010
000000000000000000000000100110001100000
000000000000000000000000100110010111110
000000000000000000000000100110100011100
000000000000000000000000100110101111010
000000000000000000000000100110111011000
000000000000000000000000100111000110110
000000000000000000000000100111010010100
000000000000000000000000100111011110010
000000000000000000000000100111101010000
000000000000000000000000100111110101110
000000000000000000000000101000000001100
000000000000000000000000101000001101010
000000000000000000000000101000011001000
000000000000000000000000101000100100110
000000000000000000000000101000110000100
000000000000000000000000101000111100010
000000000000000000000000101001001000000
000000000000000000000000101001010011110
000000000000000000000000101001011111100
000000000000000000000000101001101011010
000000000000000000000000101001110111000
000000000000000000000000101010000010110
000000000000000000000000101010001110100
000000000000000000000000101010011010010
000000000000000000000000101010100110000
000000000000000000000000101010110001110
000000000000000000000000101010111101100
000000000000000000000000101011001001010
000000000000000000000000101011010101000
000000000000000000000000101011100000110
000000000000000000000000101011101100100
000000000000000000000000101011111000010
000000000000000000000000101100000100000
000000000000000000000000101100001111110
000000000000000000000000101100011011100
000000000000000000000000101100100111010
000000000000000000000000101100110011000
000000000000000000000000101100111110110
000000000000000000000000101101001010100
000000000000000000000000101101010110010
000000000000000000000000101101100010000
000000000000000000000000101101101101110
000000000000000000000000101101111001100
000000000000000000000000101110000101010
000000000000000000000000101110010001000
000000000000000000000000101110011100110
000000000000000000000000101110101000100
000000000000000000000000101110110100010
