000000000000000000000000000000000000000
111111111111111111111111111111101101010
111111111111111111111111111111011010100
111111111111111111111111111111000111110
111111111111111111111111111110110101000
111111111111111111111111111110100010010
111111111111111111111111111110001111100
111111111111111111111111111101111100110
111111111111111111111111111101101010000
111111111111111111111111111101010111010
111111111111111111111111111101000100100
111111111111111111111111111100110001110
111111111111111111111111111100011111000
111111111111111111111111111100001100010
111111111111111111111111111011111001100
111111111111111111111111111011100110110
111111111111111111111111111011010100000
111111111111111111111111111011000001010
111111111111111111111111111010101110100
111111111111111111111111111010011011110
111111111111111111111111111010001001000
111111111111111111111111111001110110010
111111111111111111111111111001100011100
111111111111111111111111111001010000110
111111111111111111111111111000111110000
111111111111111111111111111000101011010
111111111111111111111111111000011000100
111111111111111111111111111000000101110
111111111111111111111111110111110011000
111111111111111111111111110111100000010
111111111111111111111111110111001101100
111111111111111111111111110110111010110
111111111111111111111111110110101000000
111111111111111111111111110110010101010
111111111111111111111111110110000010100
111111111111111111111111110101101111110
111111111111111111111111110101011101000
111111111111111111111111110101001010010
111111111111111111111111110100110111100
111111111111111111111111110100100100110
111111111111111111111111110100010010000
111111111111111111111111110011111111010
111111111111111111111111110011101100100
111111111111111111111111110011011001110
111111111111111111111111110011000111000
111111111111111111111111110010110100010
111111111111111111111111110010100001100
111111111111111111111111110010001110110
111111111111111111111111110001111100000
111111111111111111111111110001101001010
111111111111111111111111110001010110100
111111111111111111111111110001000011110
111111111111111111111111110000110001000
111111111111111111111111110000011110010
111111111111111111111111110000001011100
111111111111111111111111101111111000110
111111111111111111111111101111100110000
111111111111111111111111101111010011010
111111111111111111111111101111000000100
111111111111111111111111101110101101110
111111111111111111111111101110011011000
111111111111111111111111101110001000010
111111111111111111111111101101110101100
111111111111111111111111101101100010110
111111111111111111111111101101010000000
111111111111111111111111101100111101010
111111111111111111111111101100101010100
111111111111111111111111101100010111110
111111111111111111111111101100000101000
111111111111111111111111101011110010010
111111111111111111111111101011011111100
111111111111111111111111101011001100110
111111111111111111111111101010111010000
111111111111111111111111101010100111010
111111111111111111111111101010010100100
111111111111111111111111101010000001110
111111111111111111111111101001101111000
111111111111111111111111101001011100010
111111111111111111111111101001001001100
111111111111111111111111101000110110110
111111111111111111111111101000100100000
111111111111111111111111101000010001010
111111111111111111111111100111111110100
111111111111111111111111100111101011110
111111111111111111111111100111011001000
111111111111111111111111100111000110010
111111111111111111111111100110110011100
111111111111111111111111100110100000110
111111111111111111111111100110001110000
111111111111111111111111100101111011010
111111111111111111111111100101101000100
111111111111111111111111100101010101110
111111111111111111111111100101000011000
111111111111111111111111100100110000010
111111111111111111111111100100011101100
111111111111111111111111100100001010110
111111111111111111111111100011111000000
111111111111111111111111100011100101010
111111111111111111111111100011010010100
111111111111111111111111100010111111110
111111111111111111111111100010101101000
111111111111111111111111100010011010010
111111111111111111111111100010000111100
111111111111111111111111100001110100110
111111111111111111111111100001100010000
111111111111111111111111100001001111010
111111111111111111111111100000111100100
111111111111111111111111100000101001110
111111111111111111111111100000010111000
111111111111111111111111100000000100010
111111111111111111111111011111110001100
111111111111111111111111011111011110110
111111111111111111111111011111001100000
111111111111111111111111011110111001010
111111111111111111111111011110100110100
111111111111111111111111011110010011110
111111111111111111111111011110000001000
111111111111111111111111011101101110010
111111111111111111111111011101011011100
111111111111111111111111011101001000110
111111111111111111111111011100110110000
111111111111111111111111011100100011010
111111111111111111111111011100010000100
111111111111111111111111011011111101110
111111111111111111111111011011101011000
111111111111111111111111011011011000010
111111111111111111111111011011000101100
111111111111111111111111011010110010110
111111111111111111111111011010100000000
111111111111111111111111011010001101010
111111111111111111111111011001111010100
111111111111111111111111011001100111110
111111111111111111111111011001010101000
111111111111111111111111011001000010010
111111111111111111111111011000101111100
111111111111111111111111011000011100110
111111111111111111111111011000001010000
111111111111111111111111010111110111010
111111111111111111111111010111100100100
111111111111111111111111010111010001110
111111111111111111111111010110111111000
111111111111111111111111010110101100010
111111111111111111111111010110011001100
111111111111111111111111010110000110110
111111111111111111111111010101110100000
111111111111111111111111010101100001010
111111111111111111111111010101001110100
111111111111111111111111010100111011110
111111111111111111111111010100101001000
111111111111111111111111010100010110010
111111111111111111111111010100000011100
111111111111111111111111010011110000110
111111111111111111111111010011011110000
111111111111111111111111010011001011010
111111111111111111111111010010111000100
111111111111111111111111010010100101110
111111111111111111111111010010010011000
111111111111111111111111010010000000010
111111111111111111111111010001101101100
111111111111111111111111010001011010110
111111111111111111111111010001001000000
111111111111111111111111010000110101010
111111111111111111111111010000100010100
111111111111111111111111010000001111110
111111111111111111111111001111111101000
111111111111111111111111001111101010010
111111111111111111111111001111010111100
111111111111111111111111001111000100110
111111111111111111111111001110110010000
111111111111111111111111001110011111010
111111111111111111111111001110001100100
111111111111111111111111001101111001110
111111111111111111111111001101100111000
111111111111111111111111001101010100010
111111111111111111111111001101000001100
111111111111111111111111001100101110110
111111111111111111111111001100011100000
111111111111111111111111001100001001010
111111111111111111111111001011110110100
111111111111111111111111001011100011110
111111111111111111111111001011010001000
111111111111111111111111001010111110010
111111111111111111111111001010101011100
111111111111111111111111001010011000110
111111111111111111111111001010000110000
111111111111111111111111001001110011010
111111111111111111111111001001100000100
111111111111111111111111001001001101110
111111111111111111111111001000111011000
111111111111111111111111001000101000010
111111111111111111111111001000010101100
111111111111111111111111001000000010110
111111111111111111111111000111110000000
111111111111111111111111000111011101010
111111111111111111111111000111001010100
111111111111111111111111000110110111110
111111111111111111111111000110100101000
111111111111111111111111000110010010010
111111111111111111111111000101111111100
111111111111111111111111000101101100110
111111111111111111111111000101011010000
111111111111111111111111000101000111010
111111111111111111111111000100110100100
111111111111111111111111000100100001110
111111111111111111111111000100001111000
111111111111111111111111000011111100010
111111111111111111111111000011101001100
111111111111111111111111000011010110110
111111111111111111111111000011000100000
111111111111111111111111000010110001010
111111111111111111111111000010011110100
111111111111111111111111000010001011110
111111111111111111111111000001111001000
111111111111111111111111000001100110010
111111111111111111111111000001010011100
111111111111111111111111000001000000110
111111111111111111111111000000101110000
111111111111111111111111000000011011010
111111111111111111111111000000001000100
111111111111111111111110111111110101110
111111111111111111111110111111100011000
111111111111111111111110111111010000010
111111111111111111111110111110111101100
111111111111111111111110111110101010110
111111111111111111111110111110011000000
111111111111111111111110111110000101010
111111111111111111111110111101110010100
111111111111111111111110111101011111110
111111111111111111111110111101001101000
111111111111111111111110111100111010010
111111111111111111111110111100100111100
111111111111111111111110111100010100110
111111111111111111111110111100000010000
111111111111111111111110111011101111010
111111111111111111111110111011011100100
111111111111111111111110111011001001110
111111111111111111111110111010110111000
111111111111111111111110111010100100010
111111111111111111111110111010010001100
111111111111111111111110111001111110110
111111111111111111111110111001101100000
111111111111111111111110111001011001010
111111111111111111111110111001000110100
111111111111111111111110111000110011110
111111111111111111111110111000100001000
111111111111111111111110111000001110010
111111111111111111111110110111111011100
111111111111111111111110110111101000110
111111111111111111111110110111010110000
111111111111111111111110110111000011010
111111111111111111111110110110110000100
111111111111111111111110110110011101110
111111111111111111111110110110001011000
111111111111111111111110110101111000010
111111111111111111111110110101100101100
111111111111111111111110110101010010110
