000000000000000000000000000000000000000
000000000000000000000000000000010101110
000000000000000000000000000000101011100
000000000000000000000000000001000001010
000000000000000000000000000001010111000
000000000000000000000000000001101100110
000000000000000000000000000010000010100
000000000000000000000000000010011000010
000000000000000000000000000010101110000
000000000000000000000000000011000011110
000000000000000000000000000011011001100
000000000000000000000000000011101111010
000000000000000000000000000100000101000
000000000000000000000000000100011010110
000000000000000000000000000100110000100
000000000000000000000000000101000110010
000000000000000000000000000101011100000
000000000000000000000000000101110001110
000000000000000000000000000110000111100
000000000000000000000000000110011101010
000000000000000000000000000110110011000
000000000000000000000000000111001000110
000000000000000000000000000111011110100
000000000000000000000000000111110100010
000000000000000000000000001000001010000
000000000000000000000000001000011111110
000000000000000000000000001000110101100
000000000000000000000000001001001011010
000000000000000000000000001001100001000
000000000000000000000000001001110110110
000000000000000000000000001010001100100
000000000000000000000000001010100010010
000000000000000000000000001010111000000
000000000000000000000000001011001101110
000000000000000000000000001011100011100
000000000000000000000000001011111001010
000000000000000000000000001100001111000
000000000000000000000000001100100100110
000000000000000000000000001100111010100
000000000000000000000000001101010000010
000000000000000000000000001101100110000
000000000000000000000000001101111011110
000000000000000000000000001110010001100
000000000000000000000000001110100111010
000000000000000000000000001110111101000
000000000000000000000000001111010010110
000000000000000000000000001111101000100
000000000000000000000000001111111110010
000000000000000000000000010000010100000
000000000000000000000000010000101001110
000000000000000000000000010000111111100
000000000000000000000000010001010101010
000000000000000000000000010001101011000
000000000000000000000000010010000000110
000000000000000000000000010010010110100
000000000000000000000000010010101100010
000000000000000000000000010011000010000
000000000000000000000000010011010111110
000000000000000000000000010011101101100
000000000000000000000000010100000011010
000000000000000000000000010100011001000
000000000000000000000000010100101110110
000000000000000000000000010101000100100
000000000000000000000000010101011010010
000000000000000000000000010101110000000
000000000000000000000000010110000101110
000000000000000000000000010110011011100
000000000000000000000000010110110001010
000000000000000000000000010111000111000
000000000000000000000000010111011100110
000000000000000000000000010111110010100
000000000000000000000000011000001000010
000000000000000000000000011000011110000
000000000000000000000000011000110011110
000000000000000000000000011001001001100
000000000000000000000000011001011111010
000000000000000000000000011001110101000
000000000000000000000000011010001010110
000000000000000000000000011010100000100
000000000000000000000000011010110110010
000000000000000000000000011011001100000
000000000000000000000000011011100001110
000000000000000000000000011011110111100
000000000000000000000000011100001101010
000000000000000000000000011100100011000
000000000000000000000000011100111000110
000000000000000000000000011101001110100
000000000000000000000000011101100100010
000000000000000000000000011101111010000
000000000000000000000000011110001111110
000000000000000000000000011110100101100
000000000000000000000000011110111011010
000000000000000000000000011111010001000
000000000000000000000000011111100110110
000000000000000000000000011111111100100
000000000000000000000000100000010010010
000000000000000000000000100000101000000
000000000000000000000000100000111101110
000000000000000000000000100001010011100
000000000000000000000000100001101001010
000000000000000000000000100001111111000
000000000000000000000000100010010100110
000000000000000000000000100010101010100
000000000000000000000000100011000000010
000000000000000000000000100011010110000
000000000000000000000000100011101011110
000000000000000000000000100100000001100
000000000000000000000000100100010111010
000000000000000000000000100100101101000
000000000000000000000000100101000010110
000000000000000000000000100101011000100
000000000000000000000000100101101110010
000000000000000000000000100110000100000
000000000000000000000000100110011001110
000000000000000000000000100110101111100
000000000000000000000000100111000101010
000000000000000000000000100111011011000
000000000000000000000000100111110000110
000000000000000000000000101000000110100
000000000000000000000000101000011100010
000000000000000000000000101000110010000
000000000000000000000000101001000111110
000000000000000000000000101001011101100
000000000000000000000000101001110011010
000000000000000000000000101010001001000
000000000000000000000000101010011110110
000000000000000000000000101010110100100
000000000000000000000000101011001010010
000000000000000000000000101011100000000
000000000000000000000000101011110101110
000000000000000000000000101100001011100
000000000000000000000000101100100001010
000000000000000000000000101100110111000
000000000000000000000000101101001100110
000000000000000000000000101101100010100
000000000000000000000000101101111000010
000000000000000000000000101110001110000
000000000000000000000000101110100011110
000000000000000000000000101110111001100
000000000000000000000000101111001111010
000000000000000000000000101111100101000
000000000000000000000000101111111010110
000000000000000000000000110000010000100
000000000000000000000000110000100110010
000000000000000000000000110000111100000
000000000000000000000000110001010001110
000000000000000000000000110001100111100
000000000000000000000000110001111101010
000000000000000000000000110010010011000
000000000000000000000000110010101000110
000000000000000000000000110010111110100
000000000000000000000000110011010100010
000000000000000000000000110011101010000
000000000000000000000000110011111111110
000000000000000000000000110100010101100
000000000000000000000000110100101011010
000000000000000000000000110101000001000
000000000000000000000000110101010110110
000000000000000000000000110101101100100
000000000000000000000000110110000010010
000000000000000000000000110110011000000
000000000000000000000000110110101101110
000000000000000000000000110111000011100
000000000000000000000000110111011001010
000000000000000000000000110111101111000
000000000000000000000000111000000100110
000000000000000000000000111000011010100
000000000000000000000000111000110000010
000000000000000000000000111001000110000
000000000000000000000000111001011011110
000000000000000000000000111001110001100
000000000000000000000000111010000111010
000000000000000000000000111010011101000
000000000000000000000000111010110010110
000000000000000000000000111011001000100
000000000000000000000000111011011110010
000000000000000000000000111011110100000
000000000000000000000000111100001001110
000000000000000000000000111100011111100
000000000000000000000000111100110101010
000000000000000000000000111101001011000
000000000000000000000000111101100000110
000000000000000000000000111101110110100
000000000000000000000000111110001100010
000000000000000000000000111110100010000
000000000000000000000000111110110111110
000000000000000000000000111111001101100
000000000000000000000000111111100011010
000000000000000000000000111111111001000
000000000000000000000001000000001110110
000000000000000000000001000000100100100
000000000000000000000001000000111010010
000000000000000000000001000001010000000
000000000000000000000001000001100101110
000000000000000000000001000001111011100
000000000000000000000001000010010001010
000000000000000000000001000010100111000
000000000000000000000001000010111100110
000000000000000000000001000011010010100
000000000000000000000001000011101000010
000000000000000000000001000011111110000
000000000000000000000001000100010011110
000000000000000000000001000100101001100
000000000000000000000001000100111111010
000000000000000000000001000101010101000
000000000000000000000001000101101010110
000000000000000000000001000110000000100
000000000000000000000001000110010110010
000000000000000000000001000110101100000
000000000000000000000001000111000001110
000000000000000000000001000111010111100
000000000000000000000001000111101101010
000000000000000000000001001000000011000
000000000000000000000001001000011000110
000000000000000000000001001000101110100
000000000000000000000001001001000100010
000000000000000000000001001001011010000
000000000000000000000001001001101111110
000000000000000000000001001010000101100
000000000000000000000001001010011011010
000000000000000000000001001010110001000
000000000000000000000001001011000110110
000000000000000000000001001011011100100
000000000000000000000001001011110010010
000000000000000000000001001100001000000
000000000000000000000001001100011101110
000000000000000000000001001100110011100
000000000000000000000001001101001001010
000000000000000000000001001101011111000
000000000000000000000001001101110100110
000000000000000000000001001110001010100
000000000000000000000001001110100000010
000000000000000000000001001110110110000
000000000000000000000001001111001011110
000000000000000000000001001111100001100
000000000000000000000001001111110111010
000000000000000000000001010000001101000
000000000000000000000001010000100010110
000000000000000000000001010000111000100
000000000000000000000001010001001110010
000000000000000000000001010001100100000
000000000000000000000001010001111001110
000000000000000000000001010010001111100
000000000000000000000001010010100101010
000000000000000000000001010010111011000
000000000000000000000001010011010000110
000000000000000000000001010011100110100
000000000000000000000001010011111100010
000000000000000000000001010100010010000
000000000000000000000001010100100111110
000000000000000000000001010100111101100
000000000000000000000001010101010011010
000000000000000000000001010101101001000
000000000000000000000001010101111110110
000000000000000000000001010110010100100
000000000000000000000001010110101010010
