000000000000000000000000000000000000000
000000000000000000000000000000010010101
000000000000000000000000000000100101010
000000000000000000000000000000110111111
000000000000000000000000000001001010100
000000000000000000000000000001011101001
000000000000000000000000000001101111110
000000000000000000000000000010000010011
000000000000000000000000000010010101000
000000000000000000000000000010100111101
000000000000000000000000000010111010010
000000000000000000000000000011001100111
000000000000000000000000000011011111100
000000000000000000000000000011110010001
000000000000000000000000000100000100110
000000000000000000000000000100010111011
000000000000000000000000000100101010000
000000000000000000000000000100111100101
000000000000000000000000000101001111010
000000000000000000000000000101100001111
000000000000000000000000000101110100100
000000000000000000000000000110000111001
000000000000000000000000000110011001110
000000000000000000000000000110101100011
000000000000000000000000000110111111000
000000000000000000000000000111010001101
000000000000000000000000000111100100010
000000000000000000000000000111110110111
000000000000000000000000001000001001100
000000000000000000000000001000011100001
000000000000000000000000001000101110110
000000000000000000000000001001000001011
000000000000000000000000001001010100000
000000000000000000000000001001100110101
000000000000000000000000001001111001010
000000000000000000000000001010001011111
000000000000000000000000001010011110100
000000000000000000000000001010110001001
000000000000000000000000001011000011110
000000000000000000000000001011010110011
000000000000000000000000001011101001000
000000000000000000000000001011111011101
000000000000000000000000001100001110010
000000000000000000000000001100100000111
000000000000000000000000001100110011100
000000000000000000000000001101000110001
000000000000000000000000001101011000110
000000000000000000000000001101101011011
000000000000000000000000001101111110000
000000000000000000000000001110010000101
000000000000000000000000001110100011010
000000000000000000000000001110110101111
000000000000000000000000001111001000100
000000000000000000000000001111011011001
000000000000000000000000001111101101110
000000000000000000000000010000000000011
000000000000000000000000010000010011000
000000000000000000000000010000100101101
000000000000000000000000010000111000010
000000000000000000000000010001001010111
000000000000000000000000010001011101100
000000000000000000000000010001110000001
000000000000000000000000010010000010110
000000000000000000000000010010010101011
000000000000000000000000010010101000000
000000000000000000000000010010111010101
000000000000000000000000010011001101010
000000000000000000000000010011011111111
000000000000000000000000010011110010100
000000000000000000000000010100000101001
000000000000000000000000010100010111110
000000000000000000000000010100101010011
000000000000000000000000010100111101000
000000000000000000000000010101001111101
000000000000000000000000010101100010010
000000000000000000000000010101110100111
000000000000000000000000010110000111100
000000000000000000000000010110011010001
000000000000000000000000010110101100110
000000000000000000000000010110111111011
000000000000000000000000010111010010000
000000000000000000000000010111100100101
000000000000000000000000010111110111010
000000000000000000000000011000001001111
000000000000000000000000011000011100100
000000000000000000000000011000101111001
000000000000000000000000011001000001110
000000000000000000000000011001010100011
000000000000000000000000011001100111000
000000000000000000000000011001111001101
000000000000000000000000011010001100010
000000000000000000000000011010011110111
000000000000000000000000011010110001100
000000000000000000000000011011000100001
000000000000000000000000011011010110110
000000000000000000000000011011101001011
000000000000000000000000011011111100000
000000000000000000000000011100001110101
000000000000000000000000011100100001010
000000000000000000000000011100110011111
000000000000000000000000011101000110100
000000000000000000000000011101011001001
000000000000000000000000011101101011110
000000000000000000000000011101111110011
000000000000000000000000011110010001000
000000000000000000000000011110100011101
000000000000000000000000011110110110010
000000000000000000000000011111001000111
000000000000000000000000011111011011100
000000000000000000000000011111101110001
000000000000000000000000100000000000110
000000000000000000000000100000010011011
000000000000000000000000100000100110000
000000000000000000000000100000111000101
000000000000000000000000100001001011010
000000000000000000000000100001011101111
000000000000000000000000100001110000100
000000000000000000000000100010000011001
000000000000000000000000100010010101110
000000000000000000000000100010101000011
000000000000000000000000100010111011000
000000000000000000000000100011001101101
000000000000000000000000100011100000010
000000000000000000000000100011110010111
000000000000000000000000100100000101100
000000000000000000000000100100011000001
000000000000000000000000100100101010110
000000000000000000000000100100111101011
000000000000000000000000100101010000000
000000000000000000000000100101100010101
000000000000000000000000100101110101010
000000000000000000000000100110000111111
000000000000000000000000100110011010100
000000000000000000000000100110101101001
000000000000000000000000100110111111110
000000000000000000000000100111010010011
000000000000000000000000100111100101000
000000000000000000000000100111110111101
000000000000000000000000101000001010010
000000000000000000000000101000011100111
000000000000000000000000101000101111100
000000000000000000000000101001000010001
000000000000000000000000101001010100110
000000000000000000000000101001100111011
000000000000000000000000101001111010000
000000000000000000000000101010001100101
000000000000000000000000101010011111010
000000000000000000000000101010110001111
000000000000000000000000101011000100100
000000000000000000000000101011010111001
000000000000000000000000101011101001110
000000000000000000000000101011111100011
000000000000000000000000101100001111000
000000000000000000000000101100100001101
000000000000000000000000101100110100010
000000000000000000000000101101000110111
000000000000000000000000101101011001100
000000000000000000000000101101101100001
000000000000000000000000101101111110110
000000000000000000000000101110010001011
000000000000000000000000101110100100000
000000000000000000000000101110110110101
000000000000000000000000101111001001010
000000000000000000000000101111011011111
000000000000000000000000101111101110100
000000000000000000000000110000000001001
000000000000000000000000110000010011110
000000000000000000000000110000100110011
000000000000000000000000110000111001000
000000000000000000000000110001001011101
000000000000000000000000110001011110010
000000000000000000000000110001110000111
000000000000000000000000110010000011100
000000000000000000000000110010010110001
000000000000000000000000110010101000110
000000000000000000000000110010111011011
000000000000000000000000110011001110000
000000000000000000000000110011100000101
000000000000000000000000110011110011010
000000000000000000000000110100000101111
000000000000000000000000110100011000100
000000000000000000000000110100101011001
000000000000000000000000110100111101110
000000000000000000000000110101010000011
000000000000000000000000110101100011000
000000000000000000000000110101110101101
000000000000000000000000110110001000010
000000000000000000000000110110011010111
000000000000000000000000110110101101100
000000000000000000000000110111000000001
000000000000000000000000110111010010110
000000000000000000000000110111100101011
000000000000000000000000110111111000000
000000000000000000000000111000001010101
000000000000000000000000111000011101010
000000000000000000000000111000101111111
000000000000000000000000111001000010100
000000000000000000000000111001010101001
000000000000000000000000111001100111110
000000000000000000000000111001111010011
000000000000000000000000111010001101000
000000000000000000000000111010011111101
000000000000000000000000111010110010010
000000000000000000000000111011000100111
000000000000000000000000111011010111100
000000000000000000000000111011101010001
000000000000000000000000111011111100110
000000000000000000000000111100001111011
000000000000000000000000111100100010000
000000000000000000000000111100110100101
000000000000000000000000111101000111010
000000000000000000000000111101011001111
000000000000000000000000111101101100100
000000000000000000000000111101111111001
000000000000000000000000111110010001110
000000000000000000000000111110100100011
000000000000000000000000111110110111000
000000000000000000000000111111001001101
000000000000000000000000111111011100010
000000000000000000000000111111101110111
000000000000000000000001000000000001100
000000000000000000000001000000010100001
000000000000000000000001000000100110110
000000000000000000000001000000111001011
000000000000000000000001000001001100000
000000000000000000000001000001011110101
000000000000000000000001000001110001010
000000000000000000000001000010000011111
000000000000000000000001000010010110100
000000000000000000000001000010101001001
000000000000000000000001000010111011110
000000000000000000000001000011001110011
000000000000000000000001000011100001000
000000000000000000000001000011110011101
000000000000000000000001000100000110010
000000000000000000000001000100011000111
000000000000000000000001000100101011100
000000000000000000000001000100111110001
000000000000000000000001000101010000110
000000000000000000000001000101100011011
000000000000000000000001000101110110000
000000000000000000000001000110001000101
000000000000000000000001000110011011010
000000000000000000000001000110101101111
000000000000000000000001000111000000100
000000000000000000000001000111010011001
000000000000000000000001000111100101110
000000000000000000000001000111111000011
000000000000000000000001001000001011000
000000000000000000000001001000011101101
000000000000000000000001001000110000010
000000000000000000000001001001000010111
000000000000000000000001001001010101100
000000000000000000000001001001101000001
000000000000000000000001001001111010110
000000000000000000000001001010001101011
