000000000000000000000000000000000000000
111111111111111111111111111111100001010
111111111111111111111111111111000010100
111111111111111111111111111110100011110
111111111111111111111111111110000101000
111111111111111111111111111101100110010
111111111111111111111111111101000111100
111111111111111111111111111100101000110
111111111111111111111111111100001010000
111111111111111111111111111011101011010
111111111111111111111111111011001100100
111111111111111111111111111010101101110
111111111111111111111111111010001111000
111111111111111111111111111001110000010
111111111111111111111111111001010001100
111111111111111111111111111000110010110
111111111111111111111111111000010100000
111111111111111111111111110111110101010
111111111111111111111111110111010110100
111111111111111111111111110110110111110
111111111111111111111111110110011001000
111111111111111111111111110101111010010
111111111111111111111111110101011011100
111111111111111111111111110100111100110
111111111111111111111111110100011110000
111111111111111111111111110011111111010
111111111111111111111111110011100000100
111111111111111111111111110011000001110
111111111111111111111111110010100011000
111111111111111111111111110010000100010
111111111111111111111111110001100101100
111111111111111111111111110001000110110
111111111111111111111111110000101000000
111111111111111111111111110000001001010
111111111111111111111111101111101010100
111111111111111111111111101111001011110
111111111111111111111111101110101101000
111111111111111111111111101110001110010
111111111111111111111111101101101111100
111111111111111111111111101101010000110
111111111111111111111111101100110010000
111111111111111111111111101100010011010
111111111111111111111111101011110100100
111111111111111111111111101011010101110
111111111111111111111111101010110111000
111111111111111111111111101010011000010
111111111111111111111111101001111001100
111111111111111111111111101001011010110
111111111111111111111111101000111100000
111111111111111111111111101000011101010
111111111111111111111111100111111110100
111111111111111111111111100111011111110
111111111111111111111111100111000001000
111111111111111111111111100110100010010
111111111111111111111111100110000011100
111111111111111111111111100101100100110
111111111111111111111111100101000110000
111111111111111111111111100100100111010
111111111111111111111111100100001000100
111111111111111111111111100011101001110
111111111111111111111111100011001011000
111111111111111111111111100010101100010
111111111111111111111111100010001101100
111111111111111111111111100001101110110
111111111111111111111111100001010000000
111111111111111111111111100000110001010
111111111111111111111111100000010010100
111111111111111111111111011111110011110
111111111111111111111111011111010101000
111111111111111111111111011110110110010
111111111111111111111111011110010111100
111111111111111111111111011101111000110
111111111111111111111111011101011010000
111111111111111111111111011100111011010
111111111111111111111111011100011100100
111111111111111111111111011011111101110
111111111111111111111111011011011111000
111111111111111111111111011011000000010
111111111111111111111111011010100001100
111111111111111111111111011010000010110
111111111111111111111111011001100100000
111111111111111111111111011001000101010
111111111111111111111111011000100110100
111111111111111111111111011000000111110
111111111111111111111111010111101001000
111111111111111111111111010111001010010
111111111111111111111111010110101011100
111111111111111111111111010110001100110
111111111111111111111111010101101110000
111111111111111111111111010101001111010
111111111111111111111111010100110000100
111111111111111111111111010100010001110
111111111111111111111111010011110011000
111111111111111111111111010011010100010
111111111111111111111111010010110101100
111111111111111111111111010010010110110
111111111111111111111111010001111000000
111111111111111111111111010001011001010
111111111111111111111111010000111010100
111111111111111111111111010000011011110
111111111111111111111111001111111101000
111111111111111111111111001111011110010
111111111111111111111111001110111111100
111111111111111111111111001110100000110
111111111111111111111111001110000010000
111111111111111111111111001101100011010
111111111111111111111111001101000100100
111111111111111111111111001100100101110
111111111111111111111111001100000111000
111111111111111111111111001011101000010
111111111111111111111111001011001001100
111111111111111111111111001010101010110
111111111111111111111111001010001100000
111111111111111111111111001001101101010
111111111111111111111111001001001110100
111111111111111111111111001000101111110
111111111111111111111111001000010001000
111111111111111111111111000111110010010
111111111111111111111111000111010011100
111111111111111111111111000110110100110
111111111111111111111111000110010110000
111111111111111111111111000101110111010
111111111111111111111111000101011000100
111111111111111111111111000100111001110
111111111111111111111111000100011011000
111111111111111111111111000011111100010
111111111111111111111111000011011101100
111111111111111111111111000010111110110
111111111111111111111111000010100000000
111111111111111111111111000010000001010
111111111111111111111111000001100010100
111111111111111111111111000001000011110
111111111111111111111111000000100101000
111111111111111111111111000000000110010
111111111111111111111110111111100111100
111111111111111111111110111111001000110
111111111111111111111110111110101010000
111111111111111111111110111110001011010
111111111111111111111110111101101100100
111111111111111111111110111101001101110
111111111111111111111110111100101111000
111111111111111111111110111100010000010
111111111111111111111110111011110001100
111111111111111111111110111011010010110
111111111111111111111110111010110100000
111111111111111111111110111010010101010
111111111111111111111110111001110110100
111111111111111111111110111001010111110
111111111111111111111110111000111001000
111111111111111111111110111000011010010
111111111111111111111110110111111011100
111111111111111111111110110111011100110
111111111111111111111110110110111110000
111111111111111111111110110110011111010
111111111111111111111110110110000000100
111111111111111111111110110101100001110
111111111111111111111110110101000011000
111111111111111111111110110100100100010
111111111111111111111110110100000101100
111111111111111111111110110011100110110
111111111111111111111110110011001000000
111111111111111111111110110010101001010
111111111111111111111110110010001010100
111111111111111111111110110001101011110
111111111111111111111110110001001101000
111111111111111111111110110000101110010
111111111111111111111110110000001111100
111111111111111111111110101111110000110
111111111111111111111110101111010010000
111111111111111111111110101110110011010
111111111111111111111110101110010100100
111111111111111111111110101101110101110
111111111111111111111110101101010111000
111111111111111111111110101100111000010
111111111111111111111110101100011001100
111111111111111111111110101011111010110
111111111111111111111110101011011100000
111111111111111111111110101010111101010
111111111111111111111110101010011110100
111111111111111111111110101001111111110
111111111111111111111110101001100001000
111111111111111111111110101001000010010
111111111111111111111110101000100011100
111111111111111111111110101000000100110
111111111111111111111110100111100110000
111111111111111111111110100111000111010
111111111111111111111110100110101000100
111111111111111111111110100110001001110
111111111111111111111110100101101011000
111111111111111111111110100101001100010
111111111111111111111110100100101101100
111111111111111111111110100100001110110
111111111111111111111110100011110000000
111111111111111111111110100011010001010
111111111111111111111110100010110010100
111111111111111111111110100010010011110
111111111111111111111110100001110101000
111111111111111111111110100001010110010
111111111111111111111110100000110111100
111111111111111111111110100000011000110
111111111111111111111110011111111010000
111111111111111111111110011111011011010
111111111111111111111110011110111100100
111111111111111111111110011110011101110
111111111111111111111110011101111111000
111111111111111111111110011101100000010
111111111111111111111110011101000001100
111111111111111111111110011100100010110
111111111111111111111110011100000100000
111111111111111111111110011011100101010
111111111111111111111110011011000110100
111111111111111111111110011010100111110
111111111111111111111110011010001001000
111111111111111111111110011001101010010
111111111111111111111110011001001011100
111111111111111111111110011000101100110
111111111111111111111110011000001110000
111111111111111111111110010111101111010
111111111111111111111110010111010000100
111111111111111111111110010110110001110
111111111111111111111110010110010011000
111111111111111111111110010101110100010
111111111111111111111110010101010101100
111111111111111111111110010100110110110
111111111111111111111110010100011000000
111111111111111111111110010011111001010
111111111111111111111110010011011010100
111111111111111111111110010010111011110
111111111111111111111110010010011101000
111111111111111111111110010001111110010
111111111111111111111110010001011111100
111111111111111111111110010001000000110
111111111111111111111110010000100010000
111111111111111111111110010000000011010
111111111111111111111110001111100100100
111111111111111111111110001111000101110
111111111111111111111110001110100111000
111111111111111111111110001110001000010
111111111111111111111110001101101001100
111111111111111111111110001101001010110
111111111111111111111110001100101100000
111111111111111111111110001100001101010
111111111111111111111110001011101110100
111111111111111111111110001011001111110
111111111111111111111110001010110001000
111111111111111111111110001010010010010
111111111111111111111110001001110011100
111111111111111111111110001001010100110
111111111111111111111110001000110110000
111111111111111111111110001000010111010
111111111111111111111110000111111000100
111111111111111111111110000111011001110
111111111111111111111110000110111011000
111111111111111111111110000110011100010
111111111111111111111110000101111101100
111111111111111111111110000101011110110
