000000000000000000000000000000000000000
000000000000000000000000000000011101101
000000000000000000000000000000111011010
000000000000000000000000000001011000111
000000000000000000000000000001110110100
000000000000000000000000000010010100001
000000000000000000000000000010110001110
000000000000000000000000000011001111011
000000000000000000000000000011101101000
000000000000000000000000000100001010101
000000000000000000000000000100101000010
000000000000000000000000000101000101111
000000000000000000000000000101100011100
000000000000000000000000000110000001001
000000000000000000000000000110011110110
000000000000000000000000000110111100011
000000000000000000000000000111011010000
000000000000000000000000000111110111101
000000000000000000000000001000010101010
000000000000000000000000001000110010111
000000000000000000000000001001010000100
000000000000000000000000001001101110001
000000000000000000000000001010001011110
000000000000000000000000001010101001011
000000000000000000000000001011000111000
000000000000000000000000001011100100101
000000000000000000000000001100000010010
000000000000000000000000001100011111111
000000000000000000000000001100111101100
000000000000000000000000001101011011001
000000000000000000000000001101111000110
000000000000000000000000001110010110011
000000000000000000000000001110110100000
000000000000000000000000001111010001101
000000000000000000000000001111101111010
000000000000000000000000010000001100111
000000000000000000000000010000101010100
000000000000000000000000010001001000001
000000000000000000000000010001100101110
000000000000000000000000010010000011011
000000000000000000000000010010100001000
000000000000000000000000010010111110101
000000000000000000000000010011011100010
000000000000000000000000010011111001111
000000000000000000000000010100010111100
000000000000000000000000010100110101001
000000000000000000000000010101010010110
000000000000000000000000010101110000011
000000000000000000000000010110001110000
000000000000000000000000010110101011101
000000000000000000000000010111001001010
000000000000000000000000010111100110111
000000000000000000000000011000000100100
000000000000000000000000011000100010001
000000000000000000000000011000111111110
000000000000000000000000011001011101011
000000000000000000000000011001111011000
000000000000000000000000011010011000101
000000000000000000000000011010110110010
000000000000000000000000011011010011111
000000000000000000000000011011110001100
000000000000000000000000011100001111001
000000000000000000000000011100101100110
000000000000000000000000011101001010011
000000000000000000000000011101101000000
000000000000000000000000011110000101101
000000000000000000000000011110100011010
000000000000000000000000011111000000111
000000000000000000000000011111011110100
000000000000000000000000011111111100001
000000000000000000000000100000011001110
000000000000000000000000100000110111011
000000000000000000000000100001010101000
000000000000000000000000100001110010101
000000000000000000000000100010010000010
000000000000000000000000100010101101111
000000000000000000000000100011001011100
000000000000000000000000100011101001001
000000000000000000000000100100000110110
000000000000000000000000100100100100011
000000000000000000000000100101000010000
000000000000000000000000100101011111101
000000000000000000000000100101111101010
000000000000000000000000100110011010111
000000000000000000000000100110111000100
000000000000000000000000100111010110001
000000000000000000000000100111110011110
000000000000000000000000101000010001011
000000000000000000000000101000101111000
000000000000000000000000101001001100101
000000000000000000000000101001101010010
000000000000000000000000101010000111111
000000000000000000000000101010100101100
000000000000000000000000101011000011001
000000000000000000000000101011100000110
000000000000000000000000101011111110011
000000000000000000000000101100011100000
000000000000000000000000101100111001101
000000000000000000000000101101010111010
000000000000000000000000101101110100111
000000000000000000000000101110010010100
000000000000000000000000101110110000001
000000000000000000000000101111001101110
000000000000000000000000101111101011011
000000000000000000000000110000001001000
000000000000000000000000110000100110101
000000000000000000000000110001000100010
000000000000000000000000110001100001111
000000000000000000000000110001111111100
000000000000000000000000110010011101001
000000000000000000000000110010111010110
000000000000000000000000110011011000011
000000000000000000000000110011110110000
000000000000000000000000110100010011101
000000000000000000000000110100110001010
000000000000000000000000110101001110111
000000000000000000000000110101101100100
000000000000000000000000110110001010001
000000000000000000000000110110100111110
000000000000000000000000110111000101011
000000000000000000000000110111100011000
000000000000000000000000111000000000101
000000000000000000000000111000011110010
000000000000000000000000111000111011111
000000000000000000000000111001011001100
000000000000000000000000111001110111001
000000000000000000000000111010010100110
000000000000000000000000111010110010011
000000000000000000000000111011010000000
000000000000000000000000111011101101101
000000000000000000000000111100001011010
000000000000000000000000111100101000111
000000000000000000000000111101000110100
000000000000000000000000111101100100001
000000000000000000000000111110000001110
000000000000000000000000111110011111011
000000000000000000000000111110111101000
000000000000000000000000111111011010101
000000000000000000000000111111111000010
000000000000000000000001000000010101111
000000000000000000000001000000110011100
000000000000000000000001000001010001001
000000000000000000000001000001101110110
000000000000000000000001000010001100011
000000000000000000000001000010101010000
000000000000000000000001000011000111101
000000000000000000000001000011100101010
000000000000000000000001000100000010111
000000000000000000000001000100100000100
000000000000000000000001000100111110001
000000000000000000000001000101011011110
000000000000000000000001000101111001011
000000000000000000000001000110010111000
000000000000000000000001000110110100101
000000000000000000000001000111010010010
000000000000000000000001000111101111111
000000000000000000000001001000001101100
000000000000000000000001001000101011001
000000000000000000000001001001001000110
000000000000000000000001001001100110011
000000000000000000000001001010000100000
000000000000000000000001001010100001101
000000000000000000000001001010111111010
000000000000000000000001001011011100111
000000000000000000000001001011111010100
000000000000000000000001001100011000001
000000000000000000000001001100110101110
000000000000000000000001001101010011011
000000000000000000000001001101110001000
000000000000000000000001001110001110101
000000000000000000000001001110101100010
000000000000000000000001001111001001111
000000000000000000000001001111100111100
000000000000000000000001010000000101001
000000000000000000000001010000100010110
000000000000000000000001010001000000011
000000000000000000000001010001011110000
000000000000000000000001010001111011101
000000000000000000000001010010011001010
000000000000000000000001010010110110111
000000000000000000000001010011010100100
000000000000000000000001010011110010001
000000000000000000000001010100001111110
000000000000000000000001010100101101011
000000000000000000000001010101001011000
000000000000000000000001010101101000101
000000000000000000000001010110000110010
000000000000000000000001010110100011111
000000000000000000000001010111000001100
000000000000000000000001010111011111001
000000000000000000000001010111111100110
000000000000000000000001011000011010011
000000000000000000000001011000111000000
000000000000000000000001011001010101101
000000000000000000000001011001110011010
000000000000000000000001011010010000111
000000000000000000000001011010101110100
000000000000000000000001011011001100001
000000000000000000000001011011101001110
000000000000000000000001011100000111011
000000000000000000000001011100100101000
000000000000000000000001011101000010101
000000000000000000000001011101100000010
000000000000000000000001011101111101111
000000000000000000000001011110011011100
000000000000000000000001011110111001001
000000000000000000000001011111010110110
000000000000000000000001011111110100011
000000000000000000000001100000010010000
000000000000000000000001100000101111101
000000000000000000000001100001001101010
000000000000000000000001100001101010111
000000000000000000000001100010001000100
000000000000000000000001100010100110001
000000000000000000000001100011000011110
000000000000000000000001100011100001011
000000000000000000000001100011111111000
000000000000000000000001100100011100101
000000000000000000000001100100111010010
000000000000000000000001100101010111111
000000000000000000000001100101110101100
000000000000000000000001100110010011001
000000000000000000000001100110110000110
000000000000000000000001100111001110011
000000000000000000000001100111101100000
000000000000000000000001101000001001101
000000000000000000000001101000100111010
000000000000000000000001101001000100111
000000000000000000000001101001100010100
000000000000000000000001101010000000001
000000000000000000000001101010011101110
000000000000000000000001101010111011011
000000000000000000000001101011011001000
000000000000000000000001101011110110101
000000000000000000000001101100010100010
000000000000000000000001101100110001111
000000000000000000000001101101001111100
000000000000000000000001101101101101001
000000000000000000000001101110001010110
000000000000000000000001101110101000011
000000000000000000000001101111000110000
000000000000000000000001101111100011101
000000000000000000000001110000000001010
000000000000000000000001110000011110111
000000000000000000000001110000111100100
000000000000000000000001110001011010001
000000000000000000000001110001110111110
000000000000000000000001110010010101011
000000000000000000000001110010110011000
000000000000000000000001110011010000101
000000000000000000000001110011101110010
000000000000000000000001110100001011111
000000000000000000000001110100101001100
000000000000000000000001110101000111001
000000000000000000000001110101100100110
000000000000000000000001110110000010011
