000000000000000000000000000000000000000
111111111111111111111111111111101100001
111111111111111111111111111111011000010
111111111111111111111111111111000100011
111111111111111111111111111110110000100
111111111111111111111111111110011100101
111111111111111111111111111110001000110
111111111111111111111111111101110100111
111111111111111111111111111101100001000
111111111111111111111111111101001101001
111111111111111111111111111100111001010
111111111111111111111111111100100101011
111111111111111111111111111100010001100
111111111111111111111111111011111101101
111111111111111111111111111011101001110
111111111111111111111111111011010101111
111111111111111111111111111011000010000
111111111111111111111111111010101110001
111111111111111111111111111010011010010
111111111111111111111111111010000110011
111111111111111111111111111001110010100
111111111111111111111111111001011110101
111111111111111111111111111001001010110
111111111111111111111111111000110110111
111111111111111111111111111000100011000
111111111111111111111111111000001111001
111111111111111111111111110111111011010
111111111111111111111111110111100111011
111111111111111111111111110111010011100
111111111111111111111111110110111111101
111111111111111111111111110110101011110
111111111111111111111111110110010111111
111111111111111111111111110110000100000
111111111111111111111111110101110000001
111111111111111111111111110101011100010
111111111111111111111111110101001000011
111111111111111111111111110100110100100
111111111111111111111111110100100000101
111111111111111111111111110100001100110
111111111111111111111111110011111000111
111111111111111111111111110011100101000
111111111111111111111111110011010001001
111111111111111111111111110010111101010
111111111111111111111111110010101001011
111111111111111111111111110010010101100
111111111111111111111111110010000001101
111111111111111111111111110001101101110
111111111111111111111111110001011001111
111111111111111111111111110001000110000
111111111111111111111111110000110010001
111111111111111111111111110000011110010
111111111111111111111111110000001010011
111111111111111111111111101111110110100
111111111111111111111111101111100010101
111111111111111111111111101111001110110
111111111111111111111111101110111010111
111111111111111111111111101110100111000
111111111111111111111111101110010011001
111111111111111111111111101101111111010
111111111111111111111111101101101011011
111111111111111111111111101101010111100
111111111111111111111111101101000011101
111111111111111111111111101100101111110
111111111111111111111111101100011011111
111111111111111111111111101100001000000
111111111111111111111111101011110100001
111111111111111111111111101011100000010
111111111111111111111111101011001100011
111111111111111111111111101010111000100
111111111111111111111111101010100100101
111111111111111111111111101010010000110
111111111111111111111111101001111100111
111111111111111111111111101001101001000
111111111111111111111111101001010101001
111111111111111111111111101001000001010
111111111111111111111111101000101101011
111111111111111111111111101000011001100
111111111111111111111111101000000101101
111111111111111111111111100111110001110
111111111111111111111111100111011101111
111111111111111111111111100111001010000
111111111111111111111111100110110110001
111111111111111111111111100110100010010
111111111111111111111111100110001110011
111111111111111111111111100101111010100
111111111111111111111111100101100110101
111111111111111111111111100101010010110
111111111111111111111111100100111110111
111111111111111111111111100100101011000
111111111111111111111111100100010111001
111111111111111111111111100100000011010
111111111111111111111111100011101111011
111111111111111111111111100011011011100
111111111111111111111111100011000111101
111111111111111111111111100010110011110
111111111111111111111111100010011111111
111111111111111111111111100010001100000
111111111111111111111111100001111000001
111111111111111111111111100001100100010
111111111111111111111111100001010000011
111111111111111111111111100000111100100
111111111111111111111111100000101000101
111111111111111111111111100000010100110
111111111111111111111111100000000000111
111111111111111111111111011111101101000
111111111111111111111111011111011001001
111111111111111111111111011111000101010
111111111111111111111111011110110001011
111111111111111111111111011110011101100
111111111111111111111111011110001001101
111111111111111111111111011101110101110
111111111111111111111111011101100001111
111111111111111111111111011101001110000
111111111111111111111111011100111010001
111111111111111111111111011100100110010
111111111111111111111111011100010010011
111111111111111111111111011011111110100
111111111111111111111111011011101010101
111111111111111111111111011011010110110
111111111111111111111111011011000010111
111111111111111111111111011010101111000
111111111111111111111111011010011011001
111111111111111111111111011010000111010
111111111111111111111111011001110011011
111111111111111111111111011001011111100
111111111111111111111111011001001011101
111111111111111111111111011000110111110
111111111111111111111111011000100011111
111111111111111111111111011000010000000
111111111111111111111111010111111100001
111111111111111111111111010111101000010
111111111111111111111111010111010100011
111111111111111111111111010111000000100
111111111111111111111111010110101100101
111111111111111111111111010110011000110
111111111111111111111111010110000100111
111111111111111111111111010101110001000
111111111111111111111111010101011101001
111111111111111111111111010101001001010
111111111111111111111111010100110101011
111111111111111111111111010100100001100
111111111111111111111111010100001101101
111111111111111111111111010011111001110
111111111111111111111111010011100101111
111111111111111111111111010011010010000
111111111111111111111111010010111110001
111111111111111111111111010010101010010
111111111111111111111111010010010110011
111111111111111111111111010010000010100
111111111111111111111111010001101110101
111111111111111111111111010001011010110
111111111111111111111111010001000110111
111111111111111111111111010000110011000
111111111111111111111111010000011111001
111111111111111111111111010000001011010
111111111111111111111111001111110111011
111111111111111111111111001111100011100
111111111111111111111111001111001111101
111111111111111111111111001110111011110
111111111111111111111111001110100111111
111111111111111111111111001110010100000
111111111111111111111111001110000000001
111111111111111111111111001101101100010
111111111111111111111111001101011000011
111111111111111111111111001101000100100
111111111111111111111111001100110000101
111111111111111111111111001100011100110
111111111111111111111111001100001000111
111111111111111111111111001011110101000
111111111111111111111111001011100001001
111111111111111111111111001011001101010
111111111111111111111111001010111001011
111111111111111111111111001010100101100
111111111111111111111111001010010001101
111111111111111111111111001001111101110
111111111111111111111111001001101001111
111111111111111111111111001001010110000
111111111111111111111111001001000010001
111111111111111111111111001000101110010
111111111111111111111111001000011010011
111111111111111111111111001000000110100
111111111111111111111111000111110010101
111111111111111111111111000111011110110
111111111111111111111111000111001010111
111111111111111111111111000110110111000
111111111111111111111111000110100011001
111111111111111111111111000110001111010
111111111111111111111111000101111011011
111111111111111111111111000101100111100
111111111111111111111111000101010011101
111111111111111111111111000100111111110
111111111111111111111111000100101011111
111111111111111111111111000100011000000
111111111111111111111111000100000100001
111111111111111111111111000011110000010
111111111111111111111111000011011100011
111111111111111111111111000011001000100
111111111111111111111111000010110100101
111111111111111111111111000010100000110
111111111111111111111111000010001100111
111111111111111111111111000001111001000
111111111111111111111111000001100101001
111111111111111111111111000001010001010
111111111111111111111111000000111101011
111111111111111111111111000000101001100
111111111111111111111111000000010101101
111111111111111111111111000000000001110
111111111111111111111110111111101101111
111111111111111111111110111111011010000
111111111111111111111110111111000110001
111111111111111111111110111110110010010
111111111111111111111110111110011110011
111111111111111111111110111110001010100
111111111111111111111110111101110110101
111111111111111111111110111101100010110
111111111111111111111110111101001110111
111111111111111111111110111100111011000
111111111111111111111110111100100111001
111111111111111111111110111100010011010
111111111111111111111110111011111111011
111111111111111111111110111011101011100
111111111111111111111110111011010111101
111111111111111111111110111011000011110
111111111111111111111110111010101111111
111111111111111111111110111010011100000
111111111111111111111110111010001000001
111111111111111111111110111001110100010
111111111111111111111110111001100000011
111111111111111111111110111001001100100
111111111111111111111110111000111000101
111111111111111111111110111000100100110
111111111111111111111110111000010000111
111111111111111111111110110111111101000
111111111111111111111110110111101001001
111111111111111111111110110111010101010
111111111111111111111110110111000001011
111111111111111111111110110110101101100
111111111111111111111110110110011001101
111111111111111111111110110110000101110
111111111111111111111110110101110001111
111111111111111111111110110101011110000
111111111111111111111110110101001010001
111111111111111111111110110100110110010
111111111111111111111110110100100010011
111111111111111111111110110100001110100
111111111111111111111110110011111010101
111111111111111111111110110011100110110
111111111111111111111110110011010010111
111111111111111111111110110010111111000
111111111111111111111110110010101011001
111111111111111111111110110010010111010
111111111111111111111110110010000011011
111111111111111111111110110001101111100
111111111111111111111110110001011011101
111111111111111111111110110001000111110
111111111111111111111110110000110011111
