000000000000000000000000000000000000000
111111111111111111111111111111110001101
111111111111111111111111111111100011010
111111111111111111111111111111010100111
111111111111111111111111111111000110100
111111111111111111111111111110111000001
111111111111111111111111111110101001110
111111111111111111111111111110011011011
111111111111111111111111111110001101000
111111111111111111111111111101111110101
111111111111111111111111111101110000010
111111111111111111111111111101100001111
111111111111111111111111111101010011100
111111111111111111111111111101000101001
111111111111111111111111111100110110110
111111111111111111111111111100101000011
111111111111111111111111111100011010000
111111111111111111111111111100001011101
111111111111111111111111111011111101010
111111111111111111111111111011101110111
111111111111111111111111111011100000100
111111111111111111111111111011010010001
111111111111111111111111111011000011110
111111111111111111111111111010110101011
111111111111111111111111111010100111000
111111111111111111111111111010011000101
111111111111111111111111111010001010010
111111111111111111111111111001111011111
111111111111111111111111111001101101100
111111111111111111111111111001011111001
111111111111111111111111111001010000110
111111111111111111111111111001000010011
111111111111111111111111111000110100000
111111111111111111111111111000100101101
111111111111111111111111111000010111010
111111111111111111111111111000001000111
111111111111111111111111110111111010100
111111111111111111111111110111101100001
111111111111111111111111110111011101110
111111111111111111111111110111001111011
111111111111111111111111110111000001000
111111111111111111111111110110110010101
111111111111111111111111110110100100010
111111111111111111111111110110010101111
111111111111111111111111110110000111100
111111111111111111111111110101111001001
111111111111111111111111110101101010110
111111111111111111111111110101011100011
111111111111111111111111110101001110000
111111111111111111111111110100111111101
111111111111111111111111110100110001010
111111111111111111111111110100100010111
111111111111111111111111110100010100100
111111111111111111111111110100000110001
111111111111111111111111110011110111110
111111111111111111111111110011101001011
111111111111111111111111110011011011000
111111111111111111111111110011001100101
111111111111111111111111110010111110010
111111111111111111111111110010101111111
111111111111111111111111110010100001100
111111111111111111111111110010010011001
111111111111111111111111110010000100110
111111111111111111111111110001110110011
111111111111111111111111110001101000000
111111111111111111111111110001011001101
111111111111111111111111110001001011010
111111111111111111111111110000111100111
111111111111111111111111110000101110100
111111111111111111111111110000100000001
111111111111111111111111110000010001110
111111111111111111111111110000000011011
111111111111111111111111101111110101000
111111111111111111111111101111100110101
111111111111111111111111101111011000010
111111111111111111111111101111001001111
111111111111111111111111101110111011100
111111111111111111111111101110101101001
111111111111111111111111101110011110110
111111111111111111111111101110010000011
111111111111111111111111101110000010000
111111111111111111111111101101110011101
111111111111111111111111101101100101010
111111111111111111111111101101010110111
111111111111111111111111101101001000100
111111111111111111111111101100111010001
111111111111111111111111101100101011110
111111111111111111111111101100011101011
111111111111111111111111101100001111000
111111111111111111111111101100000000101
111111111111111111111111101011110010010
111111111111111111111111101011100011111
111111111111111111111111101011010101100
111111111111111111111111101011000111001
111111111111111111111111101010111000110
111111111111111111111111101010101010011
111111111111111111111111101010011100000
111111111111111111111111101010001101101
111111111111111111111111101001111111010
111111111111111111111111101001110000111
111111111111111111111111101001100010100
111111111111111111111111101001010100001
111111111111111111111111101001000101110
111111111111111111111111101000110111011
111111111111111111111111101000101001000
111111111111111111111111101000011010101
111111111111111111111111101000001100010
111111111111111111111111100111111101111
111111111111111111111111100111101111100
111111111111111111111111100111100001001
111111111111111111111111100111010010110
111111111111111111111111100111000100011
111111111111111111111111100110110110000
111111111111111111111111100110100111101
111111111111111111111111100110011001010
111111111111111111111111100110001010111
111111111111111111111111100101111100100
111111111111111111111111100101101110001
111111111111111111111111100101011111110
111111111111111111111111100101010001011
111111111111111111111111100101000011000
111111111111111111111111100100110100101
111111111111111111111111100100100110010
111111111111111111111111100100010111111
111111111111111111111111100100001001100
111111111111111111111111100011111011001
111111111111111111111111100011101100110
111111111111111111111111100011011110011
111111111111111111111111100011010000000
111111111111111111111111100011000001101
111111111111111111111111100010110011010
111111111111111111111111100010100100111
111111111111111111111111100010010110100
111111111111111111111111100010001000001
111111111111111111111111100001111001110
111111111111111111111111100001101011011
111111111111111111111111100001011101000
111111111111111111111111100001001110101
111111111111111111111111100001000000010
111111111111111111111111100000110001111
111111111111111111111111100000100011100
111111111111111111111111100000010101001
111111111111111111111111100000000110110
111111111111111111111111011111111000011
111111111111111111111111011111101010000
111111111111111111111111011111011011101
111111111111111111111111011111001101010
111111111111111111111111011110111110111
111111111111111111111111011110110000100
111111111111111111111111011110100010001
111111111111111111111111011110010011110
111111111111111111111111011110000101011
111111111111111111111111011101110111000
111111111111111111111111011101101000101
111111111111111111111111011101011010010
111111111111111111111111011101001011111
111111111111111111111111011100111101100
111111111111111111111111011100101111001
111111111111111111111111011100100000110
111111111111111111111111011100010010011
111111111111111111111111011100000100000
111111111111111111111111011011110101101
111111111111111111111111011011100111010
111111111111111111111111011011011000111
111111111111111111111111011011001010100
111111111111111111111111011010111100001
111111111111111111111111011010101101110
111111111111111111111111011010011111011
111111111111111111111111011010010001000
111111111111111111111111011010000010101
111111111111111111111111011001110100010
111111111111111111111111011001100101111
111111111111111111111111011001010111100
111111111111111111111111011001001001001
111111111111111111111111011000111010110
111111111111111111111111011000101100011
111111111111111111111111011000011110000
111111111111111111111111011000001111101
111111111111111111111111011000000001010
111111111111111111111111010111110010111
111111111111111111111111010111100100100
111111111111111111111111010111010110001
111111111111111111111111010111000111110
111111111111111111111111010110111001011
111111111111111111111111010110101011000
111111111111111111111111010110011100101
111111111111111111111111010110001110010
111111111111111111111111010101111111111
111111111111111111111111010101110001100
111111111111111111111111010101100011001
111111111111111111111111010101010100110
111111111111111111111111010101000110011
111111111111111111111111010100111000000
111111111111111111111111010100101001101
111111111111111111111111010100011011010
111111111111111111111111010100001100111
111111111111111111111111010011111110100
111111111111111111111111010011110000001
111111111111111111111111010011100001110
111111111111111111111111010011010011011
111111111111111111111111010011000101000
111111111111111111111111010010110110101
111111111111111111111111010010101000010
111111111111111111111111010010011001111
111111111111111111111111010010001011100
111111111111111111111111010001111101001
111111111111111111111111010001101110110
111111111111111111111111010001100000011
111111111111111111111111010001010010000
111111111111111111111111010001000011101
111111111111111111111111010000110101010
111111111111111111111111010000100110111
111111111111111111111111010000011000100
111111111111111111111111010000001010001
111111111111111111111111001111111011110
111111111111111111111111001111101101011
111111111111111111111111001111011111000
111111111111111111111111001111010000101
111111111111111111111111001111000010010
111111111111111111111111001110110011111
111111111111111111111111001110100101100
111111111111111111111111001110010111001
111111111111111111111111001110001000110
111111111111111111111111001101111010011
111111111111111111111111001101101100000
111111111111111111111111001101011101101
111111111111111111111111001101001111010
111111111111111111111111001101000000111
111111111111111111111111001100110010100
111111111111111111111111001100100100001
111111111111111111111111001100010101110
111111111111111111111111001100000111011
111111111111111111111111001011111001000
111111111111111111111111001011101010101
111111111111111111111111001011011100010
111111111111111111111111001011001101111
111111111111111111111111001010111111100
111111111111111111111111001010110001001
111111111111111111111111001010100010110
111111111111111111111111001010010100011
111111111111111111111111001010000110000
111111111111111111111111001001110111101
111111111111111111111111001001101001010
111111111111111111111111001001011010111
111111111111111111111111001001001100100
111111111111111111111111001000111110001
111111111111111111111111001000101111110
111111111111111111111111001000100001011
111111111111111111111111001000010011000
111111111111111111111111001000000100101
111111111111111111111111000111110110010
111111111111111111111111000111100111111
111111111111111111111111000111011001100
111111111111111111111111000111001011001
111111111111111111111111000110111100110
111111111111111111111111000110101110011
