000000000000000000000000000000000000000
111111111111111111111111111111100110101
111111111111111111111111111111001101010
111111111111111111111111111110110011111
111111111111111111111111111110011010100
111111111111111111111111111110000001001
111111111111111111111111111101100111110
111111111111111111111111111101001110011
111111111111111111111111111100110101000
111111111111111111111111111100011011101
111111111111111111111111111100000010010
111111111111111111111111111011101000111
111111111111111111111111111011001111100
111111111111111111111111111010110110001
111111111111111111111111111010011100110
111111111111111111111111111010000011011
111111111111111111111111111001101010000
111111111111111111111111111001010000101
111111111111111111111111111000110111010
111111111111111111111111111000011101111
111111111111111111111111111000000100100
111111111111111111111111110111101011001
111111111111111111111111110111010001110
111111111111111111111111110110111000011
111111111111111111111111110110011111000
111111111111111111111111110110000101101
111111111111111111111111110101101100010
111111111111111111111111110101010010111
111111111111111111111111110100111001100
111111111111111111111111110100100000001
111111111111111111111111110100000110110
111111111111111111111111110011101101011
111111111111111111111111110011010100000
111111111111111111111111110010111010101
111111111111111111111111110010100001010
111111111111111111111111110010000111111
111111111111111111111111110001101110100
111111111111111111111111110001010101001
111111111111111111111111110000111011110
111111111111111111111111110000100010011
111111111111111111111111110000001001000
111111111111111111111111101111101111101
111111111111111111111111101111010110010
111111111111111111111111101110111100111
111111111111111111111111101110100011100
111111111111111111111111101110001010001
111111111111111111111111101101110000110
111111111111111111111111101101010111011
111111111111111111111111101100111110000
111111111111111111111111101100100100101
111111111111111111111111101100001011010
111111111111111111111111101011110001111
111111111111111111111111101011011000100
111111111111111111111111101010111111001
111111111111111111111111101010100101110
111111111111111111111111101010001100011
111111111111111111111111101001110011000
111111111111111111111111101001011001101
111111111111111111111111101001000000010
111111111111111111111111101000100110111
111111111111111111111111101000001101100
111111111111111111111111100111110100001
111111111111111111111111100111011010110
111111111111111111111111100111000001011
111111111111111111111111100110101000000
111111111111111111111111100110001110101
111111111111111111111111100101110101010
111111111111111111111111100101011011111
111111111111111111111111100101000010100
111111111111111111111111100100101001001
111111111111111111111111100100001111110
111111111111111111111111100011110110011
111111111111111111111111100011011101000
111111111111111111111111100011000011101
111111111111111111111111100010101010010
111111111111111111111111100010010000111
111111111111111111111111100001110111100
111111111111111111111111100001011110001
111111111111111111111111100001000100110
111111111111111111111111100000101011011
111111111111111111111111100000010010000
111111111111111111111111011111111000101
111111111111111111111111011111011111010
111111111111111111111111011111000101111
111111111111111111111111011110101100100
111111111111111111111111011110010011001
111111111111111111111111011101111001110
111111111111111111111111011101100000011
111111111111111111111111011101000111000
111111111111111111111111011100101101101
111111111111111111111111011100010100010
111111111111111111111111011011111010111
111111111111111111111111011011100001100
111111111111111111111111011011001000001
111111111111111111111111011010101110110
111111111111111111111111011010010101011
111111111111111111111111011001111100000
111111111111111111111111011001100010101
111111111111111111111111011001001001010
111111111111111111111111011000101111111
111111111111111111111111011000010110100
111111111111111111111111010111111101001
111111111111111111111111010111100011110
111111111111111111111111010111001010011
111111111111111111111111010110110001000
111111111111111111111111010110010111101
111111111111111111111111010101111110010
111111111111111111111111010101100100111
111111111111111111111111010101001011100
111111111111111111111111010100110010001
111111111111111111111111010100011000110
111111111111111111111111010011111111011
111111111111111111111111010011100110000
111111111111111111111111010011001100101
111111111111111111111111010010110011010
111111111111111111111111010010011001111
111111111111111111111111010010000000100
111111111111111111111111010001100111001
111111111111111111111111010001001101110
111111111111111111111111010000110100011
111111111111111111111111010000011011000
111111111111111111111111010000000001101
111111111111111111111111001111101000010
111111111111111111111111001111001110111
111111111111111111111111001110110101100
111111111111111111111111001110011100001
111111111111111111111111001110000010110
111111111111111111111111001101101001011
111111111111111111111111001101010000000
111111111111111111111111001100110110101
111111111111111111111111001100011101010
111111111111111111111111001100000011111
111111111111111111111111001011101010100
111111111111111111111111001011010001001
111111111111111111111111001010110111110
111111111111111111111111001010011110011
111111111111111111111111001010000101000
111111111111111111111111001001101011101
111111111111111111111111001001010010010
111111111111111111111111001000111000111
111111111111111111111111001000011111100
111111111111111111111111001000000110001
111111111111111111111111000111101100110
111111111111111111111111000111010011011
111111111111111111111111000110111010000
111111111111111111111111000110100000101
111111111111111111111111000110000111010
111111111111111111111111000101101101111
111111111111111111111111000101010100100
111111111111111111111111000100111011001
111111111111111111111111000100100001110
111111111111111111111111000100001000011
111111111111111111111111000011101111000
111111111111111111111111000011010101101
111111111111111111111111000010111100010
111111111111111111111111000010100010111
111111111111111111111111000010001001100
111111111111111111111111000001110000001
111111111111111111111111000001010110110
111111111111111111111111000000111101011
111111111111111111111111000000100100000
111111111111111111111111000000001010101
111111111111111111111110111111110001010
111111111111111111111110111111010111111
111111111111111111111110111110111110100
111111111111111111111110111110100101001
111111111111111111111110111110001011110
111111111111111111111110111101110010011
111111111111111111111110111101011001000
111111111111111111111110111100111111101
111111111111111111111110111100100110010
111111111111111111111110111100001100111
111111111111111111111110111011110011100
111111111111111111111110111011011010001
111111111111111111111110111011000000110
111111111111111111111110111010100111011
111111111111111111111110111010001110000
111111111111111111111110111001110100101
111111111111111111111110111001011011010
111111111111111111111110111001000001111
111111111111111111111110111000101000100
111111111111111111111110111000001111001
111111111111111111111110110111110101110
111111111111111111111110110111011100011
111111111111111111111110110111000011000
111111111111111111111110110110101001101
111111111111111111111110110110010000010
111111111111111111111110110101110110111
111111111111111111111110110101011101100
111111111111111111111110110101000100001
111111111111111111111110110100101010110
111111111111111111111110110100010001011
111111111111111111111110110011111000000
111111111111111111111110110011011110101
111111111111111111111110110011000101010
111111111111111111111110110010101011111
111111111111111111111110110010010010100
111111111111111111111110110001111001001
111111111111111111111110110001011111110
111111111111111111111110110001000110011
111111111111111111111110110000101101000
111111111111111111111110110000010011101
111111111111111111111110101111111010010
111111111111111111111110101111100000111
111111111111111111111110101111000111100
111111111111111111111110101110101110001
111111111111111111111110101110010100110
111111111111111111111110101101111011011
111111111111111111111110101101100010000
111111111111111111111110101101001000101
111111111111111111111110101100101111010
111111111111111111111110101100010101111
111111111111111111111110101011111100100
111111111111111111111110101011100011001
111111111111111111111110101011001001110
111111111111111111111110101010110000011
111111111111111111111110101010010111000
111111111111111111111110101001111101101
111111111111111111111110101001100100010
111111111111111111111110101001001010111
111111111111111111111110101000110001100
111111111111111111111110101000011000001
111111111111111111111110100111111110110
111111111111111111111110100111100101011
111111111111111111111110100111001100000
111111111111111111111110100110110010101
111111111111111111111110100110011001010
111111111111111111111110100101111111111
111111111111111111111110100101100110100
111111111111111111111110100101001101001
111111111111111111111110100100110011110
111111111111111111111110100100011010011
111111111111111111111110100100000001000
111111111111111111111110100011100111101
111111111111111111111110100011001110010
111111111111111111111110100010110100111
111111111111111111111110100010011011100
111111111111111111111110100010000010001
111111111111111111111110100001101000110
111111111111111111111110100001001111011
111111111111111111111110100000110110000
111111111111111111111110100000011100101
111111111111111111111110100000000011010
111111111111111111111110011111101001111
111111111111111111111110011111010000100
111111111111111111111110011110110111001
111111111111111111111110011110011101110
111111111111111111111110011110000100011
111111111111111111111110011101101011000
111111111111111111111110011101010001101
111111111111111111111110011100111000010
111111111111111111111110011100011110111
111111111111111111111110011100000101100
111111111111111111111110011011101100001
111111111111111111111110011011010010110
111111111111111111111110011010111001011
