000000000000000000000000000000000000000
111111111111111111111111111111101010000
111111111111111111111111111111010100000
111111111111111111111111111110111110000
111111111111111111111111111110101000000
111111111111111111111111111110010010000
111111111111111111111111111101111100000
111111111111111111111111111101100110000
111111111111111111111111111101010000000
111111111111111111111111111100111010000
111111111111111111111111111100100100000
111111111111111111111111111100001110000
111111111111111111111111111011111000000
111111111111111111111111111011100010000
111111111111111111111111111011001100000
111111111111111111111111111010110110000
111111111111111111111111111010100000000
111111111111111111111111111010001010000
111111111111111111111111111001110100000
111111111111111111111111111001011110000
111111111111111111111111111001001000000
111111111111111111111111111000110010000
111111111111111111111111111000011100000
111111111111111111111111111000000110000
111111111111111111111111110111110000000
111111111111111111111111110111011010000
111111111111111111111111110111000100000
111111111111111111111111110110101110000
111111111111111111111111110110011000000
111111111111111111111111110110000010000
111111111111111111111111110101101100000
111111111111111111111111110101010110000
111111111111111111111111110101000000000
111111111111111111111111110100101010000
111111111111111111111111110100010100000
111111111111111111111111110011111110000
111111111111111111111111110011101000000
111111111111111111111111110011010010000
111111111111111111111111110010111100000
111111111111111111111111110010100110000
111111111111111111111111110010010000000
111111111111111111111111110001111010000
111111111111111111111111110001100100000
111111111111111111111111110001001110000
111111111111111111111111110000111000000
111111111111111111111111110000100010000
111111111111111111111111110000001100000
111111111111111111111111101111110110000
111111111111111111111111101111100000000
111111111111111111111111101111001010000
111111111111111111111111101110110100000
111111111111111111111111101110011110000
111111111111111111111111101110001000000
111111111111111111111111101101110010000
111111111111111111111111101101011100000
111111111111111111111111101101000110000
111111111111111111111111101100110000000
111111111111111111111111101100011010000
111111111111111111111111101100000100000
111111111111111111111111101011101110000
111111111111111111111111101011011000000
111111111111111111111111101011000010000
111111111111111111111111101010101100000
111111111111111111111111101010010110000
111111111111111111111111101010000000000
111111111111111111111111101001101010000
111111111111111111111111101001010100000
111111111111111111111111101000111110000
111111111111111111111111101000101000000
111111111111111111111111101000010010000
111111111111111111111111100111111100000
111111111111111111111111100111100110000
111111111111111111111111100111010000000
111111111111111111111111100110111010000
111111111111111111111111100110100100000
111111111111111111111111100110001110000
111111111111111111111111100101111000000
111111111111111111111111100101100010000
111111111111111111111111100101001100000
111111111111111111111111100100110110000
111111111111111111111111100100100000000
111111111111111111111111100100001010000
111111111111111111111111100011110100000
111111111111111111111111100011011110000
111111111111111111111111100011001000000
111111111111111111111111100010110010000
111111111111111111111111100010011100000
111111111111111111111111100010000110000
111111111111111111111111100001110000000
111111111111111111111111100001011010000
111111111111111111111111100001000100000
111111111111111111111111100000101110000
111111111111111111111111100000011000000
111111111111111111111111100000000010000
111111111111111111111111011111101100000
111111111111111111111111011111010110000
111111111111111111111111011111000000000
111111111111111111111111011110101010000
111111111111111111111111011110010100000
111111111111111111111111011101111110000
111111111111111111111111011101101000000
111111111111111111111111011101010010000
111111111111111111111111011100111100000
111111111111111111111111011100100110000
111111111111111111111111011100010000000
111111111111111111111111011011111010000
111111111111111111111111011011100100000
111111111111111111111111011011001110000
111111111111111111111111011010111000000
111111111111111111111111011010100010000
111111111111111111111111011010001100000
111111111111111111111111011001110110000
111111111111111111111111011001100000000
111111111111111111111111011001001010000
111111111111111111111111011000110100000
111111111111111111111111011000011110000
111111111111111111111111011000001000000
111111111111111111111111010111110010000
111111111111111111111111010111011100000
111111111111111111111111010111000110000
111111111111111111111111010110110000000
111111111111111111111111010110011010000
111111111111111111111111010110000100000
111111111111111111111111010101101110000
111111111111111111111111010101011000000
111111111111111111111111010101000010000
111111111111111111111111010100101100000
111111111111111111111111010100010110000
111111111111111111111111010100000000000
111111111111111111111111010011101010000
111111111111111111111111010011010100000
111111111111111111111111010010111110000
111111111111111111111111010010101000000
111111111111111111111111010010010010000
111111111111111111111111010001111100000
111111111111111111111111010001100110000
111111111111111111111111010001010000000
111111111111111111111111010000111010000
111111111111111111111111010000100100000
111111111111111111111111010000001110000
111111111111111111111111001111111000000
111111111111111111111111001111100010000
111111111111111111111111001111001100000
111111111111111111111111001110110110000
111111111111111111111111001110100000000
111111111111111111111111001110001010000
111111111111111111111111001101110100000
111111111111111111111111001101011110000
111111111111111111111111001101001000000
111111111111111111111111001100110010000
111111111111111111111111001100011100000
111111111111111111111111001100000110000
111111111111111111111111001011110000000
111111111111111111111111001011011010000
111111111111111111111111001011000100000
111111111111111111111111001010101110000
111111111111111111111111001010011000000
111111111111111111111111001010000010000
111111111111111111111111001001101100000
111111111111111111111111001001010110000
111111111111111111111111001001000000000
111111111111111111111111001000101010000
111111111111111111111111001000010100000
111111111111111111111111000111111110000
111111111111111111111111000111101000000
111111111111111111111111000111010010000
111111111111111111111111000110111100000
111111111111111111111111000110100110000
111111111111111111111111000110010000000
111111111111111111111111000101111010000
111111111111111111111111000101100100000
111111111111111111111111000101001110000
111111111111111111111111000100111000000
111111111111111111111111000100100010000
111111111111111111111111000100001100000
111111111111111111111111000011110110000
111111111111111111111111000011100000000
111111111111111111111111000011001010000
111111111111111111111111000010110100000
111111111111111111111111000010011110000
111111111111111111111111000010001000000
111111111111111111111111000001110010000
111111111111111111111111000001011100000
111111111111111111111111000001000110000
111111111111111111111111000000110000000
111111111111111111111111000000011010000
111111111111111111111111000000000100000
111111111111111111111110111111101110000
111111111111111111111110111111011000000
111111111111111111111110111111000010000
111111111111111111111110111110101100000
111111111111111111111110111110010110000
111111111111111111111110111110000000000
111111111111111111111110111101101010000
111111111111111111111110111101010100000
111111111111111111111110111100111110000
111111111111111111111110111100101000000
111111111111111111111110111100010010000
111111111111111111111110111011111100000
111111111111111111111110111011100110000
111111111111111111111110111011010000000
111111111111111111111110111010111010000
111111111111111111111110111010100100000
111111111111111111111110111010001110000
111111111111111111111110111001111000000
111111111111111111111110111001100010000
111111111111111111111110111001001100000
111111111111111111111110111000110110000
111111111111111111111110111000100000000
111111111111111111111110111000001010000
111111111111111111111110110111110100000
111111111111111111111110110111011110000
111111111111111111111110110111001000000
111111111111111111111110110110110010000
111111111111111111111110110110011100000
111111111111111111111110110110000110000
111111111111111111111110110101110000000
111111111111111111111110110101011010000
111111111111111111111110110101000100000
111111111111111111111110110100101110000
111111111111111111111110110100011000000
111111111111111111111110110100000010000
111111111111111111111110110011101100000
111111111111111111111110110011010110000
111111111111111111111110110011000000000
111111111111111111111110110010101010000
111111111111111111111110110010010100000
111111111111111111111110110001111110000
111111111111111111111110110001101000000
111111111111111111111110110001010010000
111111111111111111111110110000111100000
111111111111111111111110110000100110000
111111111111111111111110110000010000000
111111111111111111111110101111111010000
111111111111111111111110101111100100000
111111111111111111111110101111001110000
111111111111111111111110101110111000000
111111111111111111111110101110100010000
111111111111111111111110101110001100000
111111111111111111111110101101110110000
111111111111111111111110101101100000000
111111111111111111111110101101001010000
111111111111111111111110101100110100000
111111111111111111111110101100011110000
111111111111111111111110101100001000000
111111111111111111111110101011110010000
111111111111111111111110101011011100000
111111111111111111111110101011000110000
111111111111111111111110101010110000000
111111111111111111111110101010011010000
111111111111111111111110101010000100000
111111111111111111111110101001101110000
111111111111111111111110101001011000000
111111111111111111111110101001000010000
111111111111111111111110101000101100000
111111111111111111111110101000010110000
