000000000000000000000000000000000000000
000000000000000000000000000000010000100
000000000000000000000000000000100001000
000000000000000000000000000000110001100
000000000000000000000000000001000010000
000000000000000000000000000001010010100
000000000000000000000000000001100011000
000000000000000000000000000001110011100
000000000000000000000000000010000100000
000000000000000000000000000010010100100
000000000000000000000000000010100101000
000000000000000000000000000010110101100
000000000000000000000000000011000110000
000000000000000000000000000011010110100
000000000000000000000000000011100111000
000000000000000000000000000011110111100
000000000000000000000000000100001000000
000000000000000000000000000100011000100
000000000000000000000000000100101001000
000000000000000000000000000100111001100
000000000000000000000000000101001010000
000000000000000000000000000101011010100
000000000000000000000000000101101011000
000000000000000000000000000101111011100
000000000000000000000000000110001100000
000000000000000000000000000110011100100
000000000000000000000000000110101101000
000000000000000000000000000110111101100
000000000000000000000000000111001110000
000000000000000000000000000111011110100
000000000000000000000000000111101111000
000000000000000000000000000111111111100
000000000000000000000000001000010000000
000000000000000000000000001000100000100
000000000000000000000000001000110001000
000000000000000000000000001001000001100
000000000000000000000000001001010010000
000000000000000000000000001001100010100
000000000000000000000000001001110011000
000000000000000000000000001010000011100
000000000000000000000000001010010100000
000000000000000000000000001010100100100
000000000000000000000000001010110101000
000000000000000000000000001011000101100
000000000000000000000000001011010110000
000000000000000000000000001011100110100
000000000000000000000000001011110111000
000000000000000000000000001100000111100
000000000000000000000000001100011000000
000000000000000000000000001100101000100
000000000000000000000000001100111001000
000000000000000000000000001101001001100
000000000000000000000000001101011010000
000000000000000000000000001101101010100
000000000000000000000000001101111011000
000000000000000000000000001110001011100
000000000000000000000000001110011100000
000000000000000000000000001110101100100
000000000000000000000000001110111101000
000000000000000000000000001111001101100
000000000000000000000000001111011110000
000000000000000000000000001111101110100
000000000000000000000000001111111111000
000000000000000000000000010000001111100
000000000000000000000000010000100000000
000000000000000000000000010000110000100
000000000000000000000000010001000001000
000000000000000000000000010001010001100
000000000000000000000000010001100010000
000000000000000000000000010001110010100
000000000000000000000000010010000011000
000000000000000000000000010010010011100
000000000000000000000000010010100100000
000000000000000000000000010010110100100
000000000000000000000000010011000101000
000000000000000000000000010011010101100
000000000000000000000000010011100110000
000000000000000000000000010011110110100
000000000000000000000000010100000111000
000000000000000000000000010100010111100
000000000000000000000000010100101000000
000000000000000000000000010100111000100
000000000000000000000000010101001001000
000000000000000000000000010101011001100
000000000000000000000000010101101010000
000000000000000000000000010101111010100
000000000000000000000000010110001011000
000000000000000000000000010110011011100
000000000000000000000000010110101100000
000000000000000000000000010110111100100
000000000000000000000000010111001101000
000000000000000000000000010111011101100
000000000000000000000000010111101110000
000000000000000000000000010111111110100
000000000000000000000000011000001111000
000000000000000000000000011000011111100
000000000000000000000000011000110000000
000000000000000000000000011001000000100
000000000000000000000000011001010001000
000000000000000000000000011001100001100
000000000000000000000000011001110010000
000000000000000000000000011010000010100
000000000000000000000000011010010011000
000000000000000000000000011010100011100
000000000000000000000000011010110100000
000000000000000000000000011011000100100
000000000000000000000000011011010101000
000000000000000000000000011011100101100
000000000000000000000000011011110110000
000000000000000000000000011100000110100
000000000000000000000000011100010111000
000000000000000000000000011100100111100
000000000000000000000000011100111000000
000000000000000000000000011101001000100
000000000000000000000000011101011001000
000000000000000000000000011101101001100
000000000000000000000000011101111010000
000000000000000000000000011110001010100
000000000000000000000000011110011011000
000000000000000000000000011110101011100
000000000000000000000000011110111100000
000000000000000000000000011111001100100
000000000000000000000000011111011101000
000000000000000000000000011111101101100
000000000000000000000000011111111110000
000000000000000000000000100000001110100
000000000000000000000000100000011111000
000000000000000000000000100000101111100
000000000000000000000000100001000000000
000000000000000000000000100001010000100
000000000000000000000000100001100001000
000000000000000000000000100001110001100
000000000000000000000000100010000010000
000000000000000000000000100010010010100
000000000000000000000000100010100011000
000000000000000000000000100010110011100
000000000000000000000000100011000100000
000000000000000000000000100011010100100
000000000000000000000000100011100101000
000000000000000000000000100011110101100
000000000000000000000000100100000110000
000000000000000000000000100100010110100
000000000000000000000000100100100111000
000000000000000000000000100100110111100
000000000000000000000000100101001000000
000000000000000000000000100101011000100
000000000000000000000000100101101001000
000000000000000000000000100101111001100
000000000000000000000000100110001010000
000000000000000000000000100110011010100
000000000000000000000000100110101011000
000000000000000000000000100110111011100
000000000000000000000000100111001100000
000000000000000000000000100111011100100
000000000000000000000000100111101101000
000000000000000000000000100111111101100
000000000000000000000000101000001110000
000000000000000000000000101000011110100
000000000000000000000000101000101111000
000000000000000000000000101000111111100
000000000000000000000000101001010000000
000000000000000000000000101001100000100
000000000000000000000000101001110001000
000000000000000000000000101010000001100
000000000000000000000000101010010010000
000000000000000000000000101010100010100
000000000000000000000000101010110011000
000000000000000000000000101011000011100
000000000000000000000000101011010100000
000000000000000000000000101011100100100
000000000000000000000000101011110101000
000000000000000000000000101100000101100
000000000000000000000000101100010110000
000000000000000000000000101100100110100
000000000000000000000000101100110111000
000000000000000000000000101101000111100
000000000000000000000000101101011000000
000000000000000000000000101101101000100
000000000000000000000000101101111001000
000000000000000000000000101110001001100
000000000000000000000000101110011010000
000000000000000000000000101110101010100
000000000000000000000000101110111011000
000000000000000000000000101111001011100
000000000000000000000000101111011100000
000000000000000000000000101111101100100
000000000000000000000000101111111101000
000000000000000000000000110000001101100
000000000000000000000000110000011110000
000000000000000000000000110000101110100
000000000000000000000000110000111111000
000000000000000000000000110001001111100
000000000000000000000000110001100000000
000000000000000000000000110001110000100
000000000000000000000000110010000001000
000000000000000000000000110010010001100
000000000000000000000000110010100010000
000000000000000000000000110010110010100
000000000000000000000000110011000011000
000000000000000000000000110011010011100
000000000000000000000000110011100100000
000000000000000000000000110011110100100
000000000000000000000000110100000101000
000000000000000000000000110100010101100
000000000000000000000000110100100110000
000000000000000000000000110100110110100
000000000000000000000000110101000111000
000000000000000000000000110101010111100
000000000000000000000000110101101000000
000000000000000000000000110101111000100
000000000000000000000000110110001001000
000000000000000000000000110110011001100
000000000000000000000000110110101010000
000000000000000000000000110110111010100
000000000000000000000000110111001011000
000000000000000000000000110111011011100
000000000000000000000000110111101100000
000000000000000000000000110111111100100
000000000000000000000000111000001101000
000000000000000000000000111000011101100
000000000000000000000000111000101110000
000000000000000000000000111000111110100
000000000000000000000000111001001111000
000000000000000000000000111001011111100
000000000000000000000000111001110000000
000000000000000000000000111010000000100
000000000000000000000000111010010001000
000000000000000000000000111010100001100
000000000000000000000000111010110010000
000000000000000000000000111011000010100
000000000000000000000000111011010011000
000000000000000000000000111011100011100
000000000000000000000000111011110100000
000000000000000000000000111100000100100
000000000000000000000000111100010101000
000000000000000000000000111100100101100
000000000000000000000000111100110110000
000000000000000000000000111101000110100
000000000000000000000000111101010111000
000000000000000000000000111101100111100
000000000000000000000000111101111000000
000000000000000000000000111110001000100
000000000000000000000000111110011001000
000000000000000000000000111110101001100
000000000000000000000000111110111010000
000000000000000000000000111111001010100
000000000000000000000000111111011011000
000000000000000000000000111111101011100
000000000000000000000000111111111100000
000000000000000000000001000000001100100
000000000000000000000001000000011101000
000000000000000000000001000000101101100
000000000000000000000001000000111110000
000000000000000000000001000001001110100
000000000000000000000001000001011111000
000000000000000000000001000001101111100
