000000000000000000000000000000000000000
111111111111111111111111111111101100100
111111111111111111111111111111011001000
111111111111111111111111111111000101100
111111111111111111111111111110110010000
111111111111111111111111111110011110100
111111111111111111111111111110001011000
111111111111111111111111111101110111100
111111111111111111111111111101100100000
111111111111111111111111111101010000100
111111111111111111111111111100111101000
111111111111111111111111111100101001100
111111111111111111111111111100010110000
111111111111111111111111111100000010100
111111111111111111111111111011101111000
111111111111111111111111111011011011100
111111111111111111111111111011001000000
111111111111111111111111111010110100100
111111111111111111111111111010100001000
111111111111111111111111111010001101100
111111111111111111111111111001111010000
111111111111111111111111111001100110100
111111111111111111111111111001010011000
111111111111111111111111111000111111100
111111111111111111111111111000101100000
111111111111111111111111111000011000100
111111111111111111111111111000000101000
111111111111111111111111110111110001100
111111111111111111111111110111011110000
111111111111111111111111110111001010100
111111111111111111111111110110110111000
111111111111111111111111110110100011100
111111111111111111111111110110010000000
111111111111111111111111110101111100100
111111111111111111111111110101101001000
111111111111111111111111110101010101100
111111111111111111111111110101000010000
111111111111111111111111110100101110100
111111111111111111111111110100011011000
111111111111111111111111110100000111100
111111111111111111111111110011110100000
111111111111111111111111110011100000100
111111111111111111111111110011001101000
111111111111111111111111110010111001100
111111111111111111111111110010100110000
111111111111111111111111110010010010100
111111111111111111111111110001111111000
111111111111111111111111110001101011100
111111111111111111111111110001011000000
111111111111111111111111110001000100100
111111111111111111111111110000110001000
111111111111111111111111110000011101100
111111111111111111111111110000001010000
111111111111111111111111101111110110100
111111111111111111111111101111100011000
111111111111111111111111101111001111100
111111111111111111111111101110111100000
111111111111111111111111101110101000100
111111111111111111111111101110010101000
111111111111111111111111101110000001100
111111111111111111111111101101101110000
111111111111111111111111101101011010100
111111111111111111111111101101000111000
111111111111111111111111101100110011100
111111111111111111111111101100100000000
111111111111111111111111101100001100100
111111111111111111111111101011111001000
111111111111111111111111101011100101100
111111111111111111111111101011010010000
111111111111111111111111101010111110100
111111111111111111111111101010101011000
111111111111111111111111101010010111100
111111111111111111111111101010000100000
111111111111111111111111101001110000100
111111111111111111111111101001011101000
111111111111111111111111101001001001100
111111111111111111111111101000110110000
111111111111111111111111101000100010100
111111111111111111111111101000001111000
111111111111111111111111100111111011100
111111111111111111111111100111101000000
111111111111111111111111100111010100100
111111111111111111111111100111000001000
111111111111111111111111100110101101100
111111111111111111111111100110011010000
111111111111111111111111100110000110100
111111111111111111111111100101110011000
111111111111111111111111100101011111100
111111111111111111111111100101001100000
111111111111111111111111100100111000100
111111111111111111111111100100100101000
111111111111111111111111100100010001100
111111111111111111111111100011111110000
111111111111111111111111100011101010100
111111111111111111111111100011010111000
111111111111111111111111100011000011100
111111111111111111111111100010110000000
111111111111111111111111100010011100100
111111111111111111111111100010001001000
111111111111111111111111100001110101100
111111111111111111111111100001100010000
111111111111111111111111100001001110100
111111111111111111111111100000111011000
111111111111111111111111100000100111100
111111111111111111111111100000010100000
111111111111111111111111100000000000100
111111111111111111111111011111101101000
111111111111111111111111011111011001100
111111111111111111111111011111000110000
111111111111111111111111011110110010100
111111111111111111111111011110011111000
111111111111111111111111011110001011100
111111111111111111111111011101111000000
111111111111111111111111011101100100100
111111111111111111111111011101010001000
111111111111111111111111011100111101100
111111111111111111111111011100101010000
111111111111111111111111011100010110100
111111111111111111111111011100000011000
111111111111111111111111011011101111100
111111111111111111111111011011011100000
111111111111111111111111011011001000100
111111111111111111111111011010110101000
111111111111111111111111011010100001100
111111111111111111111111011010001110000
111111111111111111111111011001111010100
111111111111111111111111011001100111000
111111111111111111111111011001010011100
111111111111111111111111011001000000000
111111111111111111111111011000101100100
111111111111111111111111011000011001000
111111111111111111111111011000000101100
111111111111111111111111010111110010000
111111111111111111111111010111011110100
111111111111111111111111010111001011000
111111111111111111111111010110110111100
111111111111111111111111010110100100000
111111111111111111111111010110010000100
111111111111111111111111010101111101000
111111111111111111111111010101101001100
111111111111111111111111010101010110000
111111111111111111111111010101000010100
111111111111111111111111010100101111000
111111111111111111111111010100011011100
111111111111111111111111010100001000000
111111111111111111111111010011110100100
111111111111111111111111010011100001000
111111111111111111111111010011001101100
111111111111111111111111010010111010000
111111111111111111111111010010100110100
111111111111111111111111010010010011000
111111111111111111111111010001111111100
111111111111111111111111010001101100000
111111111111111111111111010001011000100
111111111111111111111111010001000101000
111111111111111111111111010000110001100
111111111111111111111111010000011110000
111111111111111111111111010000001010100
111111111111111111111111001111110111000
111111111111111111111111001111100011100
111111111111111111111111001111010000000
111111111111111111111111001110111100100
111111111111111111111111001110101001000
111111111111111111111111001110010101100
111111111111111111111111001110000010000
111111111111111111111111001101101110100
111111111111111111111111001101011011000
111111111111111111111111001101000111100
111111111111111111111111001100110100000
111111111111111111111111001100100000100
111111111111111111111111001100001101000
111111111111111111111111001011111001100
111111111111111111111111001011100110000
111111111111111111111111001011010010100
111111111111111111111111001010111111000
111111111111111111111111001010101011100
111111111111111111111111001010011000000
111111111111111111111111001010000100100
111111111111111111111111001001110001000
111111111111111111111111001001011101100
111111111111111111111111001001001010000
111111111111111111111111001000110110100
111111111111111111111111001000100011000
111111111111111111111111001000001111100
111111111111111111111111000111111100000
111111111111111111111111000111101000100
111111111111111111111111000111010101000
111111111111111111111111000111000001100
111111111111111111111111000110101110000
111111111111111111111111000110011010100
111111111111111111111111000110000111000
111111111111111111111111000101110011100
111111111111111111111111000101100000000
111111111111111111111111000101001100100
111111111111111111111111000100111001000
111111111111111111111111000100100101100
111111111111111111111111000100010010000
111111111111111111111111000011111110100
111111111111111111111111000011101011000
111111111111111111111111000011010111100
111111111111111111111111000011000100000
111111111111111111111111000010110000100
111111111111111111111111000010011101000
111111111111111111111111000010001001100
111111111111111111111111000001110110000
111111111111111111111111000001100010100
111111111111111111111111000001001111000
111111111111111111111111000000111011100
111111111111111111111111000000101000000
111111111111111111111111000000010100100
111111111111111111111111000000000001000
111111111111111111111110111111101101100
111111111111111111111110111111011010000
111111111111111111111110111111000110100
111111111111111111111110111110110011000
111111111111111111111110111110011111100
111111111111111111111110111110001100000
111111111111111111111110111101111000100
111111111111111111111110111101100101000
111111111111111111111110111101010001100
111111111111111111111110111100111110000
111111111111111111111110111100101010100
111111111111111111111110111100010111000
111111111111111111111110111100000011100
111111111111111111111110111011110000000
111111111111111111111110111011011100100
111111111111111111111110111011001001000
111111111111111111111110111010110101100
111111111111111111111110111010100010000
111111111111111111111110111010001110100
111111111111111111111110111001111011000
111111111111111111111110111001100111100
111111111111111111111110111001010100000
111111111111111111111110111001000000100
111111111111111111111110111000101101000
111111111111111111111110111000011001100
111111111111111111111110111000000110000
111111111111111111111110110111110010100
111111111111111111111110110111011111000
111111111111111111111110110111001011100
111111111111111111111110110110111000000
111111111111111111111110110110100100100
111111111111111111111110110110010001000
111111111111111111111110110101111101100
111111111111111111111110110101101010000
111111111111111111111110110101010110100
111111111111111111111110110101000011000
111111111111111111111110110100101111100
111111111111111111111110110100011100000
111111111111111111111110110100001000100
111111111111111111111110110011110101000
111111111111111111111110110011100001100
111111111111111111111110110011001110000
111111111111111111111110110010111010100
111111111111111111111110110010100111000
111111111111111111111110110010010011100
