000000000000000000000000000000000000000
111111111111111111111111111111101111100
111111111111111111111111111111011111000
111111111111111111111111111111001110100
111111111111111111111111111110111110000
111111111111111111111111111110101101100
111111111111111111111111111110011101000
111111111111111111111111111110001100100
111111111111111111111111111101111100000
111111111111111111111111111101101011100
111111111111111111111111111101011011000
111111111111111111111111111101001010100
111111111111111111111111111100111010000
111111111111111111111111111100101001100
111111111111111111111111111100011001000
111111111111111111111111111100001000100
111111111111111111111111111011111000000
111111111111111111111111111011100111100
111111111111111111111111111011010111000
111111111111111111111111111011000110100
111111111111111111111111111010110110000
111111111111111111111111111010100101100
111111111111111111111111111010010101000
111111111111111111111111111010000100100
111111111111111111111111111001110100000
111111111111111111111111111001100011100
111111111111111111111111111001010011000
111111111111111111111111111001000010100
111111111111111111111111111000110010000
111111111111111111111111111000100001100
111111111111111111111111111000010001000
111111111111111111111111111000000000100
111111111111111111111111110111110000000
111111111111111111111111110111011111100
111111111111111111111111110111001111000
111111111111111111111111110110111110100
111111111111111111111111110110101110000
111111111111111111111111110110011101100
111111111111111111111111110110001101000
111111111111111111111111110101111100100
111111111111111111111111110101101100000
111111111111111111111111110101011011100
111111111111111111111111110101001011000
111111111111111111111111110100111010100
111111111111111111111111110100101010000
111111111111111111111111110100011001100
111111111111111111111111110100001001000
111111111111111111111111110011111000100
111111111111111111111111110011101000000
111111111111111111111111110011010111100
111111111111111111111111110011000111000
111111111111111111111111110010110110100
111111111111111111111111110010100110000
111111111111111111111111110010010101100
111111111111111111111111110010000101000
111111111111111111111111110001110100100
111111111111111111111111110001100100000
111111111111111111111111110001010011100
111111111111111111111111110001000011000
111111111111111111111111110000110010100
111111111111111111111111110000100010000
111111111111111111111111110000010001100
111111111111111111111111110000000001000
111111111111111111111111101111110000100
111111111111111111111111101111100000000
111111111111111111111111101111001111100
111111111111111111111111101110111111000
111111111111111111111111101110101110100
111111111111111111111111101110011110000
111111111111111111111111101110001101100
111111111111111111111111101101111101000
111111111111111111111111101101101100100
111111111111111111111111101101011100000
111111111111111111111111101101001011100
111111111111111111111111101100111011000
111111111111111111111111101100101010100
111111111111111111111111101100011010000
111111111111111111111111101100001001100
111111111111111111111111101011111001000
111111111111111111111111101011101000100
111111111111111111111111101011011000000
111111111111111111111111101011000111100
111111111111111111111111101010110111000
111111111111111111111111101010100110100
111111111111111111111111101010010110000
111111111111111111111111101010000101100
111111111111111111111111101001110101000
111111111111111111111111101001100100100
111111111111111111111111101001010100000
111111111111111111111111101001000011100
111111111111111111111111101000110011000
111111111111111111111111101000100010100
111111111111111111111111101000010010000
111111111111111111111111101000000001100
111111111111111111111111100111110001000
111111111111111111111111100111100000100
111111111111111111111111100111010000000
111111111111111111111111100110111111100
111111111111111111111111100110101111000
111111111111111111111111100110011110100
111111111111111111111111100110001110000
111111111111111111111111100101111101100
111111111111111111111111100101101101000
111111111111111111111111100101011100100
111111111111111111111111100101001100000
111111111111111111111111100100111011100
111111111111111111111111100100101011000
111111111111111111111111100100011010100
111111111111111111111111100100001010000
111111111111111111111111100011111001100
111111111111111111111111100011101001000
111111111111111111111111100011011000100
111111111111111111111111100011001000000
111111111111111111111111100010110111100
111111111111111111111111100010100111000
111111111111111111111111100010010110100
111111111111111111111111100010000110000
111111111111111111111111100001110101100
111111111111111111111111100001100101000
111111111111111111111111100001010100100
111111111111111111111111100001000100000
111111111111111111111111100000110011100
111111111111111111111111100000100011000
111111111111111111111111100000010010100
111111111111111111111111100000000010000
111111111111111111111111011111110001100
111111111111111111111111011111100001000
111111111111111111111111011111010000100
111111111111111111111111011111000000000
111111111111111111111111011110101111100
111111111111111111111111011110011111000
111111111111111111111111011110001110100
111111111111111111111111011101111110000
111111111111111111111111011101101101100
111111111111111111111111011101011101000
111111111111111111111111011101001100100
111111111111111111111111011100111100000
111111111111111111111111011100101011100
111111111111111111111111011100011011000
111111111111111111111111011100001010100
111111111111111111111111011011111010000
111111111111111111111111011011101001100
111111111111111111111111011011011001000
111111111111111111111111011011001000100
111111111111111111111111011010111000000
111111111111111111111111011010100111100
111111111111111111111111011010010111000
111111111111111111111111011010000110100
111111111111111111111111011001110110000
111111111111111111111111011001100101100
111111111111111111111111011001010101000
111111111111111111111111011001000100100
111111111111111111111111011000110100000
111111111111111111111111011000100011100
111111111111111111111111011000010011000
111111111111111111111111011000000010100
111111111111111111111111010111110010000
111111111111111111111111010111100001100
111111111111111111111111010111010001000
111111111111111111111111010111000000100
111111111111111111111111010110110000000
111111111111111111111111010110011111100
111111111111111111111111010110001111000
111111111111111111111111010101111110100
111111111111111111111111010101101110000
111111111111111111111111010101011101100
111111111111111111111111010101001101000
111111111111111111111111010100111100100
111111111111111111111111010100101100000
111111111111111111111111010100011011100
111111111111111111111111010100001011000
111111111111111111111111010011111010100
111111111111111111111111010011101010000
111111111111111111111111010011011001100
111111111111111111111111010011001001000
111111111111111111111111010010111000100
111111111111111111111111010010101000000
111111111111111111111111010010010111100
111111111111111111111111010010000111000
111111111111111111111111010001110110100
111111111111111111111111010001100110000
111111111111111111111111010001010101100
111111111111111111111111010001000101000
111111111111111111111111010000110100100
111111111111111111111111010000100100000
111111111111111111111111010000010011100
111111111111111111111111010000000011000
111111111111111111111111001111110010100
111111111111111111111111001111100010000
111111111111111111111111001111010001100
111111111111111111111111001111000001000
111111111111111111111111001110110000100
111111111111111111111111001110100000000
111111111111111111111111001110001111100
111111111111111111111111001101111111000
111111111111111111111111001101101110100
111111111111111111111111001101011110000
111111111111111111111111001101001101100
111111111111111111111111001100111101000
111111111111111111111111001100101100100
111111111111111111111111001100011100000
111111111111111111111111001100001011100
111111111111111111111111001011111011000
111111111111111111111111001011101010100
111111111111111111111111001011011010000
111111111111111111111111001011001001100
111111111111111111111111001010111001000
111111111111111111111111001010101000100
111111111111111111111111001010011000000
111111111111111111111111001010000111100
111111111111111111111111001001110111000
111111111111111111111111001001100110100
111111111111111111111111001001010110000
111111111111111111111111001001000101100
111111111111111111111111001000110101000
111111111111111111111111001000100100100
111111111111111111111111001000010100000
111111111111111111111111001000000011100
111111111111111111111111000111110011000
111111111111111111111111000111100010100
111111111111111111111111000111010010000
111111111111111111111111000111000001100
111111111111111111111111000110110001000
111111111111111111111111000110100000100
111111111111111111111111000110010000000
111111111111111111111111000101111111100
111111111111111111111111000101101111000
111111111111111111111111000101011110100
111111111111111111111111000101001110000
111111111111111111111111000100111101100
111111111111111111111111000100101101000
111111111111111111111111000100011100100
111111111111111111111111000100001100000
111111111111111111111111000011111011100
111111111111111111111111000011101011000
111111111111111111111111000011011010100
111111111111111111111111000011001010000
111111111111111111111111000010111001100
111111111111111111111111000010101001000
111111111111111111111111000010011000100
111111111111111111111111000010001000000
111111111111111111111111000001110111100
111111111111111111111111000001100111000
111111111111111111111111000001010110100
111111111111111111111111000001000110000
111111111111111111111111000000110101100
111111111111111111111111000000100101000
111111111111111111111111000000010100100
111111111111111111111111000000000100000
111111111111111111111110111111110011100
111111111111111111111110111111100011000
111111111111111111111110111111010010100
111111111111111111111110111111000010000
111111111111111111111110111110110001100
111111111111111111111110111110100001000
111111111111111111111110111110010000100
