000000000000000000000000000000000000000
000000000000000000000000000000001011111
000000000000000000000000000000010111110
000000000000000000000000000000100011101
000000000000000000000000000000101111100
000000000000000000000000000000111011011
000000000000000000000000000001000111010
000000000000000000000000000001010011001
000000000000000000000000000001011111000
000000000000000000000000000001101010111
000000000000000000000000000001110110110
000000000000000000000000000010000010101
000000000000000000000000000010001110100
000000000000000000000000000010011010011
000000000000000000000000000010100110010
000000000000000000000000000010110010001
000000000000000000000000000010111110000
000000000000000000000000000011001001111
000000000000000000000000000011010101110
000000000000000000000000000011100001101
000000000000000000000000000011101101100
000000000000000000000000000011111001011
000000000000000000000000000100000101010
000000000000000000000000000100010001001
000000000000000000000000000100011101000
000000000000000000000000000100101000111
000000000000000000000000000100110100110
000000000000000000000000000101000000101
000000000000000000000000000101001100100
000000000000000000000000000101011000011
000000000000000000000000000101100100010
000000000000000000000000000101110000001
000000000000000000000000000101111100000
000000000000000000000000000110000111111
000000000000000000000000000110010011110
000000000000000000000000000110011111101
000000000000000000000000000110101011100
000000000000000000000000000110110111011
000000000000000000000000000111000011010
000000000000000000000000000111001111001
000000000000000000000000000111011011000
000000000000000000000000000111100110111
000000000000000000000000000111110010110
000000000000000000000000000111111110101
000000000000000000000000001000001010100
000000000000000000000000001000010110011
000000000000000000000000001000100010010
000000000000000000000000001000101110001
000000000000000000000000001000111010000
000000000000000000000000001001000101111
000000000000000000000000001001010001110
000000000000000000000000001001011101101
000000000000000000000000001001101001100
000000000000000000000000001001110101011
000000000000000000000000001010000001010
000000000000000000000000001010001101001
000000000000000000000000001010011001000
000000000000000000000000001010100100111
000000000000000000000000001010110000110
000000000000000000000000001010111100101
000000000000000000000000001011001000100
000000000000000000000000001011010100011
000000000000000000000000001011100000010
000000000000000000000000001011101100001
000000000000000000000000001011111000000
000000000000000000000000001100000011111
000000000000000000000000001100001111110
000000000000000000000000001100011011101
000000000000000000000000001100100111100
000000000000000000000000001100110011011
000000000000000000000000001100111111010
000000000000000000000000001101001011001
000000000000000000000000001101010111000
000000000000000000000000001101100010111
000000000000000000000000001101101110110
000000000000000000000000001101111010101
000000000000000000000000001110000110100
000000000000000000000000001110010010011
000000000000000000000000001110011110010
000000000000000000000000001110101010001
000000000000000000000000001110110110000
000000000000000000000000001111000001111
000000000000000000000000001111001101110
000000000000000000000000001111011001101
000000000000000000000000001111100101100
000000000000000000000000001111110001011
000000000000000000000000001111111101010
000000000000000000000000010000001001001
000000000000000000000000010000010101000
000000000000000000000000010000100000111
000000000000000000000000010000101100110
000000000000000000000000010000111000101
000000000000000000000000010001000100100
000000000000000000000000010001010000011
000000000000000000000000010001011100010
000000000000000000000000010001101000001
000000000000000000000000010001110100000
000000000000000000000000010001111111111
000000000000000000000000010010001011110
000000000000000000000000010010010111101
000000000000000000000000010010100011100
000000000000000000000000010010101111011
000000000000000000000000010010111011010
000000000000000000000000010011000111001
000000000000000000000000010011010011000
000000000000000000000000010011011110111
000000000000000000000000010011101010110
000000000000000000000000010011110110101
000000000000000000000000010100000010100
000000000000000000000000010100001110011
000000000000000000000000010100011010010
000000000000000000000000010100100110001
000000000000000000000000010100110010000
000000000000000000000000010100111101111
000000000000000000000000010101001001110
000000000000000000000000010101010101101
000000000000000000000000010101100001100
000000000000000000000000010101101101011
000000000000000000000000010101111001010
000000000000000000000000010110000101001
000000000000000000000000010110010001000
000000000000000000000000010110011100111
000000000000000000000000010110101000110
000000000000000000000000010110110100101
000000000000000000000000010111000000100
000000000000000000000000010111001100011
000000000000000000000000010111011000010
000000000000000000000000010111100100001
000000000000000000000000010111110000000
000000000000000000000000010111111011111
000000000000000000000000011000000111110
000000000000000000000000011000010011101
000000000000000000000000011000011111100
000000000000000000000000011000101011011
000000000000000000000000011000110111010
000000000000000000000000011001000011001
000000000000000000000000011001001111000
000000000000000000000000011001011010111
000000000000000000000000011001100110110
000000000000000000000000011001110010101
000000000000000000000000011001111110100
000000000000000000000000011010001010011
000000000000000000000000011010010110010
000000000000000000000000011010100010001
000000000000000000000000011010101110000
000000000000000000000000011010111001111
000000000000000000000000011011000101110
000000000000000000000000011011010001101
000000000000000000000000011011011101100
000000000000000000000000011011101001011
000000000000000000000000011011110101010
000000000000000000000000011100000001001
000000000000000000000000011100001101000
000000000000000000000000011100011000111
000000000000000000000000011100100100110
000000000000000000000000011100110000101
000000000000000000000000011100111100100
000000000000000000000000011101001000011
000000000000000000000000011101010100010
000000000000000000000000011101100000001
000000000000000000000000011101101100000
000000000000000000000000011101110111111
000000000000000000000000011110000011110
000000000000000000000000011110001111101
000000000000000000000000011110011011100
000000000000000000000000011110100111011
000000000000000000000000011110110011010
000000000000000000000000011110111111001
000000000000000000000000011111001011000
000000000000000000000000011111010110111
000000000000000000000000011111100010110
000000000000000000000000011111101110101
000000000000000000000000011111111010100
000000000000000000000000100000000110011
000000000000000000000000100000010010010
000000000000000000000000100000011110001
000000000000000000000000100000101010000
000000000000000000000000100000110101111
000000000000000000000000100001000001110
000000000000000000000000100001001101101
000000000000000000000000100001011001100
000000000000000000000000100001100101011
000000000000000000000000100001110001010
000000000000000000000000100001111101001
000000000000000000000000100010001001000
000000000000000000000000100010010100111
000000000000000000000000100010100000110
000000000000000000000000100010101100101
000000000000000000000000100010111000100
000000000000000000000000100011000100011
000000000000000000000000100011010000010
000000000000000000000000100011011100001
000000000000000000000000100011101000000
000000000000000000000000100011110011111
000000000000000000000000100011111111110
000000000000000000000000100100001011101
000000000000000000000000100100010111100
000000000000000000000000100100100011011
000000000000000000000000100100101111010
000000000000000000000000100100111011001
000000000000000000000000100101000111000
000000000000000000000000100101010010111
000000000000000000000000100101011110110
000000000000000000000000100101101010101
000000000000000000000000100101110110100
000000000000000000000000100110000010011
000000000000000000000000100110001110010
000000000000000000000000100110011010001
000000000000000000000000100110100110000
000000000000000000000000100110110001111
000000000000000000000000100110111101110
000000000000000000000000100111001001101
000000000000000000000000100111010101100
000000000000000000000000100111100001011
000000000000000000000000100111101101010
000000000000000000000000100111111001001
000000000000000000000000101000000101000
000000000000000000000000101000010000111
000000000000000000000000101000011100110
000000000000000000000000101000101000101
000000000000000000000000101000110100100
000000000000000000000000101001000000011
000000000000000000000000101001001100010
000000000000000000000000101001011000001
000000000000000000000000101001100100000
000000000000000000000000101001101111111
000000000000000000000000101001111011110
000000000000000000000000101010000111101
000000000000000000000000101010010011100
000000000000000000000000101010011111011
000000000000000000000000101010101011010
000000000000000000000000101010110111001
000000000000000000000000101011000011000
000000000000000000000000101011001110111
000000000000000000000000101011011010110
000000000000000000000000101011100110101
000000000000000000000000101011110010100
000000000000000000000000101011111110011
000000000000000000000000101100001010010
000000000000000000000000101100010110001
000000000000000000000000101100100010000
000000000000000000000000101100101101111
000000000000000000000000101100111001110
000000000000000000000000101101000101101
000000000000000000000000101101010001100
000000000000000000000000101101011101011
000000000000000000000000101101101001010
000000000000000000000000101101110101001
000000000000000000000000101110000001000
000000000000000000000000101110001100111
000000000000000000000000101110011000110
000000000000000000000000101110100100101
000000000000000000000000101110110000100
000000000000000000000000101110111100011
000000000000000000000000101111001000010
000000000000000000000000101111010100001
