000000000000000000000000000000000000000
000000000000000000000000000000010000011
000000000000000000000000000000100000110
000000000000000000000000000000110001001
000000000000000000000000000001000001100
000000000000000000000000000001010001111
000000000000000000000000000001100010010
000000000000000000000000000001110010101
000000000000000000000000000010000011000
000000000000000000000000000010010011011
000000000000000000000000000010100011110
000000000000000000000000000010110100001
000000000000000000000000000011000100100
000000000000000000000000000011010100111
000000000000000000000000000011100101010
000000000000000000000000000011110101101
000000000000000000000000000100000110000
000000000000000000000000000100010110011
000000000000000000000000000100100110110
000000000000000000000000000100110111001
000000000000000000000000000101000111100
000000000000000000000000000101010111111
000000000000000000000000000101101000010
000000000000000000000000000101111000101
000000000000000000000000000110001001000
000000000000000000000000000110011001011
000000000000000000000000000110101001110
000000000000000000000000000110111010001
000000000000000000000000000111001010100
000000000000000000000000000111011010111
000000000000000000000000000111101011010
000000000000000000000000000111111011101
000000000000000000000000001000001100000
000000000000000000000000001000011100011
000000000000000000000000001000101100110
000000000000000000000000001000111101001
000000000000000000000000001001001101100
000000000000000000000000001001011101111
000000000000000000000000001001101110010
000000000000000000000000001001111110101
000000000000000000000000001010001111000
000000000000000000000000001010011111011
000000000000000000000000001010101111110
000000000000000000000000001011000000001
000000000000000000000000001011010000100
000000000000000000000000001011100000111
000000000000000000000000001011110001010
000000000000000000000000001100000001101
000000000000000000000000001100010010000
000000000000000000000000001100100010011
000000000000000000000000001100110010110
000000000000000000000000001101000011001
000000000000000000000000001101010011100
000000000000000000000000001101100011111
000000000000000000000000001101110100010
000000000000000000000000001110000100101
000000000000000000000000001110010101000
000000000000000000000000001110100101011
000000000000000000000000001110110101110
000000000000000000000000001111000110001
000000000000000000000000001111010110100
000000000000000000000000001111100110111
000000000000000000000000001111110111010
000000000000000000000000010000000111101
000000000000000000000000010000011000000
000000000000000000000000010000101000011
000000000000000000000000010000111000110
000000000000000000000000010001001001001
000000000000000000000000010001011001100
000000000000000000000000010001101001111
000000000000000000000000010001111010010
000000000000000000000000010010001010101
000000000000000000000000010010011011000
000000000000000000000000010010101011011
000000000000000000000000010010111011110
000000000000000000000000010011001100001
000000000000000000000000010011011100100
000000000000000000000000010011101100111
000000000000000000000000010011111101010
000000000000000000000000010100001101101
000000000000000000000000010100011110000
000000000000000000000000010100101110011
000000000000000000000000010100111110110
000000000000000000000000010101001111001
000000000000000000000000010101011111100
000000000000000000000000010101101111111
000000000000000000000000010110000000010
000000000000000000000000010110010000101
000000000000000000000000010110100001000
000000000000000000000000010110110001011
000000000000000000000000010111000001110
000000000000000000000000010111010010001
000000000000000000000000010111100010100
000000000000000000000000010111110010111
000000000000000000000000011000000011010
000000000000000000000000011000010011101
000000000000000000000000011000100100000
000000000000000000000000011000110100011
000000000000000000000000011001000100110
000000000000000000000000011001010101001
000000000000000000000000011001100101100
000000000000000000000000011001110101111
000000000000000000000000011010000110010
000000000000000000000000011010010110101
000000000000000000000000011010100111000
000000000000000000000000011010110111011
000000000000000000000000011011000111110
000000000000000000000000011011011000001
000000000000000000000000011011101000100
000000000000000000000000011011111000111
000000000000000000000000011100001001010
000000000000000000000000011100011001101
000000000000000000000000011100101010000
000000000000000000000000011100111010011
000000000000000000000000011101001010110
000000000000000000000000011101011011001
000000000000000000000000011101101011100
000000000000000000000000011101111011111
000000000000000000000000011110001100010
000000000000000000000000011110011100101
000000000000000000000000011110101101000
000000000000000000000000011110111101011
000000000000000000000000011111001101110
000000000000000000000000011111011110001
000000000000000000000000011111101110100
000000000000000000000000011111111110111
000000000000000000000000100000001111010
000000000000000000000000100000011111101
000000000000000000000000100000110000000
000000000000000000000000100001000000011
000000000000000000000000100001010000110
000000000000000000000000100001100001001
000000000000000000000000100001110001100
000000000000000000000000100010000001111
000000000000000000000000100010010010010
000000000000000000000000100010100010101
000000000000000000000000100010110011000
000000000000000000000000100011000011011
000000000000000000000000100011010011110
000000000000000000000000100011100100001
000000000000000000000000100011110100100
000000000000000000000000100100000100111
000000000000000000000000100100010101010
000000000000000000000000100100100101101
000000000000000000000000100100110110000
000000000000000000000000100101000110011
000000000000000000000000100101010110110
000000000000000000000000100101100111001
000000000000000000000000100101110111100
000000000000000000000000100110000111111
000000000000000000000000100110011000010
000000000000000000000000100110101000101
000000000000000000000000100110111001000
000000000000000000000000100111001001011
000000000000000000000000100111011001110
000000000000000000000000100111101010001
000000000000000000000000100111111010100
000000000000000000000000101000001010111
000000000000000000000000101000011011010
000000000000000000000000101000101011101
000000000000000000000000101000111100000
000000000000000000000000101001001100011
000000000000000000000000101001011100110
000000000000000000000000101001101101001
000000000000000000000000101001111101100
000000000000000000000000101010001101111
000000000000000000000000101010011110010
000000000000000000000000101010101110101
000000000000000000000000101010111111000
000000000000000000000000101011001111011
000000000000000000000000101011011111110
000000000000000000000000101011110000001
000000000000000000000000101100000000100
000000000000000000000000101100010000111
000000000000000000000000101100100001010
000000000000000000000000101100110001101
000000000000000000000000101101000010000
000000000000000000000000101101010010011
000000000000000000000000101101100010110
000000000000000000000000101101110011001
000000000000000000000000101110000011100
000000000000000000000000101110010011111
000000000000000000000000101110100100010
000000000000000000000000101110110100101
000000000000000000000000101111000101000
000000000000000000000000101111010101011
000000000000000000000000101111100101110
000000000000000000000000101111110110001
000000000000000000000000110000000110100
000000000000000000000000110000010110111
000000000000000000000000110000100111010
000000000000000000000000110000110111101
000000000000000000000000110001001000000
000000000000000000000000110001011000011
000000000000000000000000110001101000110
000000000000000000000000110001111001001
000000000000000000000000110010001001100
000000000000000000000000110010011001111
000000000000000000000000110010101010010
000000000000000000000000110010111010101
000000000000000000000000110011001011000
000000000000000000000000110011011011011
000000000000000000000000110011101011110
000000000000000000000000110011111100001
000000000000000000000000110100001100100
000000000000000000000000110100011100111
000000000000000000000000110100101101010
000000000000000000000000110100111101101
000000000000000000000000110101001110000
000000000000000000000000110101011110011
000000000000000000000000110101101110110
000000000000000000000000110101111111001
000000000000000000000000110110001111100
000000000000000000000000110110011111111
000000000000000000000000110110110000010
000000000000000000000000110111000000101
000000000000000000000000110111010001000
000000000000000000000000110111100001011
000000000000000000000000110111110001110
000000000000000000000000111000000010001
000000000000000000000000111000010010100
000000000000000000000000111000100010111
000000000000000000000000111000110011010
000000000000000000000000111001000011101
000000000000000000000000111001010100000
000000000000000000000000111001100100011
000000000000000000000000111001110100110
000000000000000000000000111010000101001
000000000000000000000000111010010101100
000000000000000000000000111010100101111
000000000000000000000000111010110110010
000000000000000000000000111011000110101
000000000000000000000000111011010111000
000000000000000000000000111011100111011
000000000000000000000000111011110111110
000000000000000000000000111100001000001
000000000000000000000000111100011000100
000000000000000000000000111100101000111
000000000000000000000000111100111001010
000000000000000000000000111101001001101
000000000000000000000000111101011010000
000000000000000000000000111101101010011
000000000000000000000000111101111010110
000000000000000000000000111110001011001
000000000000000000000000111110011011100
000000000000000000000000111110101011111
000000000000000000000000111110111100010
000000000000000000000000111111001100101
000000000000000000000000111111011101000
000000000000000000000000111111101101011
000000000000000000000000111111111101110
000000000000000000000001000000001110001
000000000000000000000001000000011110100
000000000000000000000001000000101110111
000000000000000000000001000000111111010
000000000000000000000001000001001111101
