000000000000000000000000000000000000000
000000000000000000000000000000000111111
000000000000000000000000000000001111110
000000000000000000000000000000010111101
000000000000000000000000000000011111100
000000000000000000000000000000100111011
000000000000000000000000000000101111010
000000000000000000000000000000110111001
000000000000000000000000000000111111000
000000000000000000000000000001000110111
000000000000000000000000000001001110110
000000000000000000000000000001010110101
000000000000000000000000000001011110100
000000000000000000000000000001100110011
000000000000000000000000000001101110010
000000000000000000000000000001110110001
000000000000000000000000000001111110000
000000000000000000000000000010000101111
000000000000000000000000000010001101110
000000000000000000000000000010010101101
000000000000000000000000000010011101100
000000000000000000000000000010100101011
000000000000000000000000000010101101010
000000000000000000000000000010110101001
000000000000000000000000000010111101000
000000000000000000000000000011000100111
000000000000000000000000000011001100110
000000000000000000000000000011010100101
000000000000000000000000000011011100100
000000000000000000000000000011100100011
000000000000000000000000000011101100010
000000000000000000000000000011110100001
000000000000000000000000000011111100000
000000000000000000000000000100000011111
000000000000000000000000000100001011110
000000000000000000000000000100010011101
000000000000000000000000000100011011100
000000000000000000000000000100100011011
000000000000000000000000000100101011010
000000000000000000000000000100110011001
000000000000000000000000000100111011000
000000000000000000000000000101000010111
000000000000000000000000000101001010110
000000000000000000000000000101010010101
000000000000000000000000000101011010100
000000000000000000000000000101100010011
000000000000000000000000000101101010010
000000000000000000000000000101110010001
000000000000000000000000000101111010000
000000000000000000000000000110000001111
000000000000000000000000000110001001110
000000000000000000000000000110010001101
000000000000000000000000000110011001100
000000000000000000000000000110100001011
000000000000000000000000000110101001010
000000000000000000000000000110110001001
000000000000000000000000000110111001000
000000000000000000000000000111000000111
000000000000000000000000000111001000110
000000000000000000000000000111010000101
000000000000000000000000000111011000100
000000000000000000000000000111100000011
000000000000000000000000000111101000010
000000000000000000000000000111110000001
000000000000000000000000000111111000000
000000000000000000000000000111111111111
000000000000000000000000001000000111110
000000000000000000000000001000001111101
000000000000000000000000001000010111100
000000000000000000000000001000011111011
000000000000000000000000001000100111010
000000000000000000000000001000101111001
000000000000000000000000001000110111000
000000000000000000000000001000111110111
000000000000000000000000001001000110110
000000000000000000000000001001001110101
000000000000000000000000001001010110100
000000000000000000000000001001011110011
000000000000000000000000001001100110010
000000000000000000000000001001101110001
000000000000000000000000001001110110000
000000000000000000000000001001111101111
000000000000000000000000001010000101110
000000000000000000000000001010001101101
000000000000000000000000001010010101100
000000000000000000000000001010011101011
000000000000000000000000001010100101010
000000000000000000000000001010101101001
000000000000000000000000001010110101000
000000000000000000000000001010111100111
000000000000000000000000001011000100110
000000000000000000000000001011001100101
000000000000000000000000001011010100100
000000000000000000000000001011011100011
000000000000000000000000001011100100010
000000000000000000000000001011101100001
000000000000000000000000001011110100000
000000000000000000000000001011111011111
000000000000000000000000001100000011110
000000000000000000000000001100001011101
000000000000000000000000001100010011100
000000000000000000000000001100011011011
000000000000000000000000001100100011010
000000000000000000000000001100101011001
000000000000000000000000001100110011000
000000000000000000000000001100111010111
000000000000000000000000001101000010110
000000000000000000000000001101001010101
000000000000000000000000001101010010100
000000000000000000000000001101011010011
000000000000000000000000001101100010010
000000000000000000000000001101101010001
000000000000000000000000001101110010000
000000000000000000000000001101111001111
000000000000000000000000001110000001110
000000000000000000000000001110001001101
000000000000000000000000001110010001100
000000000000000000000000001110011001011
000000000000000000000000001110100001010
000000000000000000000000001110101001001
000000000000000000000000001110110001000
000000000000000000000000001110111000111
000000000000000000000000001111000000110
000000000000000000000000001111001000101
000000000000000000000000001111010000100
000000000000000000000000001111011000011
000000000000000000000000001111100000010
000000000000000000000000001111101000001
000000000000000000000000001111110000000
000000000000000000000000001111110111111
000000000000000000000000001111111111110
000000000000000000000000010000000111101
000000000000000000000000010000001111100
000000000000000000000000010000010111011
000000000000000000000000010000011111010
000000000000000000000000010000100111001
000000000000000000000000010000101111000
000000000000000000000000010000110110111
000000000000000000000000010000111110110
000000000000000000000000010001000110101
000000000000000000000000010001001110100
000000000000000000000000010001010110011
000000000000000000000000010001011110010
000000000000000000000000010001100110001
000000000000000000000000010001101110000
000000000000000000000000010001110101111
000000000000000000000000010001111101110
000000000000000000000000010010000101101
000000000000000000000000010010001101100
000000000000000000000000010010010101011
000000000000000000000000010010011101010
000000000000000000000000010010100101001
000000000000000000000000010010101101000
000000000000000000000000010010110100111
000000000000000000000000010010111100110
000000000000000000000000010011000100101
000000000000000000000000010011001100100
000000000000000000000000010011010100011
000000000000000000000000010011011100010
000000000000000000000000010011100100001
000000000000000000000000010011101100000
000000000000000000000000010011110011111
000000000000000000000000010011111011110
000000000000000000000000010100000011101
000000000000000000000000010100001011100
000000000000000000000000010100010011011
000000000000000000000000010100011011010
000000000000000000000000010100100011001
000000000000000000000000010100101011000
000000000000000000000000010100110010111
000000000000000000000000010100111010110
000000000000000000000000010101000010101
000000000000000000000000010101001010100
000000000000000000000000010101010010011
000000000000000000000000010101011010010
000000000000000000000000010101100010001
000000000000000000000000010101101010000
000000000000000000000000010101110001111
000000000000000000000000010101111001110
000000000000000000000000010110000001101
000000000000000000000000010110001001100
000000000000000000000000010110010001011
000000000000000000000000010110011001010
000000000000000000000000010110100001001
000000000000000000000000010110101001000
000000000000000000000000010110110000111
000000000000000000000000010110111000110
000000000000000000000000010111000000101
000000000000000000000000010111001000100
000000000000000000000000010111010000011
000000000000000000000000010111011000010
000000000000000000000000010111100000001
000000000000000000000000010111101000000
000000000000000000000000010111101111111
000000000000000000000000010111110111110
000000000000000000000000010111111111101
000000000000000000000000011000000111100
000000000000000000000000011000001111011
000000000000000000000000011000010111010
000000000000000000000000011000011111001
000000000000000000000000011000100111000
000000000000000000000000011000101110111
000000000000000000000000011000110110110
000000000000000000000000011000111110101
000000000000000000000000011001000110100
000000000000000000000000011001001110011
000000000000000000000000011001010110010
000000000000000000000000011001011110001
000000000000000000000000011001100110000
000000000000000000000000011001101101111
000000000000000000000000011001110101110
000000000000000000000000011001111101101
000000000000000000000000011010000101100
000000000000000000000000011010001101011
000000000000000000000000011010010101010
000000000000000000000000011010011101001
000000000000000000000000011010100101000
000000000000000000000000011010101100111
000000000000000000000000011010110100110
000000000000000000000000011010111100101
000000000000000000000000011011000100100
000000000000000000000000011011001100011
000000000000000000000000011011010100010
000000000000000000000000011011011100001
000000000000000000000000011011100100000
000000000000000000000000011011101011111
000000000000000000000000011011110011110
000000000000000000000000011011111011101
000000000000000000000000011100000011100
000000000000000000000000011100001011011
000000000000000000000000011100010011010
000000000000000000000000011100011011001
000000000000000000000000011100100011000
000000000000000000000000011100101010111
000000000000000000000000011100110010110
000000000000000000000000011100111010101
000000000000000000000000011101000010100
000000000000000000000000011101001010011
000000000000000000000000011101010010010
000000000000000000000000011101011010001
000000000000000000000000011101100010000
000000000000000000000000011101101001111
000000000000000000000000011101110001110
000000000000000000000000011101111001101
000000000000000000000000011110000001100
000000000000000000000000011110001001011
000000000000000000000000011110010001010
000000000000000000000000011110011001001
000000000000000000000000011110100001000
000000000000000000000000011110101000111
000000000000000000000000011110110000110
000000000000000000000000011110111000101
000000000000000000000000011111000000100
000000000000000000000000011111001000011
000000000000000000000000011111010000010
000000000000000000000000011111011000001
