000000000000000000000000000000000000000
000000000000000000000000000000000101101
000000000000000000000000000000001011010
000000000000000000000000000000010000111
000000000000000000000000000000010110100
000000000000000000000000000000011100001
000000000000000000000000000000100001110
000000000000000000000000000000100111011
000000000000000000000000000000101101000
000000000000000000000000000000110010101
000000000000000000000000000000111000010
000000000000000000000000000000111101111
000000000000000000000000000001000011100
000000000000000000000000000001001001001
000000000000000000000000000001001110110
000000000000000000000000000001010100011
000000000000000000000000000001011010000
000000000000000000000000000001011111101
000000000000000000000000000001100101010
000000000000000000000000000001101010111
000000000000000000000000000001110000100
000000000000000000000000000001110110001
000000000000000000000000000001111011110
000000000000000000000000000010000001011
000000000000000000000000000010000111000
000000000000000000000000000010001100101
000000000000000000000000000010010010010
000000000000000000000000000010010111111
000000000000000000000000000010011101100
000000000000000000000000000010100011001
000000000000000000000000000010101000110
000000000000000000000000000010101110011
000000000000000000000000000010110100000
000000000000000000000000000010111001101
000000000000000000000000000010111111010
000000000000000000000000000011000100111
000000000000000000000000000011001010100
000000000000000000000000000011010000001
000000000000000000000000000011010101110
000000000000000000000000000011011011011
000000000000000000000000000011100001000
000000000000000000000000000011100110101
000000000000000000000000000011101100010
000000000000000000000000000011110001111
000000000000000000000000000011110111100
000000000000000000000000000011111101001
000000000000000000000000000100000010110
000000000000000000000000000100001000011
000000000000000000000000000100001110000
000000000000000000000000000100010011101
000000000000000000000000000100011001010
000000000000000000000000000100011110111
000000000000000000000000000100100100100
000000000000000000000000000100101010001
000000000000000000000000000100101111110
000000000000000000000000000100110101011
000000000000000000000000000100111011000
000000000000000000000000000101000000101
000000000000000000000000000101000110010
000000000000000000000000000101001011111
000000000000000000000000000101010001100
000000000000000000000000000101010111001
000000000000000000000000000101011100110
000000000000000000000000000101100010011
000000000000000000000000000101101000000
000000000000000000000000000101101101101
000000000000000000000000000101110011010
000000000000000000000000000101111000111
000000000000000000000000000101111110100
000000000000000000000000000110000100001
000000000000000000000000000110001001110
000000000000000000000000000110001111011
000000000000000000000000000110010101000
000000000000000000000000000110011010101
000000000000000000000000000110100000010
000000000000000000000000000110100101111
000000000000000000000000000110101011100
000000000000000000000000000110110001001
000000000000000000000000000110110110110
000000000000000000000000000110111100011
000000000000000000000000000111000010000
000000000000000000000000000111000111101
000000000000000000000000000111001101010
000000000000000000000000000111010010111
000000000000000000000000000111011000100
000000000000000000000000000111011110001
000000000000000000000000000111100011110
000000000000000000000000000111101001011
000000000000000000000000000111101111000
000000000000000000000000000111110100101
000000000000000000000000000111111010010
000000000000000000000000000111111111111
000000000000000000000000001000000101100
000000000000000000000000001000001011001
000000000000000000000000001000010000110
000000000000000000000000001000010110011
000000000000000000000000001000011100000
000000000000000000000000001000100001101
000000000000000000000000001000100111010
000000000000000000000000001000101100111
000000000000000000000000001000110010100
000000000000000000000000001000111000001
000000000000000000000000001000111101110
000000000000000000000000001001000011011
000000000000000000000000001001001001000
000000000000000000000000001001001110101
000000000000000000000000001001010100010
000000000000000000000000001001011001111
000000000000000000000000001001011111100
000000000000000000000000001001100101001
000000000000000000000000001001101010110
000000000000000000000000001001110000011
000000000000000000000000001001110110000
000000000000000000000000001001111011101
000000000000000000000000001010000001010
000000000000000000000000001010000110111
000000000000000000000000001010001100100
000000000000000000000000001010010010001
000000000000000000000000001010010111110
000000000000000000000000001010011101011
000000000000000000000000001010100011000
000000000000000000000000001010101000101
000000000000000000000000001010101110010
000000000000000000000000001010110011111
000000000000000000000000001010111001100
000000000000000000000000001010111111001
000000000000000000000000001011000100110
000000000000000000000000001011001010011
000000000000000000000000001011010000000
000000000000000000000000001011010101101
000000000000000000000000001011011011010
000000000000000000000000001011100000111
000000000000000000000000001011100110100
000000000000000000000000001011101100001
000000000000000000000000001011110001110
000000000000000000000000001011110111011
000000000000000000000000001011111101000
000000000000000000000000001100000010101
000000000000000000000000001100001000010
000000000000000000000000001100001101111
000000000000000000000000001100010011100
000000000000000000000000001100011001001
000000000000000000000000001100011110110
000000000000000000000000001100100100011
000000000000000000000000001100101010000
000000000000000000000000001100101111101
000000000000000000000000001100110101010
000000000000000000000000001100111010111
000000000000000000000000001101000000100
000000000000000000000000001101000110001
000000000000000000000000001101001011110
000000000000000000000000001101010001011
000000000000000000000000001101010111000
000000000000000000000000001101011100101
000000000000000000000000001101100010010
000000000000000000000000001101100111111
000000000000000000000000001101101101100
000000000000000000000000001101110011001
000000000000000000000000001101111000110
000000000000000000000000001101111110011
000000000000000000000000001110000100000
000000000000000000000000001110001001101
000000000000000000000000001110001111010
000000000000000000000000001110010100111
000000000000000000000000001110011010100
000000000000000000000000001110100000001
000000000000000000000000001110100101110
000000000000000000000000001110101011011
000000000000000000000000001110110001000
000000000000000000000000001110110110101
000000000000000000000000001110111100010
000000000000000000000000001111000001111
000000000000000000000000001111000111100
000000000000000000000000001111001101001
000000000000000000000000001111010010110
000000000000000000000000001111011000011
000000000000000000000000001111011110000
000000000000000000000000001111100011101
000000000000000000000000001111101001010
000000000000000000000000001111101110111
000000000000000000000000001111110100100
000000000000000000000000001111111010001
000000000000000000000000001111111111110
000000000000000000000000010000000101011
000000000000000000000000010000001011000
000000000000000000000000010000010000101
000000000000000000000000010000010110010
000000000000000000000000010000011011111
000000000000000000000000010000100001100
000000000000000000000000010000100111001
000000000000000000000000010000101100110
000000000000000000000000010000110010011
000000000000000000000000010000111000000
000000000000000000000000010000111101101
000000000000000000000000010001000011010
000000000000000000000000010001001000111
000000000000000000000000010001001110100
000000000000000000000000010001010100001
000000000000000000000000010001011001110
000000000000000000000000010001011111011
000000000000000000000000010001100101000
000000000000000000000000010001101010101
000000000000000000000000010001110000010
000000000000000000000000010001110101111
000000000000000000000000010001111011100
000000000000000000000000010010000001001
000000000000000000000000010010000110110
000000000000000000000000010010001100011
000000000000000000000000010010010010000
000000000000000000000000010010010111101
000000000000000000000000010010011101010
000000000000000000000000010010100010111
000000000000000000000000010010101000100
000000000000000000000000010010101110001
000000000000000000000000010010110011110
000000000000000000000000010010111001011
000000000000000000000000010010111111000
000000000000000000000000010011000100101
000000000000000000000000010011001010010
000000000000000000000000010011001111111
000000000000000000000000010011010101100
000000000000000000000000010011011011001
000000000000000000000000010011100000110
000000000000000000000000010011100110011
000000000000000000000000010011101100000
000000000000000000000000010011110001101
000000000000000000000000010011110111010
000000000000000000000000010011111100111
000000000000000000000000010100000010100
000000000000000000000000010100001000001
000000000000000000000000010100001101110
000000000000000000000000010100010011011
000000000000000000000000010100011001000
000000000000000000000000010100011110101
000000000000000000000000010100100100010
000000000000000000000000010100101001111
000000000000000000000000010100101111100
000000000000000000000000010100110101001
000000000000000000000000010100111010110
000000000000000000000000010101000000011
000000000000000000000000010101000110000
000000000000000000000000010101001011101
000000000000000000000000010101010001010
000000000000000000000000010101010110111
000000000000000000000000010101011100100
000000000000000000000000010101100010001
000000000000000000000000010101100111110
000000000000000000000000010101101101011
000000000000000000000000010101110011000
000000000000000000000000010101111000101
000000000000000000000000010101111110010
000000000000000000000000010110000011111
000000000000000000000000010110001001100
000000000000000000000000010110001111001
000000000000000000000000010110010100110
000000000000000000000000010110011010011
