000000000000000000000000000000000000000
111111111111111111111111111111100010010
111111111111111111111111111111000100100
111111111111111111111111111110100110110
111111111111111111111111111110001001000
111111111111111111111111111101101011010
111111111111111111111111111101001101100
111111111111111111111111111100101111110
111111111111111111111111111100010010000
111111111111111111111111111011110100010
111111111111111111111111111011010110100
111111111111111111111111111010111000110
111111111111111111111111111010011011000
111111111111111111111111111001111101010
111111111111111111111111111001011111100
111111111111111111111111111001000001110
111111111111111111111111111000100100000
111111111111111111111111111000000110010
111111111111111111111111110111101000100
111111111111111111111111110111001010110
111111111111111111111111110110101101000
111111111111111111111111110110001111010
111111111111111111111111110101110001100
111111111111111111111111110101010011110
111111111111111111111111110100110110000
111111111111111111111111110100011000010
111111111111111111111111110011111010100
111111111111111111111111110011011100110
111111111111111111111111110010111111000
111111111111111111111111110010100001010
111111111111111111111111110010000011100
111111111111111111111111110001100101110
111111111111111111111111110001001000000
111111111111111111111111110000101010010
111111111111111111111111110000001100100
111111111111111111111111101111101110110
111111111111111111111111101111010001000
111111111111111111111111101110110011010
111111111111111111111111101110010101100
111111111111111111111111101101110111110
111111111111111111111111101101011010000
111111111111111111111111101100111100010
111111111111111111111111101100011110100
111111111111111111111111101100000000110
111111111111111111111111101011100011000
111111111111111111111111101011000101010
111111111111111111111111101010100111100
111111111111111111111111101010001001110
111111111111111111111111101001101100000
111111111111111111111111101001001110010
111111111111111111111111101000110000100
111111111111111111111111101000010010110
111111111111111111111111100111110101000
111111111111111111111111100111010111010
111111111111111111111111100110111001100
111111111111111111111111100110011011110
111111111111111111111111100101111110000
111111111111111111111111100101100000010
111111111111111111111111100101000010100
111111111111111111111111100100100100110
111111111111111111111111100100000111000
111111111111111111111111100011101001010
111111111111111111111111100011001011100
111111111111111111111111100010101101110
111111111111111111111111100010010000000
111111111111111111111111100001110010010
111111111111111111111111100001010100100
111111111111111111111111100000110110110
111111111111111111111111100000011001000
111111111111111111111111011111111011010
111111111111111111111111011111011101100
111111111111111111111111011110111111110
111111111111111111111111011110100010000
111111111111111111111111011110000100010
111111111111111111111111011101100110100
111111111111111111111111011101001000110
111111111111111111111111011100101011000
111111111111111111111111011100001101010
111111111111111111111111011011101111100
111111111111111111111111011011010001110
111111111111111111111111011010110100000
111111111111111111111111011010010110010
111111111111111111111111011001111000100
111111111111111111111111011001011010110
111111111111111111111111011000111101000
111111111111111111111111011000011111010
111111111111111111111111011000000001100
111111111111111111111111010111100011110
111111111111111111111111010111000110000
111111111111111111111111010110101000010
111111111111111111111111010110001010100
111111111111111111111111010101101100110
111111111111111111111111010101001111000
111111111111111111111111010100110001010
111111111111111111111111010100010011100
111111111111111111111111010011110101110
111111111111111111111111010011011000000
111111111111111111111111010010111010010
111111111111111111111111010010011100100
111111111111111111111111010001111110110
111111111111111111111111010001100001000
111111111111111111111111010001000011010
111111111111111111111111010000100101100
111111111111111111111111010000000111110
111111111111111111111111001111101010000
111111111111111111111111001111001100010
111111111111111111111111001110101110100
111111111111111111111111001110010000110
111111111111111111111111001101110011000
111111111111111111111111001101010101010
111111111111111111111111001100110111100
111111111111111111111111001100011001110
111111111111111111111111001011111100000
111111111111111111111111001011011110010
111111111111111111111111001011000000100
111111111111111111111111001010100010110
111111111111111111111111001010000101000
111111111111111111111111001001100111010
111111111111111111111111001001001001100
111111111111111111111111001000101011110
111111111111111111111111001000001110000
111111111111111111111111000111110000010
111111111111111111111111000111010010100
111111111111111111111111000110110100110
111111111111111111111111000110010111000
111111111111111111111111000101111001010
111111111111111111111111000101011011100
111111111111111111111111000100111101110
111111111111111111111111000100100000000
111111111111111111111111000100000010010
111111111111111111111111000011100100100
111111111111111111111111000011000110110
111111111111111111111111000010101001000
111111111111111111111111000010001011010
111111111111111111111111000001101101100
111111111111111111111111000001001111110
111111111111111111111111000000110010000
111111111111111111111111000000010100010
111111111111111111111110111111110110100
111111111111111111111110111111011000110
111111111111111111111110111110111011000
111111111111111111111110111110011101010
111111111111111111111110111101111111100
111111111111111111111110111101100001110
111111111111111111111110111101000100000
111111111111111111111110111100100110010
111111111111111111111110111100001000100
111111111111111111111110111011101010110
111111111111111111111110111011001101000
111111111111111111111110111010101111010
111111111111111111111110111010010001100
111111111111111111111110111001110011110
111111111111111111111110111001010110000
111111111111111111111110111000111000010
111111111111111111111110111000011010100
111111111111111111111110110111111100110
111111111111111111111110110111011111000
111111111111111111111110110111000001010
111111111111111111111110110110100011100
111111111111111111111110110110000101110
111111111111111111111110110101101000000
111111111111111111111110110101001010010
111111111111111111111110110100101100100
111111111111111111111110110100001110110
111111111111111111111110110011110001000
111111111111111111111110110011010011010
111111111111111111111110110010110101100
111111111111111111111110110010010111110
111111111111111111111110110001111010000
111111111111111111111110110001011100010
111111111111111111111110110000111110100
111111111111111111111110110000100000110
111111111111111111111110110000000011000
111111111111111111111110101111100101010
111111111111111111111110101111000111100
111111111111111111111110101110101001110
111111111111111111111110101110001100000
111111111111111111111110101101101110010
111111111111111111111110101101010000100
111111111111111111111110101100110010110
111111111111111111111110101100010101000
111111111111111111111110101011110111010
111111111111111111111110101011011001100
111111111111111111111110101010111011110
111111111111111111111110101010011110000
111111111111111111111110101010000000010
111111111111111111111110101001100010100
111111111111111111111110101001000100110
111111111111111111111110101000100111000
111111111111111111111110101000001001010
111111111111111111111110100111101011100
111111111111111111111110100111001101110
111111111111111111111110100110110000000
111111111111111111111110100110010010010
111111111111111111111110100101110100100
111111111111111111111110100101010110110
111111111111111111111110100100111001000
111111111111111111111110100100011011010
111111111111111111111110100011111101100
111111111111111111111110100011011111110
111111111111111111111110100011000010000
111111111111111111111110100010100100010
111111111111111111111110100010000110100
111111111111111111111110100001101000110
111111111111111111111110100001001011000
111111111111111111111110100000101101010
111111111111111111111110100000001111100
111111111111111111111110011111110001110
111111111111111111111110011111010100000
111111111111111111111110011110110110010
111111111111111111111110011110011000100
111111111111111111111110011101111010110
111111111111111111111110011101011101000
111111111111111111111110011100111111010
111111111111111111111110011100100001100
111111111111111111111110011100000011110
111111111111111111111110011011100110000
111111111111111111111110011011001000010
111111111111111111111110011010101010100
111111111111111111111110011010001100110
111111111111111111111110011001101111000
111111111111111111111110011001010001010
111111111111111111111110011000110011100
111111111111111111111110011000010101110
111111111111111111111110010111111000000
111111111111111111111110010111011010010
111111111111111111111110010110111100100
111111111111111111111110010110011110110
111111111111111111111110010110000001000
111111111111111111111110010101100011010
111111111111111111111110010101000101100
111111111111111111111110010100100111110
111111111111111111111110010100001010000
111111111111111111111110010011101100010
111111111111111111111110010011001110100
111111111111111111111110010010110000110
111111111111111111111110010010010011000
111111111111111111111110010001110101010
111111111111111111111110010001010111100
111111111111111111111110010000111001110
111111111111111111111110010000011100000
111111111111111111111110001111111110010
111111111111111111111110001111100000100
111111111111111111111110001111000010110
111111111111111111111110001110100101000
111111111111111111111110001110000111010
111111111111111111111110001101101001100
111111111111111111111110001101001011110
111111111111111111111110001100101110000
111111111111111111111110001100010000010
111111111111111111111110001011110010100
111111111111111111111110001011010100110
111111111111111111111110001010110111000
111111111111111111111110001010011001010
111111111111111111111110001001111011100
111111111111111111111110001001011101110
