000000000000000000000000000000000000000
111111111111111111111111111111101001011
111111111111111111111111111111010010110
111111111111111111111111111110111100001
111111111111111111111111111110100101100
111111111111111111111111111110001110111
111111111111111111111111111101111000010
111111111111111111111111111101100001101
111111111111111111111111111101001011000
111111111111111111111111111100110100011
111111111111111111111111111100011101110
111111111111111111111111111100000111001
111111111111111111111111111011110000100
111111111111111111111111111011011001111
111111111111111111111111111011000011010
111111111111111111111111111010101100101
111111111111111111111111111010010110000
111111111111111111111111111001111111011
111111111111111111111111111001101000110
111111111111111111111111111001010010001
111111111111111111111111111000111011100
111111111111111111111111111000100100111
111111111111111111111111111000001110010
111111111111111111111111110111110111101
111111111111111111111111110111100001000
111111111111111111111111110111001010011
111111111111111111111111110110110011110
111111111111111111111111110110011101001
111111111111111111111111110110000110100
111111111111111111111111110101101111111
111111111111111111111111110101011001010
111111111111111111111111110101000010101
111111111111111111111111110100101100000
111111111111111111111111110100010101011
111111111111111111111111110011111110110
111111111111111111111111110011101000001
111111111111111111111111110011010001100
111111111111111111111111110010111010111
111111111111111111111111110010100100010
111111111111111111111111110010001101101
111111111111111111111111110001110111000
111111111111111111111111110001100000011
111111111111111111111111110001001001110
111111111111111111111111110000110011001
111111111111111111111111110000011100100
111111111111111111111111110000000101111
111111111111111111111111101111101111010
111111111111111111111111101111011000101
111111111111111111111111101111000010000
111111111111111111111111101110101011011
111111111111111111111111101110010100110
111111111111111111111111101101111110001
111111111111111111111111101101100111100
111111111111111111111111101101010000111
111111111111111111111111101100111010010
111111111111111111111111101100100011101
111111111111111111111111101100001101000
111111111111111111111111101011110110011
111111111111111111111111101011011111110
111111111111111111111111101011001001001
111111111111111111111111101010110010100
111111111111111111111111101010011011111
111111111111111111111111101010000101010
111111111111111111111111101001101110101
111111111111111111111111101001011000000
111111111111111111111111101001000001011
111111111111111111111111101000101010110
111111111111111111111111101000010100001
111111111111111111111111100111111101100
111111111111111111111111100111100110111
111111111111111111111111100111010000010
111111111111111111111111100110111001101
111111111111111111111111100110100011000
111111111111111111111111100110001100011
111111111111111111111111100101110101110
111111111111111111111111100101011111001
111111111111111111111111100101001000100
111111111111111111111111100100110001111
111111111111111111111111100100011011010
111111111111111111111111100100000100101
111111111111111111111111100011101110000
111111111111111111111111100011010111011
111111111111111111111111100011000000110
111111111111111111111111100010101010001
111111111111111111111111100010010011100
111111111111111111111111100001111100111
111111111111111111111111100001100110010
111111111111111111111111100001001111101
111111111111111111111111100000111001000
111111111111111111111111100000100010011
111111111111111111111111100000001011110
111111111111111111111111011111110101001
111111111111111111111111011111011110100
111111111111111111111111011111000111111
111111111111111111111111011110110001010
111111111111111111111111011110011010101
111111111111111111111111011110000100000
111111111111111111111111011101101101011
111111111111111111111111011101010110110
111111111111111111111111011101000000001
111111111111111111111111011100101001100
111111111111111111111111011100010010111
111111111111111111111111011011111100010
111111111111111111111111011011100101101
111111111111111111111111011011001111000
111111111111111111111111011010111000011
111111111111111111111111011010100001110
111111111111111111111111011010001011001
111111111111111111111111011001110100100
111111111111111111111111011001011101111
111111111111111111111111011001000111010
111111111111111111111111011000110000101
111111111111111111111111011000011010000
111111111111111111111111011000000011011
111111111111111111111111010111101100110
111111111111111111111111010111010110001
111111111111111111111111010110111111100
111111111111111111111111010110101000111
111111111111111111111111010110010010010
111111111111111111111111010101111011101
111111111111111111111111010101100101000
111111111111111111111111010101001110011
111111111111111111111111010100110111110
111111111111111111111111010100100001001
111111111111111111111111010100001010100
111111111111111111111111010011110011111
111111111111111111111111010011011101010
111111111111111111111111010011000110101
111111111111111111111111010010110000000
111111111111111111111111010010011001011
111111111111111111111111010010000010110
111111111111111111111111010001101100001
111111111111111111111111010001010101100
111111111111111111111111010000111110111
111111111111111111111111010000101000010
111111111111111111111111010000010001101
111111111111111111111111001111111011000
111111111111111111111111001111100100011
111111111111111111111111001111001101110
111111111111111111111111001110110111001
111111111111111111111111001110100000100
111111111111111111111111001110001001111
111111111111111111111111001101110011010
111111111111111111111111001101011100101
111111111111111111111111001101000110000
111111111111111111111111001100101111011
111111111111111111111111001100011000110
111111111111111111111111001100000010001
111111111111111111111111001011101011100
111111111111111111111111001011010100111
111111111111111111111111001010111110010
111111111111111111111111001010100111101
111111111111111111111111001010010001000
111111111111111111111111001001111010011
111111111111111111111111001001100011110
111111111111111111111111001001001101001
111111111111111111111111001000110110100
111111111111111111111111001000011111111
111111111111111111111111001000001001010
111111111111111111111111000111110010101
111111111111111111111111000111011100000
111111111111111111111111000111000101011
111111111111111111111111000110101110110
111111111111111111111111000110011000001
111111111111111111111111000110000001100
111111111111111111111111000101101010111
111111111111111111111111000101010100010
111111111111111111111111000100111101101
111111111111111111111111000100100111000
111111111111111111111111000100010000011
111111111111111111111111000011111001110
111111111111111111111111000011100011001
111111111111111111111111000011001100100
111111111111111111111111000010110101111
111111111111111111111111000010011111010
111111111111111111111111000010001000101
111111111111111111111111000001110010000
111111111111111111111111000001011011011
111111111111111111111111000001000100110
111111111111111111111111000000101110001
111111111111111111111111000000010111100
111111111111111111111111000000000000111
111111111111111111111110111111101010010
111111111111111111111110111111010011101
111111111111111111111110111110111101000
111111111111111111111110111110100110011
111111111111111111111110111110001111110
111111111111111111111110111101111001001
111111111111111111111110111101100010100
111111111111111111111110111101001011111
111111111111111111111110111100110101010
111111111111111111111110111100011110101
111111111111111111111110111100001000000
111111111111111111111110111011110001011
111111111111111111111110111011011010110
111111111111111111111110111011000100001
111111111111111111111110111010101101100
111111111111111111111110111010010110111
111111111111111111111110111010000000010
111111111111111111111110111001101001101
111111111111111111111110111001010011000
111111111111111111111110111000111100011
111111111111111111111110111000100101110
111111111111111111111110111000001111001
111111111111111111111110110111111000100
111111111111111111111110110111100001111
111111111111111111111110110111001011010
111111111111111111111110110110110100101
111111111111111111111110110110011110000
111111111111111111111110110110000111011
111111111111111111111110110101110000110
111111111111111111111110110101011010001
111111111111111111111110110101000011100
111111111111111111111110110100101100111
111111111111111111111110110100010110010
111111111111111111111110110011111111101
111111111111111111111110110011101001000
111111111111111111111110110011010010011
111111111111111111111110110010111011110
111111111111111111111110110010100101001
111111111111111111111110110010001110100
111111111111111111111110110001110111111
111111111111111111111110110001100001010
111111111111111111111110110001001010101
111111111111111111111110110000110100000
111111111111111111111110110000011101011
111111111111111111111110110000000110110
111111111111111111111110101111110000001
111111111111111111111110101111011001100
111111111111111111111110101111000010111
111111111111111111111110101110101100010
111111111111111111111110101110010101101
111111111111111111111110101101111111000
111111111111111111111110101101101000011
111111111111111111111110101101010001110
111111111111111111111110101100111011001
111111111111111111111110101100100100100
111111111111111111111110101100001101111
111111111111111111111110101011110111010
111111111111111111111110101011100000101
111111111111111111111110101011001010000
111111111111111111111110101010110011011
111111111111111111111110101010011100110
111111111111111111111110101010000110001
111111111111111111111110101001101111100
111111111111111111111110101001011000111
111111111111111111111110101001000010010
111111111111111111111110101000101011101
111111111111111111111110101000010101000
111111111111111111111110100111111110011
111111111111111111111110100111100111110
111111111111111111111110100111010001001
111111111111111111111110100110111010100
111111111111111111111110100110100011111
111111111111111111111110100110001101010
111111111111111111111110100101110110101
