000000000000000000000000000000000000000
111111111111111111111111111111110000001
111111111111111111111111111111100000010
111111111111111111111111111111010000011
111111111111111111111111111111000000100
111111111111111111111111111110110000101
111111111111111111111111111110100000110
111111111111111111111111111110010000111
111111111111111111111111111110000001000
111111111111111111111111111101110001001
111111111111111111111111111101100001010
111111111111111111111111111101010001011
111111111111111111111111111101000001100
111111111111111111111111111100110001101
111111111111111111111111111100100001110
111111111111111111111111111100010001111
111111111111111111111111111100000010000
111111111111111111111111111011110010001
111111111111111111111111111011100010010
111111111111111111111111111011010010011
111111111111111111111111111011000010100
111111111111111111111111111010110010101
111111111111111111111111111010100010110
111111111111111111111111111010010010111
111111111111111111111111111010000011000
111111111111111111111111111001110011001
111111111111111111111111111001100011010
111111111111111111111111111001010011011
111111111111111111111111111001000011100
111111111111111111111111111000110011101
111111111111111111111111111000100011110
111111111111111111111111111000010011111
111111111111111111111111111000000100000
111111111111111111111111110111110100001
111111111111111111111111110111100100010
111111111111111111111111110111010100011
111111111111111111111111110111000100100
111111111111111111111111110110110100101
111111111111111111111111110110100100110
111111111111111111111111110110010100111
111111111111111111111111110110000101000
111111111111111111111111110101110101001
111111111111111111111111110101100101010
111111111111111111111111110101010101011
111111111111111111111111110101000101100
111111111111111111111111110100110101101
111111111111111111111111110100100101110
111111111111111111111111110100010101111
111111111111111111111111110100000110000
111111111111111111111111110011110110001
111111111111111111111111110011100110010
111111111111111111111111110011010110011
111111111111111111111111110011000110100
111111111111111111111111110010110110101
111111111111111111111111110010100110110
111111111111111111111111110010010110111
111111111111111111111111110010000111000
111111111111111111111111110001110111001
111111111111111111111111110001100111010
111111111111111111111111110001010111011
111111111111111111111111110001000111100
111111111111111111111111110000110111101
111111111111111111111111110000100111110
111111111111111111111111110000010111111
111111111111111111111111110000001000000
111111111111111111111111101111111000001
111111111111111111111111101111101000010
111111111111111111111111101111011000011
111111111111111111111111101111001000100
111111111111111111111111101110111000101
111111111111111111111111101110101000110
111111111111111111111111101110011000111
111111111111111111111111101110001001000
111111111111111111111111101101111001001
111111111111111111111111101101101001010
111111111111111111111111101101011001011
111111111111111111111111101101001001100
111111111111111111111111101100111001101
111111111111111111111111101100101001110
111111111111111111111111101100011001111
111111111111111111111111101100001010000
111111111111111111111111101011111010001
111111111111111111111111101011101010010
111111111111111111111111101011011010011
111111111111111111111111101011001010100
111111111111111111111111101010111010101
111111111111111111111111101010101010110
111111111111111111111111101010011010111
111111111111111111111111101010001011000
111111111111111111111111101001111011001
111111111111111111111111101001101011010
111111111111111111111111101001011011011
111111111111111111111111101001001011100
111111111111111111111111101000111011101
111111111111111111111111101000101011110
111111111111111111111111101000011011111
111111111111111111111111101000001100000
111111111111111111111111100111111100001
111111111111111111111111100111101100010
111111111111111111111111100111011100011
111111111111111111111111100111001100100
111111111111111111111111100110111100101
111111111111111111111111100110101100110
111111111111111111111111100110011100111
111111111111111111111111100110001101000
111111111111111111111111100101111101001
111111111111111111111111100101101101010
111111111111111111111111100101011101011
111111111111111111111111100101001101100
111111111111111111111111100100111101101
111111111111111111111111100100101101110
111111111111111111111111100100011101111
111111111111111111111111100100001110000
111111111111111111111111100011111110001
111111111111111111111111100011101110010
111111111111111111111111100011011110011
111111111111111111111111100011001110100
111111111111111111111111100010111110101
111111111111111111111111100010101110110
111111111111111111111111100010011110111
111111111111111111111111100010001111000
111111111111111111111111100001111111001
111111111111111111111111100001101111010
111111111111111111111111100001011111011
111111111111111111111111100001001111100
111111111111111111111111100000111111101
111111111111111111111111100000101111110
111111111111111111111111100000011111111
111111111111111111111111100000010000000
111111111111111111111111100000000000001
111111111111111111111111011111110000010
111111111111111111111111011111100000011
111111111111111111111111011111010000100
111111111111111111111111011111000000101
111111111111111111111111011110110000110
111111111111111111111111011110100000111
111111111111111111111111011110010001000
111111111111111111111111011110000001001
111111111111111111111111011101110001010
111111111111111111111111011101100001011
111111111111111111111111011101010001100
111111111111111111111111011101000001101
111111111111111111111111011100110001110
111111111111111111111111011100100001111
111111111111111111111111011100010010000
111111111111111111111111011100000010001
111111111111111111111111011011110010010
111111111111111111111111011011100010011
111111111111111111111111011011010010100
111111111111111111111111011011000010101
111111111111111111111111011010110010110
111111111111111111111111011010100010111
111111111111111111111111011010010011000
111111111111111111111111011010000011001
111111111111111111111111011001110011010
111111111111111111111111011001100011011
111111111111111111111111011001010011100
111111111111111111111111011001000011101
111111111111111111111111011000110011110
111111111111111111111111011000100011111
111111111111111111111111011000010100000
111111111111111111111111011000000100001
111111111111111111111111010111110100010
111111111111111111111111010111100100011
111111111111111111111111010111010100100
111111111111111111111111010111000100101
111111111111111111111111010110110100110
111111111111111111111111010110100100111
111111111111111111111111010110010101000
111111111111111111111111010110000101001
111111111111111111111111010101110101010
111111111111111111111111010101100101011
111111111111111111111111010101010101100
111111111111111111111111010101000101101
111111111111111111111111010100110101110
111111111111111111111111010100100101111
111111111111111111111111010100010110000
111111111111111111111111010100000110001
111111111111111111111111010011110110010
111111111111111111111111010011100110011
111111111111111111111111010011010110100
111111111111111111111111010011000110101
111111111111111111111111010010110110110
111111111111111111111111010010100110111
111111111111111111111111010010010111000
111111111111111111111111010010000111001
111111111111111111111111010001110111010
111111111111111111111111010001100111011
111111111111111111111111010001010111100
111111111111111111111111010001000111101
111111111111111111111111010000110111110
111111111111111111111111010000100111111
111111111111111111111111010000011000000
111111111111111111111111010000001000001
111111111111111111111111001111111000010
111111111111111111111111001111101000011
111111111111111111111111001111011000100
111111111111111111111111001111001000101
111111111111111111111111001110111000110
111111111111111111111111001110101000111
111111111111111111111111001110011001000
111111111111111111111111001110001001001
111111111111111111111111001101111001010
111111111111111111111111001101101001011
111111111111111111111111001101011001100
111111111111111111111111001101001001101
111111111111111111111111001100111001110
111111111111111111111111001100101001111
111111111111111111111111001100011010000
111111111111111111111111001100001010001
111111111111111111111111001011111010010
111111111111111111111111001011101010011
111111111111111111111111001011011010100
111111111111111111111111001011001010101
111111111111111111111111001010111010110
111111111111111111111111001010101010111
111111111111111111111111001010011011000
111111111111111111111111001010001011001
111111111111111111111111001001111011010
111111111111111111111111001001101011011
111111111111111111111111001001011011100
111111111111111111111111001001001011101
111111111111111111111111001000111011110
111111111111111111111111001000101011111
111111111111111111111111001000011100000
111111111111111111111111001000001100001
111111111111111111111111000111111100010
111111111111111111111111000111101100011
111111111111111111111111000111011100100
111111111111111111111111000111001100101
111111111111111111111111000110111100110
111111111111111111111111000110101100111
111111111111111111111111000110011101000
111111111111111111111111000110001101001
111111111111111111111111000101111101010
111111111111111111111111000101101101011
111111111111111111111111000101011101100
111111111111111111111111000101001101101
111111111111111111111111000100111101110
111111111111111111111111000100101101111
111111111111111111111111000100011110000
111111111111111111111111000100001110001
111111111111111111111111000011111110010
111111111111111111111111000011101110011
111111111111111111111111000011011110100
111111111111111111111111000011001110101
111111111111111111111111000010111110110
111111111111111111111111000010101110111
111111111111111111111111000010011111000
111111111111111111111111000010001111001
111111111111111111111111000001111111010
111111111111111111111111000001101111011
111111111111111111111111000001011111100
111111111111111111111111000001001111101
111111111111111111111111000000111111110
111111111111111111111111000000101111111
