000000000000000000000000000000000000000
000000000000000000000000000000010010100
000000000000000000000000000000100101000
000000000000000000000000000000110111100
000000000000000000000000000001001010000
000000000000000000000000000001011100100
000000000000000000000000000001101111000
000000000000000000000000000010000001100
000000000000000000000000000010010100000
000000000000000000000000000010100110100
000000000000000000000000000010111001000
000000000000000000000000000011001011100
000000000000000000000000000011011110000
000000000000000000000000000011110000100
000000000000000000000000000100000011000
000000000000000000000000000100010101100
000000000000000000000000000100101000000
000000000000000000000000000100111010100
000000000000000000000000000101001101000
000000000000000000000000000101011111100
000000000000000000000000000101110010000
000000000000000000000000000110000100100
000000000000000000000000000110010111000
000000000000000000000000000110101001100
000000000000000000000000000110111100000
000000000000000000000000000111001110100
000000000000000000000000000111100001000
000000000000000000000000000111110011100
000000000000000000000000001000000110000
000000000000000000000000001000011000100
000000000000000000000000001000101011000
000000000000000000000000001000111101100
000000000000000000000000001001010000000
000000000000000000000000001001100010100
000000000000000000000000001001110101000
000000000000000000000000001010000111100
000000000000000000000000001010011010000
000000000000000000000000001010101100100
000000000000000000000000001010111111000
000000000000000000000000001011010001100
000000000000000000000000001011100100000
000000000000000000000000001011110110100
000000000000000000000000001100001001000
000000000000000000000000001100011011100
000000000000000000000000001100101110000
000000000000000000000000001101000000100
000000000000000000000000001101010011000
000000000000000000000000001101100101100
000000000000000000000000001101111000000
000000000000000000000000001110001010100
000000000000000000000000001110011101000
000000000000000000000000001110101111100
000000000000000000000000001111000010000
000000000000000000000000001111010100100
000000000000000000000000001111100111000
000000000000000000000000001111111001100
000000000000000000000000010000001100000
000000000000000000000000010000011110100
000000000000000000000000010000110001000
000000000000000000000000010001000011100
000000000000000000000000010001010110000
000000000000000000000000010001101000100
000000000000000000000000010001111011000
000000000000000000000000010010001101100
000000000000000000000000010010100000000
000000000000000000000000010010110010100
000000000000000000000000010011000101000
000000000000000000000000010011010111100
000000000000000000000000010011101010000
000000000000000000000000010011111100100
000000000000000000000000010100001111000
000000000000000000000000010100100001100
000000000000000000000000010100110100000
000000000000000000000000010101000110100
000000000000000000000000010101011001000
000000000000000000000000010101101011100
000000000000000000000000010101111110000
000000000000000000000000010110010000100
000000000000000000000000010110100011000
000000000000000000000000010110110101100
000000000000000000000000010111001000000
000000000000000000000000010111011010100
000000000000000000000000010111101101000
000000000000000000000000010111111111100
000000000000000000000000011000010010000
000000000000000000000000011000100100100
000000000000000000000000011000110111000
000000000000000000000000011001001001100
000000000000000000000000011001011100000
000000000000000000000000011001101110100
000000000000000000000000011010000001000
000000000000000000000000011010010011100
000000000000000000000000011010100110000
000000000000000000000000011010111000100
000000000000000000000000011011001011000
000000000000000000000000011011011101100
000000000000000000000000011011110000000
000000000000000000000000011100000010100
000000000000000000000000011100010101000
000000000000000000000000011100100111100
000000000000000000000000011100111010000
000000000000000000000000011101001100100
000000000000000000000000011101011111000
000000000000000000000000011101110001100
000000000000000000000000011110000100000
000000000000000000000000011110010110100
000000000000000000000000011110101001000
000000000000000000000000011110111011100
000000000000000000000000011111001110000
000000000000000000000000011111100000100
000000000000000000000000011111110011000
000000000000000000000000100000000101100
000000000000000000000000100000011000000
000000000000000000000000100000101010100
000000000000000000000000100000111101000
000000000000000000000000100001001111100
000000000000000000000000100001100010000
000000000000000000000000100001110100100
000000000000000000000000100010000111000
000000000000000000000000100010011001100
000000000000000000000000100010101100000
000000000000000000000000100010111110100
000000000000000000000000100011010001000
000000000000000000000000100011100011100
000000000000000000000000100011110110000
000000000000000000000000100100001000100
000000000000000000000000100100011011000
000000000000000000000000100100101101100
000000000000000000000000100101000000000
000000000000000000000000100101010010100
000000000000000000000000100101100101000
000000000000000000000000100101110111100
000000000000000000000000100110001010000
000000000000000000000000100110011100100
000000000000000000000000100110101111000
000000000000000000000000100111000001100
000000000000000000000000100111010100000
000000000000000000000000100111100110100
000000000000000000000000100111111001000
000000000000000000000000101000001011100
000000000000000000000000101000011110000
000000000000000000000000101000110000100
000000000000000000000000101001000011000
000000000000000000000000101001010101100
000000000000000000000000101001101000000
000000000000000000000000101001111010100
000000000000000000000000101010001101000
000000000000000000000000101010011111100
000000000000000000000000101010110010000
000000000000000000000000101011000100100
000000000000000000000000101011010111000
000000000000000000000000101011101001100
000000000000000000000000101011111100000
000000000000000000000000101100001110100
000000000000000000000000101100100001000
000000000000000000000000101100110011100
000000000000000000000000101101000110000
000000000000000000000000101101011000100
000000000000000000000000101101101011000
000000000000000000000000101101111101100
000000000000000000000000101110010000000
000000000000000000000000101110100010100
000000000000000000000000101110110101000
000000000000000000000000101111000111100
000000000000000000000000101111011010000
000000000000000000000000101111101100100
000000000000000000000000101111111111000
000000000000000000000000110000010001100
000000000000000000000000110000100100000
000000000000000000000000110000110110100
000000000000000000000000110001001001000
000000000000000000000000110001011011100
000000000000000000000000110001101110000
000000000000000000000000110010000000100
000000000000000000000000110010010011000
000000000000000000000000110010100101100
000000000000000000000000110010111000000
000000000000000000000000110011001010100
000000000000000000000000110011011101000
000000000000000000000000110011101111100
000000000000000000000000110100000010000
000000000000000000000000110100010100100
000000000000000000000000110100100111000
000000000000000000000000110100111001100
000000000000000000000000110101001100000
000000000000000000000000110101011110100
000000000000000000000000110101110001000
000000000000000000000000110110000011100
000000000000000000000000110110010110000
000000000000000000000000110110101000100
000000000000000000000000110110111011000
000000000000000000000000110111001101100
000000000000000000000000110111100000000
000000000000000000000000110111110010100
000000000000000000000000111000000101000
000000000000000000000000111000010111100
000000000000000000000000111000101010000
000000000000000000000000111000111100100
000000000000000000000000111001001111000
000000000000000000000000111001100001100
000000000000000000000000111001110100000
000000000000000000000000111010000110100
000000000000000000000000111010011001000
000000000000000000000000111010101011100
000000000000000000000000111010111110000
000000000000000000000000111011010000100
000000000000000000000000111011100011000
000000000000000000000000111011110101100
000000000000000000000000111100001000000
000000000000000000000000111100011010100
000000000000000000000000111100101101000
000000000000000000000000111100111111100
000000000000000000000000111101010010000
000000000000000000000000111101100100100
000000000000000000000000111101110111000
000000000000000000000000111110001001100
000000000000000000000000111110011100000
000000000000000000000000111110101110100
000000000000000000000000111111000001000
000000000000000000000000111111010011100
000000000000000000000000111111100110000
000000000000000000000000111111111000100
000000000000000000000001000000001011000
000000000000000000000001000000011101100
000000000000000000000001000000110000000
000000000000000000000001000001000010100
000000000000000000000001000001010101000
000000000000000000000001000001100111100
000000000000000000000001000001111010000
000000000000000000000001000010001100100
000000000000000000000001000010011111000
000000000000000000000001000010110001100
000000000000000000000001000011000100000
000000000000000000000001000011010110100
000000000000000000000001000011101001000
000000000000000000000001000011111011100
000000000000000000000001000100001110000
000000000000000000000001000100100000100
000000000000000000000001000100110011000
000000000000000000000001000101000101100
000000000000000000000001000101011000000
000000000000000000000001000101101010100
000000000000000000000001000101111101000
000000000000000000000001000110001111100
000000000000000000000001000110100010000
000000000000000000000001000110110100100
000000000000000000000001000111000111000
000000000000000000000001000111011001100
000000000000000000000001000111101100000
000000000000000000000001000111111110100
000000000000000000000001001000010001000
000000000000000000000001001000100011100
000000000000000000000001001000110110000
000000000000000000000001001001001000100
000000000000000000000001001001011011000
000000000000000000000001001001101101100
