000000000000000000000000000000000000000
111111111111111111111111111111110110111
111111111111111111111111111111101101110
111111111111111111111111111111100100101
111111111111111111111111111111011011100
111111111111111111111111111111010010011
111111111111111111111111111111001001010
111111111111111111111111111111000000001
111111111111111111111111111110110111000
111111111111111111111111111110101101111
111111111111111111111111111110100100110
111111111111111111111111111110011011101
111111111111111111111111111110010010100
111111111111111111111111111110001001011
111111111111111111111111111110000000010
111111111111111111111111111101110111001
111111111111111111111111111101101110000
111111111111111111111111111101100100111
111111111111111111111111111101011011110
111111111111111111111111111101010010101
111111111111111111111111111101001001100
111111111111111111111111111101000000011
111111111111111111111111111100110111010
111111111111111111111111111100101110001
111111111111111111111111111100100101000
111111111111111111111111111100011011111
111111111111111111111111111100010010110
111111111111111111111111111100001001101
111111111111111111111111111100000000100
111111111111111111111111111011110111011
111111111111111111111111111011101110010
111111111111111111111111111011100101001
111111111111111111111111111011011100000
111111111111111111111111111011010010111
111111111111111111111111111011001001110
111111111111111111111111111011000000101
111111111111111111111111111010110111100
111111111111111111111111111010101110011
111111111111111111111111111010100101010
111111111111111111111111111010011100001
111111111111111111111111111010010011000
111111111111111111111111111010001001111
111111111111111111111111111010000000110
111111111111111111111111111001110111101
111111111111111111111111111001101110100
111111111111111111111111111001100101011
111111111111111111111111111001011100010
111111111111111111111111111001010011001
111111111111111111111111111001001010000
111111111111111111111111111001000000111
111111111111111111111111111000110111110
111111111111111111111111111000101110101
111111111111111111111111111000100101100
111111111111111111111111111000011100011
111111111111111111111111111000010011010
111111111111111111111111111000001010001
111111111111111111111111111000000001000
111111111111111111111111110111110111111
111111111111111111111111110111101110110
111111111111111111111111110111100101101
111111111111111111111111110111011100100
111111111111111111111111110111010011011
111111111111111111111111110111001010010
111111111111111111111111110111000001001
111111111111111111111111110110111000000
111111111111111111111111110110101110111
111111111111111111111111110110100101110
111111111111111111111111110110011100101
111111111111111111111111110110010011100
111111111111111111111111110110001010011
111111111111111111111111110110000001010
111111111111111111111111110101111000001
111111111111111111111111110101101111000
111111111111111111111111110101100101111
111111111111111111111111110101011100110
111111111111111111111111110101010011101
111111111111111111111111110101001010100
111111111111111111111111110101000001011
111111111111111111111111110100111000010
111111111111111111111111110100101111001
111111111111111111111111110100100110000
111111111111111111111111110100011100111
111111111111111111111111110100010011110
111111111111111111111111110100001010101
111111111111111111111111110100000001100
111111111111111111111111110011111000011
111111111111111111111111110011101111010
111111111111111111111111110011100110001
111111111111111111111111110011011101000
111111111111111111111111110011010011111
111111111111111111111111110011001010110
111111111111111111111111110011000001101
111111111111111111111111110010111000100
111111111111111111111111110010101111011
111111111111111111111111110010100110010
111111111111111111111111110010011101001
111111111111111111111111110010010100000
111111111111111111111111110010001010111
111111111111111111111111110010000001110
111111111111111111111111110001111000101
111111111111111111111111110001101111100
111111111111111111111111110001100110011
111111111111111111111111110001011101010
111111111111111111111111110001010100001
111111111111111111111111110001001011000
111111111111111111111111110001000001111
111111111111111111111111110000111000110
111111111111111111111111110000101111101
111111111111111111111111110000100110100
111111111111111111111111110000011101011
111111111111111111111111110000010100010
111111111111111111111111110000001011001
111111111111111111111111110000000010000
111111111111111111111111101111111000111
111111111111111111111111101111101111110
111111111111111111111111101111100110101
111111111111111111111111101111011101100
111111111111111111111111101111010100011
111111111111111111111111101111001011010
111111111111111111111111101111000010001
111111111111111111111111101110111001000
111111111111111111111111101110101111111
111111111111111111111111101110100110110
111111111111111111111111101110011101101
111111111111111111111111101110010100100
111111111111111111111111101110001011011
111111111111111111111111101110000010010
111111111111111111111111101101111001001
111111111111111111111111101101110000000
111111111111111111111111101101100110111
111111111111111111111111101101011101110
111111111111111111111111101101010100101
111111111111111111111111101101001011100
111111111111111111111111101101000010011
111111111111111111111111101100111001010
111111111111111111111111101100110000001
111111111111111111111111101100100111000
111111111111111111111111101100011101111
111111111111111111111111101100010100110
111111111111111111111111101100001011101
111111111111111111111111101100000010100
111111111111111111111111101011111001011
111111111111111111111111101011110000010
111111111111111111111111101011100111001
111111111111111111111111101011011110000
111111111111111111111111101011010100111
111111111111111111111111101011001011110
111111111111111111111111101011000010101
111111111111111111111111101010111001100
111111111111111111111111101010110000011
111111111111111111111111101010100111010
111111111111111111111111101010011110001
111111111111111111111111101010010101000
111111111111111111111111101010001011111
111111111111111111111111101010000010110
111111111111111111111111101001111001101
111111111111111111111111101001110000100
111111111111111111111111101001100111011
111111111111111111111111101001011110010
111111111111111111111111101001010101001
111111111111111111111111101001001100000
111111111111111111111111101001000010111
111111111111111111111111101000111001110
111111111111111111111111101000110000101
111111111111111111111111101000100111100
111111111111111111111111101000011110011
111111111111111111111111101000010101010
111111111111111111111111101000001100001
111111111111111111111111101000000011000
111111111111111111111111100111111001111
111111111111111111111111100111110000110
111111111111111111111111100111100111101
111111111111111111111111100111011110100
111111111111111111111111100111010101011
111111111111111111111111100111001100010
111111111111111111111111100111000011001
111111111111111111111111100110111010000
111111111111111111111111100110110000111
111111111111111111111111100110100111110
111111111111111111111111100110011110101
111111111111111111111111100110010101100
111111111111111111111111100110001100011
111111111111111111111111100110000011010
111111111111111111111111100101111010001
111111111111111111111111100101110001000
111111111111111111111111100101100111111
111111111111111111111111100101011110110
111111111111111111111111100101010101101
111111111111111111111111100101001100100
111111111111111111111111100101000011011
111111111111111111111111100100111010010
111111111111111111111111100100110001001
111111111111111111111111100100101000000
111111111111111111111111100100011110111
111111111111111111111111100100010101110
111111111111111111111111100100001100101
111111111111111111111111100100000011100
111111111111111111111111100011111010011
111111111111111111111111100011110001010
111111111111111111111111100011101000001
111111111111111111111111100011011111000
111111111111111111111111100011010101111
111111111111111111111111100011001100110
111111111111111111111111100011000011101
111111111111111111111111100010111010100
111111111111111111111111100010110001011
111111111111111111111111100010101000010
111111111111111111111111100010011111001
111111111111111111111111100010010110000
111111111111111111111111100010001100111
111111111111111111111111100010000011110
111111111111111111111111100001111010101
111111111111111111111111100001110001100
111111111111111111111111100001101000011
111111111111111111111111100001011111010
111111111111111111111111100001010110001
111111111111111111111111100001001101000
111111111111111111111111100001000011111
111111111111111111111111100000111010110
111111111111111111111111100000110001101
111111111111111111111111100000101000100
111111111111111111111111100000011111011
111111111111111111111111100000010110010
111111111111111111111111100000001101001
111111111111111111111111100000000100000
111111111111111111111111011111111010111
111111111111111111111111011111110001110
111111111111111111111111011111101000101
111111111111111111111111011111011111100
111111111111111111111111011111010110011
111111111111111111111111011111001101010
111111111111111111111111011111000100001
111111111111111111111111011110111011000
111111111111111111111111011110110001111
111111111111111111111111011110101000110
111111111111111111111111011110011111101
111111111111111111111111011110010110100
111111111111111111111111011110001101011
111111111111111111111111011110000100010
111111111111111111111111011101111011001
111111111111111111111111011101110010000
111111111111111111111111011101101000111
111111111111111111111111011101011111110
111111111111111111111111011101010110101
111111111111111111111111011101001101100
111111111111111111111111011101000100011
111111111111111111111111011100111011010
111111111111111111111111011100110010001
111111111111111111111111011100101001000
111111111111111111111111011100011111111
111111111111111111111111011100010110110
111111111111111111111111011100001101101
111111111111111111111111011100000100100
111111111111111111111111011011111011011
111111111111111111111111011011110010010
111111111111111111111111011011101001001
