000000000000000000000000000000000000000
111111111111111111111111111111101111001
111111111111111111111111111111011110010
111111111111111111111111111111001101011
111111111111111111111111111110111100100
111111111111111111111111111110101011101
111111111111111111111111111110011010110
111111111111111111111111111110001001111
111111111111111111111111111101111001000
111111111111111111111111111101101000001
111111111111111111111111111101010111010
111111111111111111111111111101000110011
111111111111111111111111111100110101100
111111111111111111111111111100100100101
111111111111111111111111111100010011110
111111111111111111111111111100000010111
111111111111111111111111111011110010000
111111111111111111111111111011100001001
111111111111111111111111111011010000010
111111111111111111111111111010111111011
111111111111111111111111111010101110100
111111111111111111111111111010011101101
111111111111111111111111111010001100110
111111111111111111111111111001111011111
111111111111111111111111111001101011000
111111111111111111111111111001011010001
111111111111111111111111111001001001010
111111111111111111111111111000111000011
111111111111111111111111111000100111100
111111111111111111111111111000010110101
111111111111111111111111111000000101110
111111111111111111111111110111110100111
111111111111111111111111110111100100000
111111111111111111111111110111010011001
111111111111111111111111110111000010010
111111111111111111111111110110110001011
111111111111111111111111110110100000100
111111111111111111111111110110001111101
111111111111111111111111110101111110110
111111111111111111111111110101101101111
111111111111111111111111110101011101000
111111111111111111111111110101001100001
111111111111111111111111110100111011010
111111111111111111111111110100101010011
111111111111111111111111110100011001100
111111111111111111111111110100001000101
111111111111111111111111110011110111110
111111111111111111111111110011100110111
111111111111111111111111110011010110000
111111111111111111111111110011000101001
111111111111111111111111110010110100010
111111111111111111111111110010100011011
111111111111111111111111110010010010100
111111111111111111111111110010000001101
111111111111111111111111110001110000110
111111111111111111111111110001011111111
111111111111111111111111110001001111000
111111111111111111111111110000111110001
111111111111111111111111110000101101010
111111111111111111111111110000011100011
111111111111111111111111110000001011100
111111111111111111111111101111111010101
111111111111111111111111101111101001110
111111111111111111111111101111011000111
111111111111111111111111101111001000000
111111111111111111111111101110110111001
111111111111111111111111101110100110010
111111111111111111111111101110010101011
111111111111111111111111101110000100100
111111111111111111111111101101110011101
111111111111111111111111101101100010110
111111111111111111111111101101010001111
111111111111111111111111101101000001000
111111111111111111111111101100110000001
111111111111111111111111101100011111010
111111111111111111111111101100001110011
111111111111111111111111101011111101100
111111111111111111111111101011101100101
111111111111111111111111101011011011110
111111111111111111111111101011001010111
111111111111111111111111101010111010000
111111111111111111111111101010101001001
111111111111111111111111101010011000010
111111111111111111111111101010000111011
111111111111111111111111101001110110100
111111111111111111111111101001100101101
111111111111111111111111101001010100110
111111111111111111111111101001000011111
111111111111111111111111101000110011000
111111111111111111111111101000100010001
111111111111111111111111101000010001010
111111111111111111111111101000000000011
111111111111111111111111100111101111100
111111111111111111111111100111011110101
111111111111111111111111100111001101110
111111111111111111111111100110111100111
111111111111111111111111100110101100000
111111111111111111111111100110011011001
111111111111111111111111100110001010010
111111111111111111111111100101111001011
111111111111111111111111100101101000100
111111111111111111111111100101010111101
111111111111111111111111100101000110110
111111111111111111111111100100110101111
111111111111111111111111100100100101000
111111111111111111111111100100010100001
111111111111111111111111100100000011010
111111111111111111111111100011110010011
111111111111111111111111100011100001100
111111111111111111111111100011010000101
111111111111111111111111100010111111110
111111111111111111111111100010101110111
111111111111111111111111100010011110000
111111111111111111111111100010001101001
111111111111111111111111100001111100010
111111111111111111111111100001101011011
111111111111111111111111100001011010100
111111111111111111111111100001001001101
111111111111111111111111100000111000110
111111111111111111111111100000100111111
111111111111111111111111100000010111000
111111111111111111111111100000000110001
111111111111111111111111011111110101010
111111111111111111111111011111100100011
111111111111111111111111011111010011100
111111111111111111111111011111000010101
111111111111111111111111011110110001110
111111111111111111111111011110100000111
111111111111111111111111011110010000000
111111111111111111111111011101111111001
111111111111111111111111011101101110010
111111111111111111111111011101011101011
111111111111111111111111011101001100100
111111111111111111111111011100111011101
111111111111111111111111011100101010110
111111111111111111111111011100011001111
111111111111111111111111011100001001000
111111111111111111111111011011111000001
111111111111111111111111011011100111010
111111111111111111111111011011010110011
111111111111111111111111011011000101100
111111111111111111111111011010110100101
111111111111111111111111011010100011110
111111111111111111111111011010010010111
111111111111111111111111011010000010000
111111111111111111111111011001110001001
111111111111111111111111011001100000010
111111111111111111111111011001001111011
111111111111111111111111011000111110100
111111111111111111111111011000101101101
111111111111111111111111011000011100110
111111111111111111111111011000001011111
111111111111111111111111010111111011000
111111111111111111111111010111101010001
111111111111111111111111010111011001010
111111111111111111111111010111001000011
111111111111111111111111010110110111100
111111111111111111111111010110100110101
111111111111111111111111010110010101110
111111111111111111111111010110000100111
111111111111111111111111010101110100000
111111111111111111111111010101100011001
111111111111111111111111010101010010010
111111111111111111111111010101000001011
111111111111111111111111010100110000100
111111111111111111111111010100011111101
111111111111111111111111010100001110110
111111111111111111111111010011111101111
111111111111111111111111010011101101000
111111111111111111111111010011011100001
111111111111111111111111010011001011010
111111111111111111111111010010111010011
111111111111111111111111010010101001100
111111111111111111111111010010011000101
111111111111111111111111010010000111110
111111111111111111111111010001110110111
111111111111111111111111010001100110000
111111111111111111111111010001010101001
111111111111111111111111010001000100010
111111111111111111111111010000110011011
111111111111111111111111010000100010100
111111111111111111111111010000010001101
111111111111111111111111010000000000110
111111111111111111111111001111101111111
111111111111111111111111001111011111000
111111111111111111111111001111001110001
111111111111111111111111001110111101010
111111111111111111111111001110101100011
111111111111111111111111001110011011100
111111111111111111111111001110001010101
111111111111111111111111001101111001110
111111111111111111111111001101101000111
111111111111111111111111001101011000000
111111111111111111111111001101000111001
111111111111111111111111001100110110010
111111111111111111111111001100100101011
111111111111111111111111001100010100100
111111111111111111111111001100000011101
111111111111111111111111001011110010110
111111111111111111111111001011100001111
111111111111111111111111001011010001000
111111111111111111111111001011000000001
111111111111111111111111001010101111010
111111111111111111111111001010011110011
111111111111111111111111001010001101100
111111111111111111111111001001111100101
111111111111111111111111001001101011110
111111111111111111111111001001011010111
111111111111111111111111001001001010000
111111111111111111111111001000111001001
111111111111111111111111001000101000010
111111111111111111111111001000010111011
111111111111111111111111001000000110100
111111111111111111111111000111110101101
111111111111111111111111000111100100110
111111111111111111111111000111010011111
111111111111111111111111000111000011000
111111111111111111111111000110110010001
111111111111111111111111000110100001010
111111111111111111111111000110010000011
111111111111111111111111000101111111100
111111111111111111111111000101101110101
111111111111111111111111000101011101110
111111111111111111111111000101001100111
111111111111111111111111000100111100000
111111111111111111111111000100101011001
111111111111111111111111000100011010010
111111111111111111111111000100001001011
111111111111111111111111000011111000100
111111111111111111111111000011100111101
111111111111111111111111000011010110110
111111111111111111111111000011000101111
111111111111111111111111000010110101000
111111111111111111111111000010100100001
111111111111111111111111000010010011010
111111111111111111111111000010000010011
111111111111111111111111000001110001100
111111111111111111111111000001100000101
111111111111111111111111000001001111110
111111111111111111111111000000111110111
111111111111111111111111000000101110000
111111111111111111111111000000011101001
111111111111111111111111000000001100010
111111111111111111111110111111111011011
111111111111111111111110111111101010100
111111111111111111111110111111011001101
111111111111111111111110111111001000110
111111111111111111111110111110110111111
111111111111111111111110111110100111000
111111111111111111111110111110010110001
111111111111111111111110111110000101010
111111111111111111111110111101110100011
111111111111111111111110111101100011100
111111111111111111111110111101010010101
111111111111111111111110111101000001110
111111111111111111111110111100110000111
