000000000000000000000000000000000000000
111111111111111111111111111111100110111
111111111111111111111111111111001101110
111111111111111111111111111110110100101
111111111111111111111111111110011011100
111111111111111111111111111110000010011
111111111111111111111111111101101001010
111111111111111111111111111101010000001
111111111111111111111111111100110111000
111111111111111111111111111100011101111
111111111111111111111111111100000100110
111111111111111111111111111011101011101
111111111111111111111111111011010010100
111111111111111111111111111010111001011
111111111111111111111111111010100000010
111111111111111111111111111010000111001
111111111111111111111111111001101110000
111111111111111111111111111001010100111
111111111111111111111111111000111011110
111111111111111111111111111000100010101
111111111111111111111111111000001001100
111111111111111111111111110111110000011
111111111111111111111111110111010111010
111111111111111111111111110110111110001
111111111111111111111111110110100101000
111111111111111111111111110110001011111
111111111111111111111111110101110010110
111111111111111111111111110101011001101
111111111111111111111111110101000000100
111111111111111111111111110100100111011
111111111111111111111111110100001110010
111111111111111111111111110011110101001
111111111111111111111111110011011100000
111111111111111111111111110011000010111
111111111111111111111111110010101001110
111111111111111111111111110010010000101
111111111111111111111111110001110111100
111111111111111111111111110001011110011
111111111111111111111111110001000101010
111111111111111111111111110000101100001
111111111111111111111111110000010011000
111111111111111111111111101111111001111
111111111111111111111111101111100000110
111111111111111111111111101111000111101
111111111111111111111111101110101110100
111111111111111111111111101110010101011
111111111111111111111111101101111100010
111111111111111111111111101101100011001
111111111111111111111111101101001010000
111111111111111111111111101100110000111
111111111111111111111111101100010111110
111111111111111111111111101011111110101
111111111111111111111111101011100101100
111111111111111111111111101011001100011
111111111111111111111111101010110011010
111111111111111111111111101010011010001
111111111111111111111111101010000001000
111111111111111111111111101001100111111
111111111111111111111111101001001110110
111111111111111111111111101000110101101
111111111111111111111111101000011100100
111111111111111111111111101000000011011
111111111111111111111111100111101010010
111111111111111111111111100111010001001
111111111111111111111111100110111000000
111111111111111111111111100110011110111
111111111111111111111111100110000101110
111111111111111111111111100101101100101
111111111111111111111111100101010011100
111111111111111111111111100100111010011
111111111111111111111111100100100001010
111111111111111111111111100100001000001
111111111111111111111111100011101111000
111111111111111111111111100011010101111
111111111111111111111111100010111100110
111111111111111111111111100010100011101
111111111111111111111111100010001010100
111111111111111111111111100001110001011
111111111111111111111111100001011000010
111111111111111111111111100000111111001
111111111111111111111111100000100110000
111111111111111111111111100000001100111
111111111111111111111111011111110011110
111111111111111111111111011111011010101
111111111111111111111111011111000001100
111111111111111111111111011110101000011
111111111111111111111111011110001111010
111111111111111111111111011101110110001
111111111111111111111111011101011101000
111111111111111111111111011101000011111
111111111111111111111111011100101010110
111111111111111111111111011100010001101
111111111111111111111111011011111000100
111111111111111111111111011011011111011
111111111111111111111111011011000110010
111111111111111111111111011010101101001
111111111111111111111111011010010100000
111111111111111111111111011001111010111
111111111111111111111111011001100001110
111111111111111111111111011001001000101
111111111111111111111111011000101111100
111111111111111111111111011000010110011
111111111111111111111111010111111101010
111111111111111111111111010111100100001
111111111111111111111111010111001011000
111111111111111111111111010110110001111
111111111111111111111111010110011000110
111111111111111111111111010101111111101
111111111111111111111111010101100110100
111111111111111111111111010101001101011
111111111111111111111111010100110100010
111111111111111111111111010100011011001
111111111111111111111111010100000010000
111111111111111111111111010011101000111
111111111111111111111111010011001111110
111111111111111111111111010010110110101
111111111111111111111111010010011101100
111111111111111111111111010010000100011
111111111111111111111111010001101011010
111111111111111111111111010001010010001
111111111111111111111111010000111001000
111111111111111111111111010000011111111
111111111111111111111111010000000110110
111111111111111111111111001111101101101
111111111111111111111111001111010100100
111111111111111111111111001110111011011
111111111111111111111111001110100010010
111111111111111111111111001110001001001
111111111111111111111111001101110000000
111111111111111111111111001101010110111
111111111111111111111111001100111101110
111111111111111111111111001100100100101
111111111111111111111111001100001011100
111111111111111111111111001011110010011
111111111111111111111111001011011001010
111111111111111111111111001011000000001
111111111111111111111111001010100111000
111111111111111111111111001010001101111
111111111111111111111111001001110100110
111111111111111111111111001001011011101
111111111111111111111111001001000010100
111111111111111111111111001000101001011
111111111111111111111111001000010000010
111111111111111111111111000111110111001
111111111111111111111111000111011110000
111111111111111111111111000111000100111
111111111111111111111111000110101011110
111111111111111111111111000110010010101
111111111111111111111111000101111001100
111111111111111111111111000101100000011
111111111111111111111111000101000111010
111111111111111111111111000100101110001
111111111111111111111111000100010101000
111111111111111111111111000011111011111
111111111111111111111111000011100010110
111111111111111111111111000011001001101
111111111111111111111111000010110000100
111111111111111111111111000010010111011
111111111111111111111111000001111110010
111111111111111111111111000001100101001
111111111111111111111111000001001100000
111111111111111111111111000000110010111
111111111111111111111111000000011001110
111111111111111111111111000000000000101
111111111111111111111110111111100111100
111111111111111111111110111111001110011
111111111111111111111110111110110101010
111111111111111111111110111110011100001
111111111111111111111110111110000011000
111111111111111111111110111101101001111
111111111111111111111110111101010000110
111111111111111111111110111100110111101
111111111111111111111110111100011110100
111111111111111111111110111100000101011
111111111111111111111110111011101100010
111111111111111111111110111011010011001
111111111111111111111110111010111010000
111111111111111111111110111010100000111
111111111111111111111110111010000111110
111111111111111111111110111001101110101
111111111111111111111110111001010101100
111111111111111111111110111000111100011
111111111111111111111110111000100011010
111111111111111111111110111000001010001
111111111111111111111110110111110001000
111111111111111111111110110111010111111
111111111111111111111110110110111110110
111111111111111111111110110110100101101
111111111111111111111110110110001100100
111111111111111111111110110101110011011
111111111111111111111110110101011010010
111111111111111111111110110101000001001
111111111111111111111110110100101000000
111111111111111111111110110100001110111
111111111111111111111110110011110101110
111111111111111111111110110011011100101
111111111111111111111110110011000011100
111111111111111111111110110010101010011
111111111111111111111110110010010001010
111111111111111111111110110001111000001
111111111111111111111110110001011111000
111111111111111111111110110001000101111
111111111111111111111110110000101100110
111111111111111111111110110000010011101
111111111111111111111110101111111010100
111111111111111111111110101111100001011
111111111111111111111110101111001000010
111111111111111111111110101110101111001
111111111111111111111110101110010110000
111111111111111111111110101101111100111
111111111111111111111110101101100011110
111111111111111111111110101101001010101
111111111111111111111110101100110001100
111111111111111111111110101100011000011
111111111111111111111110101011111111010
111111111111111111111110101011100110001
111111111111111111111110101011001101000
111111111111111111111110101010110011111
111111111111111111111110101010011010110
111111111111111111111110101010000001101
111111111111111111111110101001101000100
111111111111111111111110101001001111011
111111111111111111111110101000110110010
111111111111111111111110101000011101001
111111111111111111111110101000000100000
111111111111111111111110100111101010111
111111111111111111111110100111010001110
111111111111111111111110100110111000101
111111111111111111111110100110011111100
111111111111111111111110100110000110011
111111111111111111111110100101101101010
111111111111111111111110100101010100001
111111111111111111111110100100111011000
111111111111111111111110100100100001111
111111111111111111111110100100001000110
111111111111111111111110100011101111101
111111111111111111111110100011010110100
111111111111111111111110100010111101011
111111111111111111111110100010100100010
111111111111111111111110100010001011001
111111111111111111111110100001110010000
111111111111111111111110100001011000111
111111111111111111111110100000111111110
111111111111111111111110100000100110101
111111111111111111111110100000001101100
111111111111111111111110011111110100011
111111111111111111111110011111011011010
111111111111111111111110011111000010001
111111111111111111111110011110101001000
111111111111111111111110011110001111111
111111111111111111111110011101110110110
111111111111111111111110011101011101101
111111111111111111111110011101000100100
111111111111111111111110011100101011011
111111111111111111111110011100010010010
111111111111111111111110011011111001001
