000000000000000000000000000000000000000
111111111111111111111111111111110110001
111111111111111111111111111111101100010
111111111111111111111111111111100010011
111111111111111111111111111111011000100
111111111111111111111111111111001110101
111111111111111111111111111111000100110
111111111111111111111111111110111010111
111111111111111111111111111110110001000
111111111111111111111111111110100111001
111111111111111111111111111110011101010
111111111111111111111111111110010011011
111111111111111111111111111110001001100
111111111111111111111111111101111111101
111111111111111111111111111101110101110
111111111111111111111111111101101011111
111111111111111111111111111101100010000
111111111111111111111111111101011000001
111111111111111111111111111101001110010
111111111111111111111111111101000100011
111111111111111111111111111100111010100
111111111111111111111111111100110000101
111111111111111111111111111100100110110
111111111111111111111111111100011100111
111111111111111111111111111100010011000
111111111111111111111111111100001001001
111111111111111111111111111011111111010
111111111111111111111111111011110101011
111111111111111111111111111011101011100
111111111111111111111111111011100001101
111111111111111111111111111011010111110
111111111111111111111111111011001101111
111111111111111111111111111011000100000
111111111111111111111111111010111010001
111111111111111111111111111010110000010
111111111111111111111111111010100110011
111111111111111111111111111010011100100
111111111111111111111111111010010010101
111111111111111111111111111010001000110
111111111111111111111111111001111110111
111111111111111111111111111001110101000
111111111111111111111111111001101011001
111111111111111111111111111001100001010
111111111111111111111111111001010111011
111111111111111111111111111001001101100
111111111111111111111111111001000011101
111111111111111111111111111000111001110
111111111111111111111111111000101111111
111111111111111111111111111000100110000
111111111111111111111111111000011100001
111111111111111111111111111000010010010
111111111111111111111111111000001000011
111111111111111111111111110111111110100
111111111111111111111111110111110100101
111111111111111111111111110111101010110
111111111111111111111111110111100000111
111111111111111111111111110111010111000
111111111111111111111111110111001101001
111111111111111111111111110111000011010
111111111111111111111111110110111001011
111111111111111111111111110110101111100
111111111111111111111111110110100101101
111111111111111111111111110110011011110
111111111111111111111111110110010001111
111111111111111111111111110110001000000
111111111111111111111111110101111110001
111111111111111111111111110101110100010
111111111111111111111111110101101010011
111111111111111111111111110101100000100
111111111111111111111111110101010110101
111111111111111111111111110101001100110
111111111111111111111111110101000010111
111111111111111111111111110100111001000
111111111111111111111111110100101111001
111111111111111111111111110100100101010
111111111111111111111111110100011011011
111111111111111111111111110100010001100
111111111111111111111111110100000111101
111111111111111111111111110011111101110
111111111111111111111111110011110011111
111111111111111111111111110011101010000
111111111111111111111111110011100000001
111111111111111111111111110011010110010
111111111111111111111111110011001100011
111111111111111111111111110011000010100
111111111111111111111111110010111000101
111111111111111111111111110010101110110
111111111111111111111111110010100100111
111111111111111111111111110010011011000
111111111111111111111111110010010001001
111111111111111111111111110010000111010
111111111111111111111111110001111101011
111111111111111111111111110001110011100
111111111111111111111111110001101001101
111111111111111111111111110001011111110
111111111111111111111111110001010101111
111111111111111111111111110001001100000
111111111111111111111111110001000010001
111111111111111111111111110000111000010
111111111111111111111111110000101110011
111111111111111111111111110000100100100
111111111111111111111111110000011010101
111111111111111111111111110000010000110
111111111111111111111111110000000110111
111111111111111111111111101111111101000
111111111111111111111111101111110011001
111111111111111111111111101111101001010
111111111111111111111111101111011111011
111111111111111111111111101111010101100
111111111111111111111111101111001011101
111111111111111111111111101111000001110
111111111111111111111111101110110111111
111111111111111111111111101110101110000
111111111111111111111111101110100100001
111111111111111111111111101110011010010
111111111111111111111111101110010000011
111111111111111111111111101110000110100
111111111111111111111111101101111100101
111111111111111111111111101101110010110
111111111111111111111111101101101000111
111111111111111111111111101101011111000
111111111111111111111111101101010101001
111111111111111111111111101101001011010
111111111111111111111111101101000001011
111111111111111111111111101100110111100
111111111111111111111111101100101101101
111111111111111111111111101100100011110
111111111111111111111111101100011001111
111111111111111111111111101100010000000
111111111111111111111111101100000110001
111111111111111111111111101011111100010
111111111111111111111111101011110010011
111111111111111111111111101011101000100
111111111111111111111111101011011110101
111111111111111111111111101011010100110
111111111111111111111111101011001010111
111111111111111111111111101011000001000
111111111111111111111111101010110111001
111111111111111111111111101010101101010
111111111111111111111111101010100011011
111111111111111111111111101010011001100
111111111111111111111111101010001111101
111111111111111111111111101010000101110
111111111111111111111111101001111011111
111111111111111111111111101001110010000
111111111111111111111111101001101000001
111111111111111111111111101001011110010
111111111111111111111111101001010100011
111111111111111111111111101001001010100
111111111111111111111111101001000000101
111111111111111111111111101000110110110
111111111111111111111111101000101100111
111111111111111111111111101000100011000
111111111111111111111111101000011001001
111111111111111111111111101000001111010
111111111111111111111111101000000101011
111111111111111111111111100111111011100
111111111111111111111111100111110001101
111111111111111111111111100111100111110
111111111111111111111111100111011101111
111111111111111111111111100111010100000
111111111111111111111111100111001010001
111111111111111111111111100111000000010
111111111111111111111111100110110110011
111111111111111111111111100110101100100
111111111111111111111111100110100010101
111111111111111111111111100110011000110
111111111111111111111111100110001110111
111111111111111111111111100110000101000
111111111111111111111111100101111011001
111111111111111111111111100101110001010
111111111111111111111111100101100111011
111111111111111111111111100101011101100
111111111111111111111111100101010011101
111111111111111111111111100101001001110
111111111111111111111111100100111111111
111111111111111111111111100100110110000
111111111111111111111111100100101100001
111111111111111111111111100100100010010
111111111111111111111111100100011000011
111111111111111111111111100100001110100
111111111111111111111111100100000100101
111111111111111111111111100011111010110
111111111111111111111111100011110000111
111111111111111111111111100011100111000
111111111111111111111111100011011101001
111111111111111111111111100011010011010
111111111111111111111111100011001001011
111111111111111111111111100010111111100
111111111111111111111111100010110101101
111111111111111111111111100010101011110
111111111111111111111111100010100001111
111111111111111111111111100010011000000
111111111111111111111111100010001110001
111111111111111111111111100010000100010
111111111111111111111111100001111010011
111111111111111111111111100001110000100
111111111111111111111111100001100110101
111111111111111111111111100001011100110
111111111111111111111111100001010010111
111111111111111111111111100001001001000
111111111111111111111111100000111111001
111111111111111111111111100000110101010
111111111111111111111111100000101011011
111111111111111111111111100000100001100
111111111111111111111111100000010111101
111111111111111111111111100000001101110
111111111111111111111111100000000011111
111111111111111111111111011111111010000
111111111111111111111111011111110000001
111111111111111111111111011111100110010
111111111111111111111111011111011100011
111111111111111111111111011111010010100
111111111111111111111111011111001000101
111111111111111111111111011110111110110
111111111111111111111111011110110100111
111111111111111111111111011110101011000
111111111111111111111111011110100001001
111111111111111111111111011110010111010
111111111111111111111111011110001101011
111111111111111111111111011110000011100
111111111111111111111111011101111001101
111111111111111111111111011101101111110
111111111111111111111111011101100101111
111111111111111111111111011101011100000
111111111111111111111111011101010010001
111111111111111111111111011101001000010
111111111111111111111111011100111110011
111111111111111111111111011100110100100
111111111111111111111111011100101010101
111111111111111111111111011100100000110
111111111111111111111111011100010110111
111111111111111111111111011100001101000
111111111111111111111111011100000011001
111111111111111111111111011011111001010
111111111111111111111111011011101111011
111111111111111111111111011011100101100
111111111111111111111111011011011011101
111111111111111111111111011011010001110
111111111111111111111111011011000111111
111111111111111111111111011010111110000
111111111111111111111111011010110100001
111111111111111111111111011010101010010
111111111111111111111111011010100000011
111111111111111111111111011010010110100
111111111111111111111111011010001100101
111111111111111111111111011010000010110
111111111111111111111111011001111000111
111111111111111111111111011001101111000
111111111111111111111111011001100101001
111111111111111111111111011001011011010
111111111111111111111111011001010001011
111111111111111111111111011001000111100
111111111111111111111111011000111101101
111111111111111111111111011000110011110
111111111111111111111111011000101001111
