000000000000000000000000000000000000000
000000000000000000000000000000011011001
000000000000000000000000000000110110010
000000000000000000000000000001010001011
000000000000000000000000000001101100100
000000000000000000000000000010000111101
000000000000000000000000000010100010110
000000000000000000000000000010111101111
000000000000000000000000000011011001000
000000000000000000000000000011110100001
000000000000000000000000000100001111010
000000000000000000000000000100101010011
000000000000000000000000000101000101100
000000000000000000000000000101100000101
000000000000000000000000000101111011110
000000000000000000000000000110010110111
000000000000000000000000000110110010000
000000000000000000000000000111001101001
000000000000000000000000000111101000010
000000000000000000000000001000000011011
000000000000000000000000001000011110100
000000000000000000000000001000111001101
000000000000000000000000001001010100110
000000000000000000000000001001101111111
000000000000000000000000001010001011000
000000000000000000000000001010100110001
000000000000000000000000001011000001010
000000000000000000000000001011011100011
000000000000000000000000001011110111100
000000000000000000000000001100010010101
000000000000000000000000001100101101110
000000000000000000000000001101001000111
000000000000000000000000001101100100000
000000000000000000000000001101111111001
000000000000000000000000001110011010010
000000000000000000000000001110110101011
000000000000000000000000001111010000100
000000000000000000000000001111101011101
000000000000000000000000010000000110110
000000000000000000000000010000100001111
000000000000000000000000010000111101000
000000000000000000000000010001011000001
000000000000000000000000010001110011010
000000000000000000000000010010001110011
000000000000000000000000010010101001100
000000000000000000000000010011000100101
000000000000000000000000010011011111110
000000000000000000000000010011111010111
000000000000000000000000010100010110000
000000000000000000000000010100110001001
000000000000000000000000010101001100010
000000000000000000000000010101100111011
000000000000000000000000010110000010100
000000000000000000000000010110011101101
000000000000000000000000010110111000110
000000000000000000000000010111010011111
000000000000000000000000010111101111000
000000000000000000000000011000001010001
000000000000000000000000011000100101010
000000000000000000000000011001000000011
000000000000000000000000011001011011100
000000000000000000000000011001110110101
000000000000000000000000011010010001110
000000000000000000000000011010101100111
000000000000000000000000011011001000000
000000000000000000000000011011100011001
000000000000000000000000011011111110010
000000000000000000000000011100011001011
000000000000000000000000011100110100100
000000000000000000000000011101001111101
000000000000000000000000011101101010110
000000000000000000000000011110000101111
000000000000000000000000011110100001000
000000000000000000000000011110111100001
000000000000000000000000011111010111010
000000000000000000000000011111110010011
000000000000000000000000100000001101100
000000000000000000000000100000101000101
000000000000000000000000100001000011110
000000000000000000000000100001011110111
000000000000000000000000100001111010000
000000000000000000000000100010010101001
000000000000000000000000100010110000010
000000000000000000000000100011001011011
000000000000000000000000100011100110100
000000000000000000000000100100000001101
000000000000000000000000100100011100110
000000000000000000000000100100110111111
000000000000000000000000100101010011000
000000000000000000000000100101101110001
000000000000000000000000100110001001010
000000000000000000000000100110100100011
000000000000000000000000100110111111100
000000000000000000000000100111011010101
000000000000000000000000100111110101110
000000000000000000000000101000010000111
000000000000000000000000101000101100000
000000000000000000000000101001000111001
000000000000000000000000101001100010010
000000000000000000000000101001111101011
000000000000000000000000101010011000100
000000000000000000000000101010110011101
000000000000000000000000101011001110110
000000000000000000000000101011101001111
000000000000000000000000101100000101000
000000000000000000000000101100100000001
000000000000000000000000101100111011010
000000000000000000000000101101010110011
000000000000000000000000101101110001100
000000000000000000000000101110001100101
000000000000000000000000101110100111110
000000000000000000000000101111000010111
000000000000000000000000101111011110000
000000000000000000000000101111111001001
000000000000000000000000110000010100010
000000000000000000000000110000101111011
000000000000000000000000110001001010100
000000000000000000000000110001100101101
000000000000000000000000110010000000110
000000000000000000000000110010011011111
000000000000000000000000110010110111000
000000000000000000000000110011010010001
000000000000000000000000110011101101010
000000000000000000000000110100001000011
000000000000000000000000110100100011100
000000000000000000000000110100111110101
000000000000000000000000110101011001110
000000000000000000000000110101110100111
000000000000000000000000110110010000000
000000000000000000000000110110101011001
000000000000000000000000110111000110010
000000000000000000000000110111100001011
000000000000000000000000110111111100100
000000000000000000000000111000010111101
000000000000000000000000111000110010110
000000000000000000000000111001001101111
000000000000000000000000111001101001000
000000000000000000000000111010000100001
000000000000000000000000111010011111010
000000000000000000000000111010111010011
000000000000000000000000111011010101100
000000000000000000000000111011110000101
000000000000000000000000111100001011110
000000000000000000000000111100100110111
000000000000000000000000111101000010000
000000000000000000000000111101011101001
000000000000000000000000111101111000010
000000000000000000000000111110010011011
000000000000000000000000111110101110100
000000000000000000000000111111001001101
000000000000000000000000111111100100110
000000000000000000000000111111111111111
000000000000000000000001000000011011000
000000000000000000000001000000110110001
000000000000000000000001000001010001010
000000000000000000000001000001101100011
000000000000000000000001000010000111100
000000000000000000000001000010100010101
000000000000000000000001000010111101110
000000000000000000000001000011011000111
000000000000000000000001000011110100000
000000000000000000000001000100001111001
000000000000000000000001000100101010010
000000000000000000000001000101000101011
000000000000000000000001000101100000100
000000000000000000000001000101111011101
000000000000000000000001000110010110110
000000000000000000000001000110110001111
000000000000000000000001000111001101000
000000000000000000000001000111101000001
000000000000000000000001001000000011010
000000000000000000000001001000011110011
000000000000000000000001001000111001100
000000000000000000000001001001010100101
000000000000000000000001001001101111110
000000000000000000000001001010001010111
000000000000000000000001001010100110000
000000000000000000000001001011000001001
000000000000000000000001001011011100010
000000000000000000000001001011110111011
000000000000000000000001001100010010100
000000000000000000000001001100101101101
000000000000000000000001001101001000110
000000000000000000000001001101100011111
000000000000000000000001001101111111000
000000000000000000000001001110011010001
000000000000000000000001001110110101010
000000000000000000000001001111010000011
000000000000000000000001001111101011100
000000000000000000000001010000000110101
000000000000000000000001010000100001110
000000000000000000000001010000111100111
000000000000000000000001010001011000000
000000000000000000000001010001110011001
000000000000000000000001010010001110010
000000000000000000000001010010101001011
000000000000000000000001010011000100100
000000000000000000000001010011011111101
000000000000000000000001010011111010110
000000000000000000000001010100010101111
000000000000000000000001010100110001000
000000000000000000000001010101001100001
000000000000000000000001010101100111010
000000000000000000000001010110000010011
000000000000000000000001010110011101100
000000000000000000000001010110111000101
000000000000000000000001010111010011110
000000000000000000000001010111101110111
000000000000000000000001011000001010000
000000000000000000000001011000100101001
000000000000000000000001011001000000010
000000000000000000000001011001011011011
000000000000000000000001011001110110100
000000000000000000000001011010010001101
000000000000000000000001011010101100110
000000000000000000000001011011000111111
000000000000000000000001011011100011000
000000000000000000000001011011111110001
000000000000000000000001011100011001010
000000000000000000000001011100110100011
000000000000000000000001011101001111100
000000000000000000000001011101101010101
000000000000000000000001011110000101110
000000000000000000000001011110100000111
000000000000000000000001011110111100000
000000000000000000000001011111010111001
000000000000000000000001011111110010010
000000000000000000000001100000001101011
000000000000000000000001100000101000100
000000000000000000000001100001000011101
000000000000000000000001100001011110110
000000000000000000000001100001111001111
000000000000000000000001100010010101000
000000000000000000000001100010110000001
000000000000000000000001100011001011010
000000000000000000000001100011100110011
000000000000000000000001100100000001100
000000000000000000000001100100011100101
000000000000000000000001100100110111110
000000000000000000000001100101010010111
000000000000000000000001100101101110000
000000000000000000000001100110001001001
000000000000000000000001100110100100010
000000000000000000000001100110111111011
000000000000000000000001100111011010100
000000000000000000000001100111110101101
000000000000000000000001101000010000110
000000000000000000000001101000101011111
000000000000000000000001101001000111000
000000000000000000000001101001100010001
000000000000000000000001101001111101010
000000000000000000000001101010011000011
000000000000000000000001101010110011100
000000000000000000000001101011001110101
000000000000000000000001101011101001110
000000000000000000000001101100000100111
