000000000000000000000000000000000000000
111111111111111111111111111111101010110
111111111111111111111111111111010101100
111111111111111111111111111111000000010
111111111111111111111111111110101011000
111111111111111111111111111110010101110
111111111111111111111111111110000000100
111111111111111111111111111101101011010
111111111111111111111111111101010110000
111111111111111111111111111101000000110
111111111111111111111111111100101011100
111111111111111111111111111100010110010
111111111111111111111111111100000001000
111111111111111111111111111011101011110
111111111111111111111111111011010110100
111111111111111111111111111011000001010
111111111111111111111111111010101100000
111111111111111111111111111010010110110
111111111111111111111111111010000001100
111111111111111111111111111001101100010
111111111111111111111111111001010111000
111111111111111111111111111001000001110
111111111111111111111111111000101100100
111111111111111111111111111000010111010
111111111111111111111111111000000010000
111111111111111111111111110111101100110
111111111111111111111111110111010111100
111111111111111111111111110111000010010
111111111111111111111111110110101101000
111111111111111111111111110110010111110
111111111111111111111111110110000010100
111111111111111111111111110101101101010
111111111111111111111111110101011000000
111111111111111111111111110101000010110
111111111111111111111111110100101101100
111111111111111111111111110100011000010
111111111111111111111111110100000011000
111111111111111111111111110011101101110
111111111111111111111111110011011000100
111111111111111111111111110011000011010
111111111111111111111111110010101110000
111111111111111111111111110010011000110
111111111111111111111111110010000011100
111111111111111111111111110001101110010
111111111111111111111111110001011001000
111111111111111111111111110001000011110
111111111111111111111111110000101110100
111111111111111111111111110000011001010
111111111111111111111111110000000100000
111111111111111111111111101111101110110
111111111111111111111111101111011001100
111111111111111111111111101111000100010
111111111111111111111111101110101111000
111111111111111111111111101110011001110
111111111111111111111111101110000100100
111111111111111111111111101101101111010
111111111111111111111111101101011010000
111111111111111111111111101101000100110
111111111111111111111111101100101111100
111111111111111111111111101100011010010
111111111111111111111111101100000101000
111111111111111111111111101011101111110
111111111111111111111111101011011010100
111111111111111111111111101011000101010
111111111111111111111111101010110000000
111111111111111111111111101010011010110
111111111111111111111111101010000101100
111111111111111111111111101001110000010
111111111111111111111111101001011011000
111111111111111111111111101001000101110
111111111111111111111111101000110000100
111111111111111111111111101000011011010
111111111111111111111111101000000110000
111111111111111111111111100111110000110
111111111111111111111111100111011011100
111111111111111111111111100111000110010
111111111111111111111111100110110001000
111111111111111111111111100110011011110
111111111111111111111111100110000110100
111111111111111111111111100101110001010
111111111111111111111111100101011100000
111111111111111111111111100101000110110
111111111111111111111111100100110001100
111111111111111111111111100100011100010
111111111111111111111111100100000111000
111111111111111111111111100011110001110
111111111111111111111111100011011100100
111111111111111111111111100011000111010
111111111111111111111111100010110010000
111111111111111111111111100010011100110
111111111111111111111111100010000111100
111111111111111111111111100001110010010
111111111111111111111111100001011101000
111111111111111111111111100001000111110
111111111111111111111111100000110010100
111111111111111111111111100000011101010
111111111111111111111111100000001000000
111111111111111111111111011111110010110
111111111111111111111111011111011101100
111111111111111111111111011111001000010
111111111111111111111111011110110011000
111111111111111111111111011110011101110
111111111111111111111111011110001000100
111111111111111111111111011101110011010
111111111111111111111111011101011110000
111111111111111111111111011101001000110
111111111111111111111111011100110011100
111111111111111111111111011100011110010
111111111111111111111111011100001001000
111111111111111111111111011011110011110
111111111111111111111111011011011110100
111111111111111111111111011011001001010
111111111111111111111111011010110100000
111111111111111111111111011010011110110
111111111111111111111111011010001001100
111111111111111111111111011001110100010
111111111111111111111111011001011111000
111111111111111111111111011001001001110
111111111111111111111111011000110100100
111111111111111111111111011000011111010
111111111111111111111111011000001010000
111111111111111111111111010111110100110
111111111111111111111111010111011111100
111111111111111111111111010111001010010
111111111111111111111111010110110101000
111111111111111111111111010110011111110
111111111111111111111111010110001010100
111111111111111111111111010101110101010
111111111111111111111111010101100000000
111111111111111111111111010101001010110
111111111111111111111111010100110101100
111111111111111111111111010100100000010
111111111111111111111111010100001011000
111111111111111111111111010011110101110
111111111111111111111111010011100000100
111111111111111111111111010011001011010
111111111111111111111111010010110110000
111111111111111111111111010010100000110
111111111111111111111111010010001011100
111111111111111111111111010001110110010
111111111111111111111111010001100001000
111111111111111111111111010001001011110
111111111111111111111111010000110110100
111111111111111111111111010000100001010
111111111111111111111111010000001100000
111111111111111111111111001111110110110
111111111111111111111111001111100001100
111111111111111111111111001111001100010
111111111111111111111111001110110111000
111111111111111111111111001110100001110
111111111111111111111111001110001100100
111111111111111111111111001101110111010
111111111111111111111111001101100010000
111111111111111111111111001101001100110
111111111111111111111111001100110111100
111111111111111111111111001100100010010
111111111111111111111111001100001101000
111111111111111111111111001011110111110
111111111111111111111111001011100010100
111111111111111111111111001011001101010
111111111111111111111111001010111000000
111111111111111111111111001010100010110
111111111111111111111111001010001101100
111111111111111111111111001001111000010
111111111111111111111111001001100011000
111111111111111111111111001001001101110
111111111111111111111111001000111000100
111111111111111111111111001000100011010
111111111111111111111111001000001110000
111111111111111111111111000111111000110
111111111111111111111111000111100011100
111111111111111111111111000111001110010
111111111111111111111111000110111001000
111111111111111111111111000110100011110
111111111111111111111111000110001110100
111111111111111111111111000101111001010
111111111111111111111111000101100100000
111111111111111111111111000101001110110
111111111111111111111111000100111001100
111111111111111111111111000100100100010
111111111111111111111111000100001111000
111111111111111111111111000011111001110
111111111111111111111111000011100100100
111111111111111111111111000011001111010
111111111111111111111111000010111010000
111111111111111111111111000010100100110
111111111111111111111111000010001111100
111111111111111111111111000001111010010
111111111111111111111111000001100101000
111111111111111111111111000001001111110
111111111111111111111111000000111010100
111111111111111111111111000000100101010
111111111111111111111111000000010000000
111111111111111111111110111111111010110
111111111111111111111110111111100101100
111111111111111111111110111111010000010
111111111111111111111110111110111011000
111111111111111111111110111110100101110
111111111111111111111110111110010000100
111111111111111111111110111101111011010
111111111111111111111110111101100110000
111111111111111111111110111101010000110
111111111111111111111110111100111011100
111111111111111111111110111100100110010
111111111111111111111110111100010001000
111111111111111111111110111011111011110
111111111111111111111110111011100110100
111111111111111111111110111011010001010
111111111111111111111110111010111100000
111111111111111111111110111010100110110
111111111111111111111110111010010001100
111111111111111111111110111001111100010
111111111111111111111110111001100111000
111111111111111111111110111001010001110
111111111111111111111110111000111100100
111111111111111111111110111000100111010
111111111111111111111110111000010010000
111111111111111111111110110111111100110
111111111111111111111110110111100111100
111111111111111111111110110111010010010
111111111111111111111110110110111101000
111111111111111111111110110110100111110
111111111111111111111110110110010010100
111111111111111111111110110101111101010
111111111111111111111110110101101000000
111111111111111111111110110101010010110
111111111111111111111110110100111101100
111111111111111111111110110100101000010
111111111111111111111110110100010011000
111111111111111111111110110011111101110
111111111111111111111110110011101000100
111111111111111111111110110011010011010
111111111111111111111110110010111110000
111111111111111111111110110010101000110
111111111111111111111110110010010011100
111111111111111111111110110001111110010
111111111111111111111110110001101001000
111111111111111111111110110001010011110
111111111111111111111110110000111110100
111111111111111111111110110000101001010
111111111111111111111110110000010100000
111111111111111111111110101111111110110
111111111111111111111110101111101001100
111111111111111111111110101111010100010
111111111111111111111110101110111111000
111111111111111111111110101110101001110
111111111111111111111110101110010100100
111111111111111111111110101101111111010
111111111111111111111110101101101010000
111111111111111111111110101101010100110
111111111111111111111110101100111111100
111111111111111111111110101100101010010
111111111111111111111110101100010101000
111111111111111111111110101011111111110
111111111111111111111110101011101010100
111111111111111111111110101011010101010
