000000000000000000000000000000000000000
111111111111111111111111111111111101011
111111111111111111111111111111111010110
111111111111111111111111111111111000001
111111111111111111111111111111110101100
111111111111111111111111111111110010111
111111111111111111111111111111110000010
111111111111111111111111111111101101101
111111111111111111111111111111101011000
111111111111111111111111111111101000011
111111111111111111111111111111100101110
111111111111111111111111111111100011001
111111111111111111111111111111100000100
111111111111111111111111111111011101111
111111111111111111111111111111011011010
111111111111111111111111111111011000101
111111111111111111111111111111010110000
111111111111111111111111111111010011011
111111111111111111111111111111010000110
111111111111111111111111111111001110001
111111111111111111111111111111001011100
111111111111111111111111111111001000111
111111111111111111111111111111000110010
111111111111111111111111111111000011101
111111111111111111111111111111000001000
111111111111111111111111111110111110011
111111111111111111111111111110111011110
111111111111111111111111111110111001001
111111111111111111111111111110110110100
111111111111111111111111111110110011111
111111111111111111111111111110110001010
111111111111111111111111111110101110101
111111111111111111111111111110101100000
111111111111111111111111111110101001011
111111111111111111111111111110100110110
111111111111111111111111111110100100001
111111111111111111111111111110100001100
111111111111111111111111111110011110111
111111111111111111111111111110011100010
111111111111111111111111111110011001101
111111111111111111111111111110010111000
111111111111111111111111111110010100011
111111111111111111111111111110010001110
111111111111111111111111111110001111001
111111111111111111111111111110001100100
111111111111111111111111111110001001111
111111111111111111111111111110000111010
111111111111111111111111111110000100101
111111111111111111111111111110000010000
111111111111111111111111111101111111011
111111111111111111111111111101111100110
111111111111111111111111111101111010001
111111111111111111111111111101110111100
111111111111111111111111111101110100111
111111111111111111111111111101110010010
111111111111111111111111111101101111101
111111111111111111111111111101101101000
111111111111111111111111111101101010011
111111111111111111111111111101100111110
111111111111111111111111111101100101001
111111111111111111111111111101100010100
111111111111111111111111111101011111111
111111111111111111111111111101011101010
111111111111111111111111111101011010101
111111111111111111111111111101011000000
111111111111111111111111111101010101011
111111111111111111111111111101010010110
111111111111111111111111111101010000001
111111111111111111111111111101001101100
111111111111111111111111111101001010111
111111111111111111111111111101001000010
111111111111111111111111111101000101101
111111111111111111111111111101000011000
111111111111111111111111111101000000011
111111111111111111111111111100111101110
111111111111111111111111111100111011001
111111111111111111111111111100111000100
111111111111111111111111111100110101111
111111111111111111111111111100110011010
111111111111111111111111111100110000101
111111111111111111111111111100101110000
111111111111111111111111111100101011011
111111111111111111111111111100101000110
111111111111111111111111111100100110001
111111111111111111111111111100100011100
111111111111111111111111111100100000111
111111111111111111111111111100011110010
111111111111111111111111111100011011101
111111111111111111111111111100011001000
111111111111111111111111111100010110011
111111111111111111111111111100010011110
111111111111111111111111111100010001001
111111111111111111111111111100001110100
111111111111111111111111111100001011111
111111111111111111111111111100001001010
111111111111111111111111111100000110101
111111111111111111111111111100000100000
111111111111111111111111111100000001011
111111111111111111111111111011111110110
111111111111111111111111111011111100001
111111111111111111111111111011111001100
111111111111111111111111111011110110111
111111111111111111111111111011110100010
111111111111111111111111111011110001101
111111111111111111111111111011101111000
111111111111111111111111111011101100011
111111111111111111111111111011101001110
111111111111111111111111111011100111001
111111111111111111111111111011100100100
111111111111111111111111111011100001111
111111111111111111111111111011011111010
111111111111111111111111111011011100101
111111111111111111111111111011011010000
111111111111111111111111111011010111011
111111111111111111111111111011010100110
111111111111111111111111111011010010001
111111111111111111111111111011001111100
111111111111111111111111111011001100111
111111111111111111111111111011001010010
111111111111111111111111111011000111101
111111111111111111111111111011000101000
111111111111111111111111111011000010011
111111111111111111111111111010111111110
111111111111111111111111111010111101001
111111111111111111111111111010111010100
111111111111111111111111111010110111111
111111111111111111111111111010110101010
111111111111111111111111111010110010101
111111111111111111111111111010110000000
111111111111111111111111111010101101011
111111111111111111111111111010101010110
111111111111111111111111111010101000001
111111111111111111111111111010100101100
111111111111111111111111111010100010111
111111111111111111111111111010100000010
111111111111111111111111111010011101101
111111111111111111111111111010011011000
111111111111111111111111111010011000011
111111111111111111111111111010010101110
111111111111111111111111111010010011001
111111111111111111111111111010010000100
111111111111111111111111111010001101111
111111111111111111111111111010001011010
111111111111111111111111111010001000101
111111111111111111111111111010000110000
111111111111111111111111111010000011011
111111111111111111111111111010000000110
111111111111111111111111111001111110001
111111111111111111111111111001111011100
111111111111111111111111111001111000111
111111111111111111111111111001110110010
111111111111111111111111111001110011101
111111111111111111111111111001110001000
111111111111111111111111111001101110011
111111111111111111111111111001101011110
111111111111111111111111111001101001001
111111111111111111111111111001100110100
111111111111111111111111111001100011111
111111111111111111111111111001100001010
111111111111111111111111111001011110101
111111111111111111111111111001011100000
111111111111111111111111111001011001011
111111111111111111111111111001010110110
111111111111111111111111111001010100001
111111111111111111111111111001010001100
111111111111111111111111111001001110111
111111111111111111111111111001001100010
111111111111111111111111111001001001101
111111111111111111111111111001000111000
111111111111111111111111111001000100011
111111111111111111111111111001000001110
111111111111111111111111111000111111001
111111111111111111111111111000111100100
111111111111111111111111111000111001111
111111111111111111111111111000110111010
111111111111111111111111111000110100101
111111111111111111111111111000110010000
111111111111111111111111111000101111011
111111111111111111111111111000101100110
111111111111111111111111111000101010001
111111111111111111111111111000100111100
111111111111111111111111111000100100111
111111111111111111111111111000100010010
111111111111111111111111111000011111101
111111111111111111111111111000011101000
111111111111111111111111111000011010011
111111111111111111111111111000010111110
111111111111111111111111111000010101001
111111111111111111111111111000010010100
111111111111111111111111111000001111111
111111111111111111111111111000001101010
111111111111111111111111111000001010101
111111111111111111111111111000001000000
111111111111111111111111111000000101011
111111111111111111111111111000000010110
111111111111111111111111111000000000001
111111111111111111111111110111111101100
111111111111111111111111110111111010111
111111111111111111111111110111111000010
111111111111111111111111110111110101101
111111111111111111111111110111110011000
111111111111111111111111110111110000011
111111111111111111111111110111101101110
111111111111111111111111110111101011001
111111111111111111111111110111101000100
111111111111111111111111110111100101111
111111111111111111111111110111100011010
111111111111111111111111110111100000101
111111111111111111111111110111011110000
111111111111111111111111110111011011011
111111111111111111111111110111011000110
111111111111111111111111110111010110001
111111111111111111111111110111010011100
111111111111111111111111110111010000111
111111111111111111111111110111001110010
111111111111111111111111110111001011101
111111111111111111111111110111001001000
111111111111111111111111110111000110011
111111111111111111111111110111000011110
111111111111111111111111110111000001001
111111111111111111111111110110111110100
111111111111111111111111110110111011111
111111111111111111111111110110111001010
111111111111111111111111110110110110101
111111111111111111111111110110110100000
111111111111111111111111110110110001011
111111111111111111111111110110101110110
111111111111111111111111110110101100001
111111111111111111111111110110101001100
111111111111111111111111110110100110111
111111111111111111111111110110100100010
111111111111111111111111110110100001101
111111111111111111111111110110011111000
111111111111111111111111110110011100011
111111111111111111111111110110011001110
111111111111111111111111110110010111001
111111111111111111111111110110010100100
111111111111111111111111110110010001111
111111111111111111111111110110001111010
111111111111111111111111110110001100101
111111111111111111111111110110001010000
111111111111111111111111110110000111011
111111111111111111111111110110000100110
111111111111111111111111110110000010001
111111111111111111111111110101111111100
111111111111111111111111110101111100111
111111111111111111111111110101111010010
111111111111111111111111110101110111101
111111111111111111111111110101110101000
111111111111111111111111110101110010011
111111111111111111111111110101101111110
111111111111111111111111110101101101001
111111111111111111111111110101101010100
111111111111111111111111110101100111111
111111111111111111111111110101100101010
111111111111111111111111110101100010101
