000000000000000000000000000000000000000
111111111111111111111111111111100110000
111111111111111111111111111111001100000
111111111111111111111111111110110010000
111111111111111111111111111110011000000
111111111111111111111111111101111110000
111111111111111111111111111101100100000
111111111111111111111111111101001010000
111111111111111111111111111100110000000
111111111111111111111111111100010110000
111111111111111111111111111011111100000
111111111111111111111111111011100010000
111111111111111111111111111011001000000
111111111111111111111111111010101110000
111111111111111111111111111010010100000
111111111111111111111111111001111010000
111111111111111111111111111001100000000
111111111111111111111111111001000110000
111111111111111111111111111000101100000
111111111111111111111111111000010010000
111111111111111111111111110111111000000
111111111111111111111111110111011110000
111111111111111111111111110111000100000
111111111111111111111111110110101010000
111111111111111111111111110110010000000
111111111111111111111111110101110110000
111111111111111111111111110101011100000
111111111111111111111111110101000010000
111111111111111111111111110100101000000
111111111111111111111111110100001110000
111111111111111111111111110011110100000
111111111111111111111111110011011010000
111111111111111111111111110011000000000
111111111111111111111111110010100110000
111111111111111111111111110010001100000
111111111111111111111111110001110010000
111111111111111111111111110001011000000
111111111111111111111111110000111110000
111111111111111111111111110000100100000
111111111111111111111111110000001010000
111111111111111111111111101111110000000
111111111111111111111111101111010110000
111111111111111111111111101110111100000
111111111111111111111111101110100010000
111111111111111111111111101110001000000
111111111111111111111111101101101110000
111111111111111111111111101101010100000
111111111111111111111111101100111010000
111111111111111111111111101100100000000
111111111111111111111111101100000110000
111111111111111111111111101011101100000
111111111111111111111111101011010010000
111111111111111111111111101010111000000
111111111111111111111111101010011110000
111111111111111111111111101010000100000
111111111111111111111111101001101010000
111111111111111111111111101001010000000
111111111111111111111111101000110110000
111111111111111111111111101000011100000
111111111111111111111111101000000010000
111111111111111111111111100111101000000
111111111111111111111111100111001110000
111111111111111111111111100110110100000
111111111111111111111111100110011010000
111111111111111111111111100110000000000
111111111111111111111111100101100110000
111111111111111111111111100101001100000
111111111111111111111111100100110010000
111111111111111111111111100100011000000
111111111111111111111111100011111110000
111111111111111111111111100011100100000
111111111111111111111111100011001010000
111111111111111111111111100010110000000
111111111111111111111111100010010110000
111111111111111111111111100001111100000
111111111111111111111111100001100010000
111111111111111111111111100001001000000
111111111111111111111111100000101110000
111111111111111111111111100000010100000
111111111111111111111111011111111010000
111111111111111111111111011111100000000
111111111111111111111111011111000110000
111111111111111111111111011110101100000
111111111111111111111111011110010010000
111111111111111111111111011101111000000
111111111111111111111111011101011110000
111111111111111111111111011101000100000
111111111111111111111111011100101010000
111111111111111111111111011100010000000
111111111111111111111111011011110110000
111111111111111111111111011011011100000
111111111111111111111111011011000010000
111111111111111111111111011010101000000
111111111111111111111111011010001110000
111111111111111111111111011001110100000
111111111111111111111111011001011010000
111111111111111111111111011001000000000
111111111111111111111111011000100110000
111111111111111111111111011000001100000
111111111111111111111111010111110010000
111111111111111111111111010111011000000
111111111111111111111111010110111110000
111111111111111111111111010110100100000
111111111111111111111111010110001010000
111111111111111111111111010101110000000
111111111111111111111111010101010110000
111111111111111111111111010100111100000
111111111111111111111111010100100010000
111111111111111111111111010100001000000
111111111111111111111111010011101110000
111111111111111111111111010011010100000
111111111111111111111111010010111010000
111111111111111111111111010010100000000
111111111111111111111111010010000110000
111111111111111111111111010001101100000
111111111111111111111111010001010010000
111111111111111111111111010000111000000
111111111111111111111111010000011110000
111111111111111111111111010000000100000
111111111111111111111111001111101010000
111111111111111111111111001111010000000
111111111111111111111111001110110110000
111111111111111111111111001110011100000
111111111111111111111111001110000010000
111111111111111111111111001101101000000
111111111111111111111111001101001110000
111111111111111111111111001100110100000
111111111111111111111111001100011010000
111111111111111111111111001100000000000
111111111111111111111111001011100110000
111111111111111111111111001011001100000
111111111111111111111111001010110010000
111111111111111111111111001010011000000
111111111111111111111111001001111110000
111111111111111111111111001001100100000
111111111111111111111111001001001010000
111111111111111111111111001000110000000
111111111111111111111111001000010110000
111111111111111111111111000111111100000
111111111111111111111111000111100010000
111111111111111111111111000111001000000
111111111111111111111111000110101110000
111111111111111111111111000110010100000
111111111111111111111111000101111010000
111111111111111111111111000101100000000
111111111111111111111111000101000110000
111111111111111111111111000100101100000
111111111111111111111111000100010010000
111111111111111111111111000011111000000
111111111111111111111111000011011110000
111111111111111111111111000011000100000
111111111111111111111111000010101010000
111111111111111111111111000010010000000
111111111111111111111111000001110110000
111111111111111111111111000001011100000
111111111111111111111111000001000010000
111111111111111111111111000000101000000
111111111111111111111111000000001110000
111111111111111111111110111111110100000
111111111111111111111110111111011010000
111111111111111111111110111111000000000
111111111111111111111110111110100110000
111111111111111111111110111110001100000
111111111111111111111110111101110010000
111111111111111111111110111101011000000
111111111111111111111110111100111110000
111111111111111111111110111100100100000
111111111111111111111110111100001010000
111111111111111111111110111011110000000
111111111111111111111110111011010110000
111111111111111111111110111010111100000
111111111111111111111110111010100010000
111111111111111111111110111010001000000
111111111111111111111110111001101110000
111111111111111111111110111001010100000
111111111111111111111110111000111010000
111111111111111111111110111000100000000
111111111111111111111110111000000110000
111111111111111111111110110111101100000
111111111111111111111110110111010010000
111111111111111111111110110110111000000
111111111111111111111110110110011110000
111111111111111111111110110110000100000
111111111111111111111110110101101010000
111111111111111111111110110101010000000
111111111111111111111110110100110110000
111111111111111111111110110100011100000
111111111111111111111110110100000010000
111111111111111111111110110011101000000
111111111111111111111110110011001110000
111111111111111111111110110010110100000
111111111111111111111110110010011010000
111111111111111111111110110010000000000
111111111111111111111110110001100110000
111111111111111111111110110001001100000
111111111111111111111110110000110010000
111111111111111111111110110000011000000
111111111111111111111110101111111110000
111111111111111111111110101111100100000
111111111111111111111110101111001010000
111111111111111111111110101110110000000
111111111111111111111110101110010110000
111111111111111111111110101101111100000
111111111111111111111110101101100010000
111111111111111111111110101101001000000
111111111111111111111110101100101110000
111111111111111111111110101100010100000
111111111111111111111110101011111010000
111111111111111111111110101011100000000
111111111111111111111110101011000110000
111111111111111111111110101010101100000
111111111111111111111110101010010010000
111111111111111111111110101001111000000
111111111111111111111110101001011110000
111111111111111111111110101001000100000
111111111111111111111110101000101010000
111111111111111111111110101000010000000
111111111111111111111110100111110110000
111111111111111111111110100111011100000
111111111111111111111110100111000010000
111111111111111111111110100110101000000
111111111111111111111110100110001110000
111111111111111111111110100101110100000
111111111111111111111110100101011010000
111111111111111111111110100101000000000
111111111111111111111110100100100110000
111111111111111111111110100100001100000
111111111111111111111110100011110010000
111111111111111111111110100011011000000
111111111111111111111110100010111110000
111111111111111111111110100010100100000
111111111111111111111110100010001010000
111111111111111111111110100001110000000
111111111111111111111110100001010110000
111111111111111111111110100000111100000
111111111111111111111110100000100010000
111111111111111111111110100000001000000
111111111111111111111110011111101110000
111111111111111111111110011111010100000
111111111111111111111110011110111010000
111111111111111111111110011110100000000
111111111111111111111110011110000110000
111111111111111111111110011101101100000
111111111111111111111110011101010010000
111111111111111111111110011100111000000
111111111111111111111110011100011110000
111111111111111111111110011100000100000
111111111111111111111110011011101010000
111111111111111111111110011011010000000
111111111111111111111110011010110110000
111111111111111111111110011010011100000
111111111111111111111110011010000010000
111111111111111111111110011001101000000
111111111111111111111110011001001110000
111111111111111111111110011000110100000
111111111111111111111110011000011010000
