000000000000000000000000000000000000000
111111111111111111111111111111100001011
111111111111111111111111111111000010110
111111111111111111111111111110100100001
111111111111111111111111111110000101100
111111111111111111111111111101100110111
111111111111111111111111111101001000010
111111111111111111111111111100101001101
111111111111111111111111111100001011000
111111111111111111111111111011101100011
111111111111111111111111111011001101110
111111111111111111111111111010101111001
111111111111111111111111111010010000100
111111111111111111111111111001110001111
111111111111111111111111111001010011010
111111111111111111111111111000110100101
111111111111111111111111111000010110000
111111111111111111111111110111110111011
111111111111111111111111110111011000110
111111111111111111111111110110111010001
111111111111111111111111110110011011100
111111111111111111111111110101111100111
111111111111111111111111110101011110010
111111111111111111111111110100111111101
111111111111111111111111110100100001000
111111111111111111111111110100000010011
111111111111111111111111110011100011110
111111111111111111111111110011000101001
111111111111111111111111110010100110100
111111111111111111111111110010000111111
111111111111111111111111110001101001010
111111111111111111111111110001001010101
111111111111111111111111110000101100000
111111111111111111111111110000001101011
111111111111111111111111101111101110110
111111111111111111111111101111010000001
111111111111111111111111101110110001100
111111111111111111111111101110010010111
111111111111111111111111101101110100010
111111111111111111111111101101010101101
111111111111111111111111101100110111000
111111111111111111111111101100011000011
111111111111111111111111101011111001110
111111111111111111111111101011011011001
111111111111111111111111101010111100100
111111111111111111111111101010011101111
111111111111111111111111101001111111010
111111111111111111111111101001100000101
111111111111111111111111101001000010000
111111111111111111111111101000100011011
111111111111111111111111101000000100110
111111111111111111111111100111100110001
111111111111111111111111100111000111100
111111111111111111111111100110101000111
111111111111111111111111100110001010010
111111111111111111111111100101101011101
111111111111111111111111100101001101000
111111111111111111111111100100101110011
111111111111111111111111100100001111110
111111111111111111111111100011110001001
111111111111111111111111100011010010100
111111111111111111111111100010110011111
111111111111111111111111100010010101010
111111111111111111111111100001110110101
111111111111111111111111100001011000000
111111111111111111111111100000111001011
111111111111111111111111100000011010110
111111111111111111111111011111111100001
111111111111111111111111011111011101100
111111111111111111111111011110111110111
111111111111111111111111011110100000010
111111111111111111111111011110000001101
111111111111111111111111011101100011000
111111111111111111111111011101000100011
111111111111111111111111011100100101110
111111111111111111111111011100000111001
111111111111111111111111011011101000100
111111111111111111111111011011001001111
111111111111111111111111011010101011010
111111111111111111111111011010001100101
111111111111111111111111011001101110000
111111111111111111111111011001001111011
111111111111111111111111011000110000110
111111111111111111111111011000010010001
111111111111111111111111010111110011100
111111111111111111111111010111010100111
111111111111111111111111010110110110010
111111111111111111111111010110010111101
111111111111111111111111010101111001000
111111111111111111111111010101011010011
111111111111111111111111010100111011110
111111111111111111111111010100011101001
111111111111111111111111010011111110100
111111111111111111111111010011011111111
111111111111111111111111010011000001010
111111111111111111111111010010100010101
111111111111111111111111010010000100000
111111111111111111111111010001100101011
111111111111111111111111010001000110110
111111111111111111111111010000101000001
111111111111111111111111010000001001100
111111111111111111111111001111101010111
111111111111111111111111001111001100010
111111111111111111111111001110101101101
111111111111111111111111001110001111000
111111111111111111111111001101110000011
111111111111111111111111001101010001110
111111111111111111111111001100110011001
111111111111111111111111001100010100100
111111111111111111111111001011110101111
111111111111111111111111001011010111010
111111111111111111111111001010111000101
111111111111111111111111001010011010000
111111111111111111111111001001111011011
111111111111111111111111001001011100110
111111111111111111111111001000111110001
111111111111111111111111001000011111100
111111111111111111111111001000000000111
111111111111111111111111000111100010010
111111111111111111111111000111000011101
111111111111111111111111000110100101000
111111111111111111111111000110000110011
111111111111111111111111000101100111110
111111111111111111111111000101001001001
111111111111111111111111000100101010100
111111111111111111111111000100001011111
111111111111111111111111000011101101010
111111111111111111111111000011001110101
111111111111111111111111000010110000000
111111111111111111111111000010010001011
111111111111111111111111000001110010110
111111111111111111111111000001010100001
111111111111111111111111000000110101100
111111111111111111111111000000010110111
111111111111111111111110111111111000010
111111111111111111111110111111011001101
111111111111111111111110111110111011000
111111111111111111111110111110011100011
111111111111111111111110111101111101110
111111111111111111111110111101011111001
111111111111111111111110111101000000100
111111111111111111111110111100100001111
111111111111111111111110111100000011010
111111111111111111111110111011100100101
111111111111111111111110111011000110000
111111111111111111111110111010100111011
111111111111111111111110111010001000110
111111111111111111111110111001101010001
111111111111111111111110111001001011100
111111111111111111111110111000101100111
111111111111111111111110111000001110010
111111111111111111111110110111101111101
111111111111111111111110110111010001000
111111111111111111111110110110110010011
111111111111111111111110110110010011110
111111111111111111111110110101110101001
111111111111111111111110110101010110100
111111111111111111111110110100110111111
111111111111111111111110110100011001010
111111111111111111111110110011111010101
111111111111111111111110110011011100000
111111111111111111111110110010111101011
111111111111111111111110110010011110110
111111111111111111111110110010000000001
111111111111111111111110110001100001100
111111111111111111111110110001000010111
111111111111111111111110110000100100010
111111111111111111111110110000000101101
111111111111111111111110101111100111000
111111111111111111111110101111001000011
111111111111111111111110101110101001110
111111111111111111111110101110001011001
111111111111111111111110101101101100100
111111111111111111111110101101001101111
111111111111111111111110101100101111010
111111111111111111111110101100010000101
111111111111111111111110101011110010000
111111111111111111111110101011010011011
111111111111111111111110101010110100110
111111111111111111111110101010010110001
111111111111111111111110101001110111100
111111111111111111111110101001011000111
111111111111111111111110101000111010010
111111111111111111111110101000011011101
111111111111111111111110100111111101000
111111111111111111111110100111011110011
111111111111111111111110100110111111110
111111111111111111111110100110100001001
111111111111111111111110100110000010100
111111111111111111111110100101100011111
111111111111111111111110100101000101010
111111111111111111111110100100100110101
111111111111111111111110100100001000000
111111111111111111111110100011101001011
111111111111111111111110100011001010110
111111111111111111111110100010101100001
111111111111111111111110100010001101100
111111111111111111111110100001101110111
111111111111111111111110100001010000010
111111111111111111111110100000110001101
111111111111111111111110100000010011000
111111111111111111111110011111110100011
111111111111111111111110011111010101110
111111111111111111111110011110110111001
111111111111111111111110011110011000100
111111111111111111111110011101111001111
111111111111111111111110011101011011010
111111111111111111111110011100111100101
111111111111111111111110011100011110000
111111111111111111111110011011111111011
111111111111111111111110011011100000110
111111111111111111111110011011000010001
111111111111111111111110011010100011100
111111111111111111111110011010000100111
111111111111111111111110011001100110010
111111111111111111111110011001000111101
111111111111111111111110011000101001000
111111111111111111111110011000001010011
111111111111111111111110010111101011110
111111111111111111111110010111001101001
111111111111111111111110010110101110100
111111111111111111111110010110001111111
111111111111111111111110010101110001010
111111111111111111111110010101010010101
111111111111111111111110010100110100000
111111111111111111111110010100010101011
111111111111111111111110010011110110110
111111111111111111111110010011011000001
111111111111111111111110010010111001100
111111111111111111111110010010011010111
111111111111111111111110010001111100010
111111111111111111111110010001011101101
111111111111111111111110010000111111000
111111111111111111111110010000100000011
111111111111111111111110010000000001110
111111111111111111111110001111100011001
111111111111111111111110001111000100100
111111111111111111111110001110100101111
111111111111111111111110001110000111010
111111111111111111111110001101101000101
111111111111111111111110001101001010000
111111111111111111111110001100101011011
111111111111111111111110001100001100110
111111111111111111111110001011101110001
111111111111111111111110001011001111100
111111111111111111111110001010110000111
111111111111111111111110001010010010010
111111111111111111111110001001110011101
111111111111111111111110001001010101000
111111111111111111111110001000110110011
111111111111111111111110001000010111110
111111111111111111111110000111111001001
111111111111111111111110000111011010100
111111111111111111111110000110111011111
111111111111111111111110000110011101010
111111111111111111111110000101111110101
