000000000000000000000000000000000000000
000000000000000000000000000000001101011
000000000000000000000000000000011010110
000000000000000000000000000000101000001
000000000000000000000000000000110101100
000000000000000000000000000001000010111
000000000000000000000000000001010000010
000000000000000000000000000001011101101
000000000000000000000000000001101011000
000000000000000000000000000001111000011
000000000000000000000000000010000101110
000000000000000000000000000010010011001
000000000000000000000000000010100000100
000000000000000000000000000010101101111
000000000000000000000000000010111011010
000000000000000000000000000011001000101
000000000000000000000000000011010110000
000000000000000000000000000011100011011
000000000000000000000000000011110000110
000000000000000000000000000011111110001
000000000000000000000000000100001011100
000000000000000000000000000100011000111
000000000000000000000000000100100110010
000000000000000000000000000100110011101
000000000000000000000000000101000001000
000000000000000000000000000101001110011
000000000000000000000000000101011011110
000000000000000000000000000101101001001
000000000000000000000000000101110110100
000000000000000000000000000110000011111
000000000000000000000000000110010001010
000000000000000000000000000110011110101
000000000000000000000000000110101100000
000000000000000000000000000110111001011
000000000000000000000000000111000110110
000000000000000000000000000111010100001
000000000000000000000000000111100001100
000000000000000000000000000111101110111
000000000000000000000000000111111100010
000000000000000000000000001000001001101
000000000000000000000000001000010111000
000000000000000000000000001000100100011
000000000000000000000000001000110001110
000000000000000000000000001000111111001
000000000000000000000000001001001100100
000000000000000000000000001001011001111
000000000000000000000000001001100111010
000000000000000000000000001001110100101
000000000000000000000000001010000010000
000000000000000000000000001010001111011
000000000000000000000000001010011100110
000000000000000000000000001010101010001
000000000000000000000000001010110111100
000000000000000000000000001011000100111
000000000000000000000000001011010010010
000000000000000000000000001011011111101
000000000000000000000000001011101101000
000000000000000000000000001011111010011
000000000000000000000000001100000111110
000000000000000000000000001100010101001
000000000000000000000000001100100010100
000000000000000000000000001100101111111
000000000000000000000000001100111101010
000000000000000000000000001101001010101
000000000000000000000000001101011000000
000000000000000000000000001101100101011
000000000000000000000000001101110010110
000000000000000000000000001110000000001
000000000000000000000000001110001101100
000000000000000000000000001110011010111
000000000000000000000000001110101000010
000000000000000000000000001110110101101
000000000000000000000000001111000011000
000000000000000000000000001111010000011
000000000000000000000000001111011101110
000000000000000000000000001111101011001
000000000000000000000000001111111000100
000000000000000000000000010000000101111
000000000000000000000000010000010011010
000000000000000000000000010000100000101
000000000000000000000000010000101110000
000000000000000000000000010000111011011
000000000000000000000000010001001000110
000000000000000000000000010001010110001
000000000000000000000000010001100011100
000000000000000000000000010001110000111
000000000000000000000000010001111110010
000000000000000000000000010010001011101
000000000000000000000000010010011001000
000000000000000000000000010010100110011
000000000000000000000000010010110011110
000000000000000000000000010011000001001
000000000000000000000000010011001110100
000000000000000000000000010011011011111
000000000000000000000000010011101001010
000000000000000000000000010011110110101
000000000000000000000000010100000100000
000000000000000000000000010100010001011
000000000000000000000000010100011110110
000000000000000000000000010100101100001
000000000000000000000000010100111001100
000000000000000000000000010101000110111
000000000000000000000000010101010100010
000000000000000000000000010101100001101
000000000000000000000000010101101111000
000000000000000000000000010101111100011
000000000000000000000000010110001001110
000000000000000000000000010110010111001
000000000000000000000000010110100100100
000000000000000000000000010110110001111
000000000000000000000000010110111111010
000000000000000000000000010111001100101
000000000000000000000000010111011010000
000000000000000000000000010111100111011
000000000000000000000000010111110100110
000000000000000000000000011000000010001
000000000000000000000000011000001111100
000000000000000000000000011000011100111
000000000000000000000000011000101010010
000000000000000000000000011000110111101
000000000000000000000000011001000101000
000000000000000000000000011001010010011
000000000000000000000000011001011111110
000000000000000000000000011001101101001
000000000000000000000000011001111010100
000000000000000000000000011010000111111
000000000000000000000000011010010101010
000000000000000000000000011010100010101
000000000000000000000000011010110000000
000000000000000000000000011010111101011
000000000000000000000000011011001010110
000000000000000000000000011011011000001
000000000000000000000000011011100101100
000000000000000000000000011011110010111
000000000000000000000000011100000000010
000000000000000000000000011100001101101
000000000000000000000000011100011011000
000000000000000000000000011100101000011
000000000000000000000000011100110101110
000000000000000000000000011101000011001
000000000000000000000000011101010000100
000000000000000000000000011101011101111
000000000000000000000000011101101011010
000000000000000000000000011101111000101
000000000000000000000000011110000110000
000000000000000000000000011110010011011
000000000000000000000000011110100000110
000000000000000000000000011110101110001
000000000000000000000000011110111011100
000000000000000000000000011111001000111
000000000000000000000000011111010110010
000000000000000000000000011111100011101
000000000000000000000000011111110001000
000000000000000000000000011111111110011
000000000000000000000000100000001011110
000000000000000000000000100000011001001
000000000000000000000000100000100110100
000000000000000000000000100000110011111
000000000000000000000000100001000001010
000000000000000000000000100001001110101
000000000000000000000000100001011100000
000000000000000000000000100001101001011
000000000000000000000000100001110110110
000000000000000000000000100010000100001
000000000000000000000000100010010001100
000000000000000000000000100010011110111
000000000000000000000000100010101100010
000000000000000000000000100010111001101
000000000000000000000000100011000111000
000000000000000000000000100011010100011
000000000000000000000000100011100001110
000000000000000000000000100011101111001
000000000000000000000000100011111100100
000000000000000000000000100100001001111
000000000000000000000000100100010111010
000000000000000000000000100100100100101
000000000000000000000000100100110010000
000000000000000000000000100100111111011
000000000000000000000000100101001100110
000000000000000000000000100101011010001
000000000000000000000000100101100111100
000000000000000000000000100101110100111
000000000000000000000000100110000010010
000000000000000000000000100110001111101
000000000000000000000000100110011101000
000000000000000000000000100110101010011
000000000000000000000000100110110111110
000000000000000000000000100111000101001
000000000000000000000000100111010010100
000000000000000000000000100111011111111
000000000000000000000000100111101101010
000000000000000000000000100111111010101
000000000000000000000000101000001000000
000000000000000000000000101000010101011
000000000000000000000000101000100010110
000000000000000000000000101000110000001
000000000000000000000000101000111101100
000000000000000000000000101001001010111
000000000000000000000000101001011000010
000000000000000000000000101001100101101
000000000000000000000000101001110011000
000000000000000000000000101010000000011
000000000000000000000000101010001101110
000000000000000000000000101010011011001
000000000000000000000000101010101000100
000000000000000000000000101010110101111
000000000000000000000000101011000011010
000000000000000000000000101011010000101
000000000000000000000000101011011110000
000000000000000000000000101011101011011
000000000000000000000000101011111000110
000000000000000000000000101100000110001
000000000000000000000000101100010011100
000000000000000000000000101100100000111
000000000000000000000000101100101110010
000000000000000000000000101100111011101
000000000000000000000000101101001001000
000000000000000000000000101101010110011
000000000000000000000000101101100011110
000000000000000000000000101101110001001
000000000000000000000000101101111110100
000000000000000000000000101110001011111
000000000000000000000000101110011001010
000000000000000000000000101110100110101
000000000000000000000000101110110100000
000000000000000000000000101111000001011
000000000000000000000000101111001110110
000000000000000000000000101111011100001
000000000000000000000000101111101001100
000000000000000000000000101111110110111
000000000000000000000000110000000100010
000000000000000000000000110000010001101
000000000000000000000000110000011111000
000000000000000000000000110000101100011
000000000000000000000000110000111001110
000000000000000000000000110001000111001
000000000000000000000000110001010100100
000000000000000000000000110001100001111
000000000000000000000000110001101111010
000000000000000000000000110001111100101
000000000000000000000000110010001010000
000000000000000000000000110010010111011
000000000000000000000000110010100100110
000000000000000000000000110010110010001
000000000000000000000000110010111111100
000000000000000000000000110011001100111
000000000000000000000000110011011010010
000000000000000000000000110011100111101
000000000000000000000000110011110101000
000000000000000000000000110100000010011
000000000000000000000000110100001111110
000000000000000000000000110100011101001
000000000000000000000000110100101010100
000000000000000000000000110100110111111
000000000000000000000000110101000101010
000000000000000000000000110101010010101
