000000000000000000000000000000000000000
111111111111111111111111111111111010011
111111111111111111111111111111110100110
111111111111111111111111111111101111001
111111111111111111111111111111101001100
111111111111111111111111111111100011111
111111111111111111111111111111011110010
111111111111111111111111111111011000101
111111111111111111111111111111010011000
111111111111111111111111111111001101011
111111111111111111111111111111000111110
111111111111111111111111111111000010001
111111111111111111111111111110111100100
111111111111111111111111111110110110111
111111111111111111111111111110110001010
111111111111111111111111111110101011101
111111111111111111111111111110100110000
111111111111111111111111111110100000011
111111111111111111111111111110011010110
111111111111111111111111111110010101001
111111111111111111111111111110001111100
111111111111111111111111111110001001111
111111111111111111111111111110000100010
111111111111111111111111111101111110101
111111111111111111111111111101111001000
111111111111111111111111111101110011011
111111111111111111111111111101101101110
111111111111111111111111111101101000001
111111111111111111111111111101100010100
111111111111111111111111111101011100111
111111111111111111111111111101010111010
111111111111111111111111111101010001101
111111111111111111111111111101001100000
111111111111111111111111111101000110011
111111111111111111111111111101000000110
111111111111111111111111111100111011001
111111111111111111111111111100110101100
111111111111111111111111111100101111111
111111111111111111111111111100101010010
111111111111111111111111111100100100101
111111111111111111111111111100011111000
111111111111111111111111111100011001011
111111111111111111111111111100010011110
111111111111111111111111111100001110001
111111111111111111111111111100001000100
111111111111111111111111111100000010111
111111111111111111111111111011111101010
111111111111111111111111111011110111101
111111111111111111111111111011110010000
111111111111111111111111111011101100011
111111111111111111111111111011100110110
111111111111111111111111111011100001001
111111111111111111111111111011011011100
111111111111111111111111111011010101111
111111111111111111111111111011010000010
111111111111111111111111111011001010101
111111111111111111111111111011000101000
111111111111111111111111111010111111011
111111111111111111111111111010111001110
111111111111111111111111111010110100001
111111111111111111111111111010101110100
111111111111111111111111111010101000111
111111111111111111111111111010100011010
111111111111111111111111111010011101101
111111111111111111111111111010011000000
111111111111111111111111111010010010011
111111111111111111111111111010001100110
111111111111111111111111111010000111001
111111111111111111111111111010000001100
111111111111111111111111111001111011111
111111111111111111111111111001110110010
111111111111111111111111111001110000101
111111111111111111111111111001101011000
111111111111111111111111111001100101011
111111111111111111111111111001011111110
111111111111111111111111111001011010001
111111111111111111111111111001010100100
111111111111111111111111111001001110111
111111111111111111111111111001001001010
111111111111111111111111111001000011101
111111111111111111111111111000111110000
111111111111111111111111111000111000011
111111111111111111111111111000110010110
111111111111111111111111111000101101001
111111111111111111111111111000100111100
111111111111111111111111111000100001111
111111111111111111111111111000011100010
111111111111111111111111111000010110101
111111111111111111111111111000010001000
111111111111111111111111111000001011011
111111111111111111111111111000000101110
111111111111111111111111111000000000001
111111111111111111111111110111111010100
111111111111111111111111110111110100111
111111111111111111111111110111101111010
111111111111111111111111110111101001101
111111111111111111111111110111100100000
111111111111111111111111110111011110011
111111111111111111111111110111011000110
111111111111111111111111110111010011001
111111111111111111111111110111001101100
111111111111111111111111110111000111111
111111111111111111111111110111000010010
111111111111111111111111110110111100101
111111111111111111111111110110110111000
111111111111111111111111110110110001011
111111111111111111111111110110101011110
111111111111111111111111110110100110001
111111111111111111111111110110100000100
111111111111111111111111110110011010111
111111111111111111111111110110010101010
111111111111111111111111110110001111101
111111111111111111111111110110001010000
111111111111111111111111110110000100011
111111111111111111111111110101111110110
111111111111111111111111110101111001001
111111111111111111111111110101110011100
111111111111111111111111110101101101111
111111111111111111111111110101101000010
111111111111111111111111110101100010101
111111111111111111111111110101011101000
111111111111111111111111110101010111011
111111111111111111111111110101010001110
111111111111111111111111110101001100001
111111111111111111111111110101000110100
111111111111111111111111110101000000111
111111111111111111111111110100111011010
111111111111111111111111110100110101101
111111111111111111111111110100110000000
111111111111111111111111110100101010011
111111111111111111111111110100100100110
111111111111111111111111110100011111001
111111111111111111111111110100011001100
111111111111111111111111110100010011111
111111111111111111111111110100001110010
111111111111111111111111110100001000101
111111111111111111111111110100000011000
111111111111111111111111110011111101011
111111111111111111111111110011110111110
111111111111111111111111110011110010001
111111111111111111111111110011101100100
111111111111111111111111110011100110111
111111111111111111111111110011100001010
111111111111111111111111110011011011101
111111111111111111111111110011010110000
111111111111111111111111110011010000011
111111111111111111111111110011001010110
111111111111111111111111110011000101001
111111111111111111111111110010111111100
111111111111111111111111110010111001111
111111111111111111111111110010110100010
111111111111111111111111110010101110101
111111111111111111111111110010101001000
111111111111111111111111110010100011011
111111111111111111111111110010011101110
111111111111111111111111110010011000001
111111111111111111111111110010010010100
111111111111111111111111110010001100111
111111111111111111111111110010000111010
111111111111111111111111110010000001101
111111111111111111111111110001111100000
111111111111111111111111110001110110011
111111111111111111111111110001110000110
111111111111111111111111110001101011001
111111111111111111111111110001100101100
111111111111111111111111110001011111111
111111111111111111111111110001011010010
111111111111111111111111110001010100101
111111111111111111111111110001001111000
111111111111111111111111110001001001011
111111111111111111111111110001000011110
111111111111111111111111110000111110001
111111111111111111111111110000111000100
111111111111111111111111110000110010111
111111111111111111111111110000101101010
111111111111111111111111110000100111101
111111111111111111111111110000100010000
111111111111111111111111110000011100011
111111111111111111111111110000010110110
111111111111111111111111110000010001001
111111111111111111111111110000001011100
111111111111111111111111110000000101111
111111111111111111111111110000000000010
111111111111111111111111101111111010101
111111111111111111111111101111110101000
111111111111111111111111101111101111011
111111111111111111111111101111101001110
111111111111111111111111101111100100001
111111111111111111111111101111011110100
111111111111111111111111101111011000111
111111111111111111111111101111010011010
111111111111111111111111101111001101101
111111111111111111111111101111001000000
111111111111111111111111101111000010011
111111111111111111111111101110111100110
111111111111111111111111101110110111001
111111111111111111111111101110110001100
111111111111111111111111101110101011111
111111111111111111111111101110100110010
111111111111111111111111101110100000101
111111111111111111111111101110011011000
111111111111111111111111101110010101011
111111111111111111111111101110001111110
111111111111111111111111101110001010001
111111111111111111111111101110000100100
111111111111111111111111101101111110111
111111111111111111111111101101111001010
111111111111111111111111101101110011101
111111111111111111111111101101101110000
111111111111111111111111101101101000011
111111111111111111111111101101100010110
111111111111111111111111101101011101001
111111111111111111111111101101010111100
111111111111111111111111101101010001111
111111111111111111111111101101001100010
111111111111111111111111101101000110101
111111111111111111111111101101000001000
111111111111111111111111101100111011011
111111111111111111111111101100110101110
111111111111111111111111101100110000001
111111111111111111111111101100101010100
111111111111111111111111101100100100111
111111111111111111111111101100011111010
111111111111111111111111101100011001101
111111111111111111111111101100010100000
111111111111111111111111101100001110011
111111111111111111111111101100001000110
111111111111111111111111101100000011001
111111111111111111111111101011111101100
111111111111111111111111101011110111111
111111111111111111111111101011110010010
111111111111111111111111101011101100101
111111111111111111111111101011100111000
111111111111111111111111101011100001011
111111111111111111111111101011011011110
111111111111111111111111101011010110001
111111111111111111111111101011010000100
111111111111111111111111101011001010111
111111111111111111111111101011000101010
111111111111111111111111101010111111101
111111111111111111111111101010111010000
111111111111111111111111101010110100011
111111111111111111111111101010101110110
111111111111111111111111101010101001001
111111111111111111111111101010100011100
111111111111111111111111101010011101111
111111111111111111111111101010011000010
111111111111111111111111101010010010101
111111111111111111111111101010001101000
111111111111111111111111101010000111011
111111111111111111111111101010000001110
111111111111111111111111101001111100001
111111111111111111111111101001110110100
111111111111111111111111101001110000111
111111111111111111111111101001101011010
111111111111111111111111101001100101101
