000000000000000000000000000000000000000
111111111111111111111111111111100110011
111111111111111111111111111111001100110
111111111111111111111111111110110011001
111111111111111111111111111110011001100
111111111111111111111111111101111111111
111111111111111111111111111101100110010
111111111111111111111111111101001100101
111111111111111111111111111100110011000
111111111111111111111111111100011001011
111111111111111111111111111011111111110
111111111111111111111111111011100110001
111111111111111111111111111011001100100
111111111111111111111111111010110010111
111111111111111111111111111010011001010
111111111111111111111111111001111111101
111111111111111111111111111001100110000
111111111111111111111111111001001100011
111111111111111111111111111000110010110
111111111111111111111111111000011001001
111111111111111111111111110111111111100
111111111111111111111111110111100101111
111111111111111111111111110111001100010
111111111111111111111111110110110010101
111111111111111111111111110110011001000
111111111111111111111111110101111111011
111111111111111111111111110101100101110
111111111111111111111111110101001100001
111111111111111111111111110100110010100
111111111111111111111111110100011000111
111111111111111111111111110011111111010
111111111111111111111111110011100101101
111111111111111111111111110011001100000
111111111111111111111111110010110010011
111111111111111111111111110010011000110
111111111111111111111111110001111111001
111111111111111111111111110001100101100
111111111111111111111111110001001011111
111111111111111111111111110000110010010
111111111111111111111111110000011000101
111111111111111111111111101111111111000
111111111111111111111111101111100101011
111111111111111111111111101111001011110
111111111111111111111111101110110010001
111111111111111111111111101110011000100
111111111111111111111111101101111110111
111111111111111111111111101101100101010
111111111111111111111111101101001011101
111111111111111111111111101100110010000
111111111111111111111111101100011000011
111111111111111111111111101011111110110
111111111111111111111111101011100101001
111111111111111111111111101011001011100
111111111111111111111111101010110001111
111111111111111111111111101010011000010
111111111111111111111111101001111110101
111111111111111111111111101001100101000
111111111111111111111111101001001011011
111111111111111111111111101000110001110
111111111111111111111111101000011000001
111111111111111111111111100111111110100
111111111111111111111111100111100100111
111111111111111111111111100111001011010
111111111111111111111111100110110001101
111111111111111111111111100110011000000
111111111111111111111111100101111110011
111111111111111111111111100101100100110
111111111111111111111111100101001011001
111111111111111111111111100100110001100
111111111111111111111111100100010111111
111111111111111111111111100011111110010
111111111111111111111111100011100100101
111111111111111111111111100011001011000
111111111111111111111111100010110001011
111111111111111111111111100010010111110
111111111111111111111111100001111110001
111111111111111111111111100001100100100
111111111111111111111111100001001010111
111111111111111111111111100000110001010
111111111111111111111111100000010111101
111111111111111111111111011111111110000
111111111111111111111111011111100100011
111111111111111111111111011111001010110
111111111111111111111111011110110001001
111111111111111111111111011110010111100
111111111111111111111111011101111101111
111111111111111111111111011101100100010
111111111111111111111111011101001010101
111111111111111111111111011100110001000
111111111111111111111111011100010111011
111111111111111111111111011011111101110
111111111111111111111111011011100100001
111111111111111111111111011011001010100
111111111111111111111111011010110000111
111111111111111111111111011010010111010
111111111111111111111111011001111101101
111111111111111111111111011001100100000
111111111111111111111111011001001010011
111111111111111111111111011000110000110
111111111111111111111111011000010111001
111111111111111111111111010111111101100
111111111111111111111111010111100011111
111111111111111111111111010111001010010
111111111111111111111111010110110000101
111111111111111111111111010110010111000
111111111111111111111111010101111101011
111111111111111111111111010101100011110
111111111111111111111111010101001010001
111111111111111111111111010100110000100
111111111111111111111111010100010110111
111111111111111111111111010011111101010
111111111111111111111111010011100011101
111111111111111111111111010011001010000
111111111111111111111111010010110000011
111111111111111111111111010010010110110
111111111111111111111111010001111101001
111111111111111111111111010001100011100
111111111111111111111111010001001001111
111111111111111111111111010000110000010
111111111111111111111111010000010110101
111111111111111111111111001111111101000
111111111111111111111111001111100011011
111111111111111111111111001111001001110
111111111111111111111111001110110000001
111111111111111111111111001110010110100
111111111111111111111111001101111100111
111111111111111111111111001101100011010
111111111111111111111111001101001001101
111111111111111111111111001100110000000
111111111111111111111111001100010110011
111111111111111111111111001011111100110
111111111111111111111111001011100011001
111111111111111111111111001011001001100
111111111111111111111111001010101111111
111111111111111111111111001010010110010
111111111111111111111111001001111100101
111111111111111111111111001001100011000
111111111111111111111111001001001001011
111111111111111111111111001000101111110
111111111111111111111111001000010110001
111111111111111111111111000111111100100
111111111111111111111111000111100010111
111111111111111111111111000111001001010
111111111111111111111111000110101111101
111111111111111111111111000110010110000
111111111111111111111111000101111100011
111111111111111111111111000101100010110
111111111111111111111111000101001001001
111111111111111111111111000100101111100
111111111111111111111111000100010101111
111111111111111111111111000011111100010
111111111111111111111111000011100010101
111111111111111111111111000011001001000
111111111111111111111111000010101111011
111111111111111111111111000010010101110
111111111111111111111111000001111100001
111111111111111111111111000001100010100
111111111111111111111111000001001000111
111111111111111111111111000000101111010
111111111111111111111111000000010101101
111111111111111111111110111111111100000
111111111111111111111110111111100010011
111111111111111111111110111111001000110
111111111111111111111110111110101111001
111111111111111111111110111110010101100
111111111111111111111110111101111011111
111111111111111111111110111101100010010
111111111111111111111110111101001000101
111111111111111111111110111100101111000
111111111111111111111110111100010101011
111111111111111111111110111011111011110
111111111111111111111110111011100010001
111111111111111111111110111011001000100
111111111111111111111110111010101110111
111111111111111111111110111010010101010
111111111111111111111110111001111011101
111111111111111111111110111001100010000
111111111111111111111110111001001000011
111111111111111111111110111000101110110
111111111111111111111110111000010101001
111111111111111111111110110111111011100
111111111111111111111110110111100001111
111111111111111111111110110111001000010
111111111111111111111110110110101110101
111111111111111111111110110110010101000
111111111111111111111110110101111011011
111111111111111111111110110101100001110
111111111111111111111110110101001000001
111111111111111111111110110100101110100
111111111111111111111110110100010100111
111111111111111111111110110011111011010
111111111111111111111110110011100001101
111111111111111111111110110011001000000
111111111111111111111110110010101110011
111111111111111111111110110010010100110
111111111111111111111110110001111011001
111111111111111111111110110001100001100
111111111111111111111110110001000111111
111111111111111111111110110000101110010
111111111111111111111110110000010100101
111111111111111111111110101111111011000
111111111111111111111110101111100001011
111111111111111111111110101111000111110
111111111111111111111110101110101110001
111111111111111111111110101110010100100
111111111111111111111110101101111010111
111111111111111111111110101101100001010
111111111111111111111110101101000111101
111111111111111111111110101100101110000
111111111111111111111110101100010100011
111111111111111111111110101011111010110
111111111111111111111110101011100001001
111111111111111111111110101011000111100
111111111111111111111110101010101101111
111111111111111111111110101010010100010
111111111111111111111110101001111010101
111111111111111111111110101001100001000
111111111111111111111110101001000111011
111111111111111111111110101000101101110
111111111111111111111110101000010100001
111111111111111111111110100111111010100
111111111111111111111110100111100000111
111111111111111111111110100111000111010
111111111111111111111110100110101101101
111111111111111111111110100110010100000
111111111111111111111110100101111010011
111111111111111111111110100101100000110
111111111111111111111110100101000111001
111111111111111111111110100100101101100
111111111111111111111110100100010011111
111111111111111111111110100011111010010
111111111111111111111110100011100000101
111111111111111111111110100011000111000
111111111111111111111110100010101101011
111111111111111111111110100010010011110
111111111111111111111110100001111010001
111111111111111111111110100001100000100
111111111111111111111110100001000110111
111111111111111111111110100000101101010
111111111111111111111110100000010011101
111111111111111111111110011111111010000
111111111111111111111110011111100000011
111111111111111111111110011111000110110
111111111111111111111110011110101101001
111111111111111111111110011110010011100
111111111111111111111110011101111001111
111111111111111111111110011101100000010
111111111111111111111110011101000110101
111111111111111111111110011100101101000
111111111111111111111110011100010011011
111111111111111111111110011011111001110
111111111111111111111110011011100000001
111111111111111111111110011011000110100
111111111111111111111110011010101100111
111111111111111111111110011010010011010
111111111111111111111110011001111001101
