000000000000000000000000000000000000000
000000000000000000000000000000011001010
000000000000000000000000000000110010100
000000000000000000000000000001001011110
000000000000000000000000000001100101000
000000000000000000000000000001111110010
000000000000000000000000000010010111100
000000000000000000000000000010110000110
000000000000000000000000000011001010000
000000000000000000000000000011100011010
000000000000000000000000000011111100100
000000000000000000000000000100010101110
000000000000000000000000000100101111000
000000000000000000000000000101001000010
000000000000000000000000000101100001100
000000000000000000000000000101111010110
000000000000000000000000000110010100000
000000000000000000000000000110101101010
000000000000000000000000000111000110100
000000000000000000000000000111011111110
000000000000000000000000000111111001000
000000000000000000000000001000010010010
000000000000000000000000001000101011100
000000000000000000000000001001000100110
000000000000000000000000001001011110000
000000000000000000000000001001110111010
000000000000000000000000001010010000100
000000000000000000000000001010101001110
000000000000000000000000001011000011000
000000000000000000000000001011011100010
000000000000000000000000001011110101100
000000000000000000000000001100001110110
000000000000000000000000001100101000000
000000000000000000000000001101000001010
000000000000000000000000001101011010100
000000000000000000000000001101110011110
000000000000000000000000001110001101000
000000000000000000000000001110100110010
000000000000000000000000001110111111100
000000000000000000000000001111011000110
000000000000000000000000001111110010000
000000000000000000000000010000001011010
000000000000000000000000010000100100100
000000000000000000000000010000111101110
000000000000000000000000010001010111000
000000000000000000000000010001110000010
000000000000000000000000010010001001100
000000000000000000000000010010100010110
000000000000000000000000010010111100000
000000000000000000000000010011010101010
000000000000000000000000010011101110100
000000000000000000000000010100000111110
000000000000000000000000010100100001000
000000000000000000000000010100111010010
000000000000000000000000010101010011100
000000000000000000000000010101101100110
000000000000000000000000010110000110000
000000000000000000000000010110011111010
000000000000000000000000010110111000100
000000000000000000000000010111010001110
000000000000000000000000010111101011000
000000000000000000000000011000000100010
000000000000000000000000011000011101100
000000000000000000000000011000110110110
000000000000000000000000011001010000000
000000000000000000000000011001101001010
000000000000000000000000011010000010100
000000000000000000000000011010011011110
000000000000000000000000011010110101000
000000000000000000000000011011001110010
000000000000000000000000011011100111100
000000000000000000000000011100000000110
000000000000000000000000011100011010000
000000000000000000000000011100110011010
000000000000000000000000011101001100100
000000000000000000000000011101100101110
000000000000000000000000011101111111000
000000000000000000000000011110011000010
000000000000000000000000011110110001100
000000000000000000000000011111001010110
000000000000000000000000011111100100000
000000000000000000000000011111111101010
000000000000000000000000100000010110100
000000000000000000000000100000101111110
000000000000000000000000100001001001000
000000000000000000000000100001100010010
000000000000000000000000100001111011100
000000000000000000000000100010010100110
000000000000000000000000100010101110000
000000000000000000000000100011000111010
000000000000000000000000100011100000100
000000000000000000000000100011111001110
000000000000000000000000100100010011000
000000000000000000000000100100101100010
000000000000000000000000100101000101100
000000000000000000000000100101011110110
000000000000000000000000100101111000000
000000000000000000000000100110010001010
000000000000000000000000100110101010100
000000000000000000000000100111000011110
000000000000000000000000100111011101000
000000000000000000000000100111110110010
000000000000000000000000101000001111100
000000000000000000000000101000101000110
000000000000000000000000101001000010000
000000000000000000000000101001011011010
000000000000000000000000101001110100100
000000000000000000000000101010001101110
000000000000000000000000101010100111000
000000000000000000000000101011000000010
000000000000000000000000101011011001100
000000000000000000000000101011110010110
000000000000000000000000101100001100000
000000000000000000000000101100100101010
000000000000000000000000101100111110100
000000000000000000000000101101010111110
000000000000000000000000101101110001000
000000000000000000000000101110001010010
000000000000000000000000101110100011100
000000000000000000000000101110111100110
000000000000000000000000101111010110000
000000000000000000000000101111101111010
000000000000000000000000110000001000100
000000000000000000000000110000100001110
000000000000000000000000110000111011000
000000000000000000000000110001010100010
000000000000000000000000110001101101100
000000000000000000000000110010000110110
000000000000000000000000110010100000000
000000000000000000000000110010111001010
000000000000000000000000110011010010100
000000000000000000000000110011101011110
000000000000000000000000110100000101000
000000000000000000000000110100011110010
000000000000000000000000110100110111100
000000000000000000000000110101010000110
000000000000000000000000110101101010000
000000000000000000000000110110000011010
000000000000000000000000110110011100100
000000000000000000000000110110110101110
000000000000000000000000110111001111000
000000000000000000000000110111101000010
000000000000000000000000111000000001100
000000000000000000000000111000011010110
000000000000000000000000111000110100000
000000000000000000000000111001001101010
000000000000000000000000111001100110100
000000000000000000000000111001111111110
000000000000000000000000111010011001000
000000000000000000000000111010110010010
000000000000000000000000111011001011100
000000000000000000000000111011100100110
000000000000000000000000111011111110000
000000000000000000000000111100010111010
000000000000000000000000111100110000100
000000000000000000000000111101001001110
000000000000000000000000111101100011000
000000000000000000000000111101111100010
000000000000000000000000111110010101100
000000000000000000000000111110101110110
000000000000000000000000111111001000000
000000000000000000000000111111100001010
000000000000000000000000111111111010100
000000000000000000000001000000010011110
000000000000000000000001000000101101000
000000000000000000000001000001000110010
000000000000000000000001000001011111100
000000000000000000000001000001111000110
000000000000000000000001000010010010000
000000000000000000000001000010101011010
000000000000000000000001000011000100100
000000000000000000000001000011011101110
000000000000000000000001000011110111000
000000000000000000000001000100010000010
000000000000000000000001000100101001100
000000000000000000000001000101000010110
000000000000000000000001000101011100000
000000000000000000000001000101110101010
000000000000000000000001000110001110100
000000000000000000000001000110100111110
000000000000000000000001000111000001000
000000000000000000000001000111011010010
000000000000000000000001000111110011100
000000000000000000000001001000001100110
000000000000000000000001001000100110000
000000000000000000000001001000111111010
000000000000000000000001001001011000100
000000000000000000000001001001110001110
000000000000000000000001001010001011000
000000000000000000000001001010100100010
000000000000000000000001001010111101100
000000000000000000000001001011010110110
000000000000000000000001001011110000000
000000000000000000000001001100001001010
000000000000000000000001001100100010100
000000000000000000000001001100111011110
000000000000000000000001001101010101000
000000000000000000000001001101101110010
000000000000000000000001001110000111100
000000000000000000000001001110100000110
000000000000000000000001001110111010000
000000000000000000000001001111010011010
000000000000000000000001001111101100100
000000000000000000000001010000000101110
000000000000000000000001010000011111000
000000000000000000000001010000111000010
000000000000000000000001010001010001100
000000000000000000000001010001101010110
000000000000000000000001010010000100000
000000000000000000000001010010011101010
000000000000000000000001010010110110100
000000000000000000000001010011001111110
000000000000000000000001010011101001000
000000000000000000000001010100000010010
000000000000000000000001010100011011100
000000000000000000000001010100110100110
000000000000000000000001010101001110000
000000000000000000000001010101100111010
000000000000000000000001010110000000100
000000000000000000000001010110011001110
000000000000000000000001010110110011000
000000000000000000000001010111001100010
000000000000000000000001010111100101100
000000000000000000000001010111111110110
000000000000000000000001011000011000000
000000000000000000000001011000110001010
000000000000000000000001011001001010100
000000000000000000000001011001100011110
000000000000000000000001011001111101000
000000000000000000000001011010010110010
000000000000000000000001011010101111100
000000000000000000000001011011001000110
000000000000000000000001011011100010000
000000000000000000000001011011111011010
000000000000000000000001011100010100100
000000000000000000000001011100101101110
000000000000000000000001011101000111000
000000000000000000000001011101100000010
000000000000000000000001011101111001100
000000000000000000000001011110010010110
000000000000000000000001011110101100000
000000000000000000000001011111000101010
000000000000000000000001011111011110100
000000000000000000000001011111110111110
000000000000000000000001100000010001000
000000000000000000000001100000101010010
000000000000000000000001100001000011100
000000000000000000000001100001011100110
000000000000000000000001100001110110000
000000000000000000000001100010001111010
000000000000000000000001100010101000100
000000000000000000000001100011000001110
000000000000000000000001100011011011000
000000000000000000000001100011110100010
000000000000000000000001100100001101100
000000000000000000000001100100100110110
