000000000000000000000000000000000000000
111111111111111111111111111111111011111
111111111111111111111111111111110111110
111111111111111111111111111111110011101
111111111111111111111111111111101111100
111111111111111111111111111111101011011
111111111111111111111111111111100111010
111111111111111111111111111111100011001
111111111111111111111111111111011111000
111111111111111111111111111111011010111
111111111111111111111111111111010110110
111111111111111111111111111111010010101
111111111111111111111111111111001110100
111111111111111111111111111111001010011
111111111111111111111111111111000110010
111111111111111111111111111111000010001
111111111111111111111111111110111110000
111111111111111111111111111110111001111
111111111111111111111111111110110101110
111111111111111111111111111110110001101
111111111111111111111111111110101101100
111111111111111111111111111110101001011
111111111111111111111111111110100101010
111111111111111111111111111110100001001
111111111111111111111111111110011101000
111111111111111111111111111110011000111
111111111111111111111111111110010100110
111111111111111111111111111110010000101
111111111111111111111111111110001100100
111111111111111111111111111110001000011
111111111111111111111111111110000100010
111111111111111111111111111110000000001
111111111111111111111111111101111100000
111111111111111111111111111101110111111
111111111111111111111111111101110011110
111111111111111111111111111101101111101
111111111111111111111111111101101011100
111111111111111111111111111101100111011
111111111111111111111111111101100011010
111111111111111111111111111101011111001
111111111111111111111111111101011011000
111111111111111111111111111101010110111
111111111111111111111111111101010010110
111111111111111111111111111101001110101
111111111111111111111111111101001010100
111111111111111111111111111101000110011
111111111111111111111111111101000010010
111111111111111111111111111100111110001
111111111111111111111111111100111010000
111111111111111111111111111100110101111
111111111111111111111111111100110001110
111111111111111111111111111100101101101
111111111111111111111111111100101001100
111111111111111111111111111100100101011
111111111111111111111111111100100001010
111111111111111111111111111100011101001
111111111111111111111111111100011001000
111111111111111111111111111100010100111
111111111111111111111111111100010000110
111111111111111111111111111100001100101
111111111111111111111111111100001000100
111111111111111111111111111100000100011
111111111111111111111111111100000000010
111111111111111111111111111011111100001
111111111111111111111111111011111000000
111111111111111111111111111011110011111
111111111111111111111111111011101111110
111111111111111111111111111011101011101
111111111111111111111111111011100111100
111111111111111111111111111011100011011
111111111111111111111111111011011111010
111111111111111111111111111011011011001
111111111111111111111111111011010111000
111111111111111111111111111011010010111
111111111111111111111111111011001110110
111111111111111111111111111011001010101
111111111111111111111111111011000110100
111111111111111111111111111011000010011
111111111111111111111111111010111110010
111111111111111111111111111010111010001
111111111111111111111111111010110110000
111111111111111111111111111010110001111
111111111111111111111111111010101101110
111111111111111111111111111010101001101
111111111111111111111111111010100101100
111111111111111111111111111010100001011
111111111111111111111111111010011101010
111111111111111111111111111010011001001
111111111111111111111111111010010101000
111111111111111111111111111010010000111
111111111111111111111111111010001100110
111111111111111111111111111010001000101
111111111111111111111111111010000100100
111111111111111111111111111010000000011
111111111111111111111111111001111100010
111111111111111111111111111001111000001
111111111111111111111111111001110100000
111111111111111111111111111001101111111
111111111111111111111111111001101011110
111111111111111111111111111001100111101
111111111111111111111111111001100011100
111111111111111111111111111001011111011
111111111111111111111111111001011011010
111111111111111111111111111001010111001
111111111111111111111111111001010011000
111111111111111111111111111001001110111
111111111111111111111111111001001010110
111111111111111111111111111001000110101
111111111111111111111111111001000010100
111111111111111111111111111000111110011
111111111111111111111111111000111010010
111111111111111111111111111000110110001
111111111111111111111111111000110010000
111111111111111111111111111000101101111
111111111111111111111111111000101001110
111111111111111111111111111000100101101
111111111111111111111111111000100001100
111111111111111111111111111000011101011
111111111111111111111111111000011001010
111111111111111111111111111000010101001
111111111111111111111111111000010001000
111111111111111111111111111000001100111
111111111111111111111111111000001000110
111111111111111111111111111000000100101
111111111111111111111111111000000000100
111111111111111111111111110111111100011
111111111111111111111111110111111000010
111111111111111111111111110111110100001
111111111111111111111111110111110000000
111111111111111111111111110111101011111
111111111111111111111111110111100111110
111111111111111111111111110111100011101
111111111111111111111111110111011111100
111111111111111111111111110111011011011
111111111111111111111111110111010111010
111111111111111111111111110111010011001
111111111111111111111111110111001111000
111111111111111111111111110111001010111
111111111111111111111111110111000110110
111111111111111111111111110111000010101
111111111111111111111111110110111110100
111111111111111111111111110110111010011
111111111111111111111111110110110110010
111111111111111111111111110110110010001
111111111111111111111111110110101110000
111111111111111111111111110110101001111
111111111111111111111111110110100101110
111111111111111111111111110110100001101
111111111111111111111111110110011101100
111111111111111111111111110110011001011
111111111111111111111111110110010101010
111111111111111111111111110110010001001
111111111111111111111111110110001101000
111111111111111111111111110110001000111
111111111111111111111111110110000100110
111111111111111111111111110110000000101
111111111111111111111111110101111100100
111111111111111111111111110101111000011
111111111111111111111111110101110100010
111111111111111111111111110101110000001
111111111111111111111111110101101100000
111111111111111111111111110101100111111
111111111111111111111111110101100011110
111111111111111111111111110101011111101
111111111111111111111111110101011011100
111111111111111111111111110101010111011
111111111111111111111111110101010011010
111111111111111111111111110101001111001
111111111111111111111111110101001011000
111111111111111111111111110101000110111
111111111111111111111111110101000010110
111111111111111111111111110100111110101
111111111111111111111111110100111010100
111111111111111111111111110100110110011
111111111111111111111111110100110010010
111111111111111111111111110100101110001
111111111111111111111111110100101010000
111111111111111111111111110100100101111
111111111111111111111111110100100001110
111111111111111111111111110100011101101
111111111111111111111111110100011001100
111111111111111111111111110100010101011
111111111111111111111111110100010001010
111111111111111111111111110100001101001
111111111111111111111111110100001001000
111111111111111111111111110100000100111
111111111111111111111111110100000000110
111111111111111111111111110011111100101
111111111111111111111111110011111000100
111111111111111111111111110011110100011
111111111111111111111111110011110000010
111111111111111111111111110011101100001
111111111111111111111111110011101000000
111111111111111111111111110011100011111
111111111111111111111111110011011111110
111111111111111111111111110011011011101
111111111111111111111111110011010111100
111111111111111111111111110011010011011
111111111111111111111111110011001111010
111111111111111111111111110011001011001
111111111111111111111111110011000111000
111111111111111111111111110011000010111
111111111111111111111111110010111110110
111111111111111111111111110010111010101
111111111111111111111111110010110110100
111111111111111111111111110010110010011
111111111111111111111111110010101110010
111111111111111111111111110010101010001
111111111111111111111111110010100110000
111111111111111111111111110010100001111
111111111111111111111111110010011101110
111111111111111111111111110010011001101
111111111111111111111111110010010101100
111111111111111111111111110010010001011
111111111111111111111111110010001101010
111111111111111111111111110010001001001
111111111111111111111111110010000101000
111111111111111111111111110010000000111
111111111111111111111111110001111100110
111111111111111111111111110001111000101
111111111111111111111111110001110100100
111111111111111111111111110001110000011
111111111111111111111111110001101100010
111111111111111111111111110001101000001
111111111111111111111111110001100100000
111111111111111111111111110001011111111
111111111111111111111111110001011011110
111111111111111111111111110001010111101
111111111111111111111111110001010011100
111111111111111111111111110001001111011
111111111111111111111111110001001011010
111111111111111111111111110001000111001
111111111111111111111111110001000011000
111111111111111111111111110000111110111
111111111111111111111111110000111010110
111111111111111111111111110000110110101
111111111111111111111111110000110010100
111111111111111111111111110000101110011
111111111111111111111111110000101010010
111111111111111111111111110000100110001
111111111111111111111111110000100010000
111111111111111111111111110000011101111
111111111111111111111111110000011001110
111111111111111111111111110000010101101
111111111111111111111111110000010001100
111111111111111111111111110000001101011
111111111111111111111111110000001001010
111111111111111111111111110000000101001
111111111111111111111111110000000001000
111111111111111111111111101111111100111
111111111111111111111111101111111000110
111111111111111111111111101111110100101
111111111111111111111111101111110000100
111111111111111111111111101111101100011
111111111111111111111111101111101000010
111111111111111111111111101111100100001
