000000000000000000000000000000000000000
111111111111111111111111111111110100010
111111111111111111111111111111101000100
111111111111111111111111111111011100110
111111111111111111111111111111010001000
111111111111111111111111111111000101010
111111111111111111111111111110111001100
111111111111111111111111111110101101110
111111111111111111111111111110100010000
111111111111111111111111111110010110010
111111111111111111111111111110001010100
111111111111111111111111111101111110110
111111111111111111111111111101110011000
111111111111111111111111111101100111010
111111111111111111111111111101011011100
111111111111111111111111111101001111110
111111111111111111111111111101000100000
111111111111111111111111111100111000010
111111111111111111111111111100101100100
111111111111111111111111111100100000110
111111111111111111111111111100010101000
111111111111111111111111111100001001010
111111111111111111111111111011111101100
111111111111111111111111111011110001110
111111111111111111111111111011100110000
111111111111111111111111111011011010010
111111111111111111111111111011001110100
111111111111111111111111111011000010110
111111111111111111111111111010110111000
111111111111111111111111111010101011010
111111111111111111111111111010011111100
111111111111111111111111111010010011110
111111111111111111111111111010001000000
111111111111111111111111111001111100010
111111111111111111111111111001110000100
111111111111111111111111111001100100110
111111111111111111111111111001011001000
111111111111111111111111111001001101010
111111111111111111111111111001000001100
111111111111111111111111111000110101110
111111111111111111111111111000101010000
111111111111111111111111111000011110010
111111111111111111111111111000010010100
111111111111111111111111111000000110110
111111111111111111111111110111111011000
111111111111111111111111110111101111010
111111111111111111111111110111100011100
111111111111111111111111110111010111110
111111111111111111111111110111001100000
111111111111111111111111110111000000010
111111111111111111111111110110110100100
111111111111111111111111110110101000110
111111111111111111111111110110011101000
111111111111111111111111110110010001010
111111111111111111111111110110000101100
111111111111111111111111110101111001110
111111111111111111111111110101101110000
111111111111111111111111110101100010010
111111111111111111111111110101010110100
111111111111111111111111110101001010110
111111111111111111111111110100111111000
111111111111111111111111110100110011010
111111111111111111111111110100100111100
111111111111111111111111110100011011110
111111111111111111111111110100010000000
111111111111111111111111110100000100010
111111111111111111111111110011111000100
111111111111111111111111110011101100110
111111111111111111111111110011100001000
111111111111111111111111110011010101010
111111111111111111111111110011001001100
111111111111111111111111110010111101110
111111111111111111111111110010110010000
111111111111111111111111110010100110010
111111111111111111111111110010011010100
111111111111111111111111110010001110110
111111111111111111111111110010000011000
111111111111111111111111110001110111010
111111111111111111111111110001101011100
111111111111111111111111110001011111110
111111111111111111111111110001010100000
111111111111111111111111110001001000010
111111111111111111111111110000111100100
111111111111111111111111110000110000110
111111111111111111111111110000100101000
111111111111111111111111110000011001010
111111111111111111111111110000001101100
111111111111111111111111110000000001110
111111111111111111111111101111110110000
111111111111111111111111101111101010010
111111111111111111111111101111011110100
111111111111111111111111101111010010110
111111111111111111111111101111000111000
111111111111111111111111101110111011010
111111111111111111111111101110101111100
111111111111111111111111101110100011110
111111111111111111111111101110011000000
111111111111111111111111101110001100010
111111111111111111111111101110000000100
111111111111111111111111101101110100110
111111111111111111111111101101101001000
111111111111111111111111101101011101010
111111111111111111111111101101010001100
111111111111111111111111101101000101110
111111111111111111111111101100111010000
111111111111111111111111101100101110010
111111111111111111111111101100100010100
111111111111111111111111101100010110110
111111111111111111111111101100001011000
111111111111111111111111101011111111010
111111111111111111111111101011110011100
111111111111111111111111101011100111110
111111111111111111111111101011011100000
111111111111111111111111101011010000010
111111111111111111111111101011000100100
111111111111111111111111101010111000110
111111111111111111111111101010101101000
111111111111111111111111101010100001010
111111111111111111111111101010010101100
111111111111111111111111101010001001110
111111111111111111111111101001111110000
111111111111111111111111101001110010010
111111111111111111111111101001100110100
111111111111111111111111101001011010110
111111111111111111111111101001001111000
111111111111111111111111101001000011010
111111111111111111111111101000110111100
111111111111111111111111101000101011110
111111111111111111111111101000100000000
111111111111111111111111101000010100010
111111111111111111111111101000001000100
111111111111111111111111100111111100110
111111111111111111111111100111110001000
111111111111111111111111100111100101010
111111111111111111111111100111011001100
111111111111111111111111100111001101110
111111111111111111111111100111000010000
111111111111111111111111100110110110010
111111111111111111111111100110101010100
111111111111111111111111100110011110110
111111111111111111111111100110010011000
111111111111111111111111100110000111010
111111111111111111111111100101111011100
111111111111111111111111100101101111110
111111111111111111111111100101100100000
111111111111111111111111100101011000010
111111111111111111111111100101001100100
111111111111111111111111100101000000110
111111111111111111111111100100110101000
111111111111111111111111100100101001010
111111111111111111111111100100011101100
111111111111111111111111100100010001110
111111111111111111111111100100000110000
111111111111111111111111100011111010010
111111111111111111111111100011101110100
111111111111111111111111100011100010110
111111111111111111111111100011010111000
111111111111111111111111100011001011010
111111111111111111111111100010111111100
111111111111111111111111100010110011110
111111111111111111111111100010101000000
111111111111111111111111100010011100010
111111111111111111111111100010010000100
111111111111111111111111100010000100110
111111111111111111111111100001111001000
111111111111111111111111100001101101010
111111111111111111111111100001100001100
111111111111111111111111100001010101110
111111111111111111111111100001001010000
111111111111111111111111100000111110010
111111111111111111111111100000110010100
111111111111111111111111100000100110110
111111111111111111111111100000011011000
111111111111111111111111100000001111010
111111111111111111111111100000000011100
111111111111111111111111011111110111110
111111111111111111111111011111101100000
111111111111111111111111011111100000010
111111111111111111111111011111010100100
111111111111111111111111011111001000110
111111111111111111111111011110111101000
111111111111111111111111011110110001010
111111111111111111111111011110100101100
111111111111111111111111011110011001110
111111111111111111111111011110001110000
111111111111111111111111011110000010010
111111111111111111111111011101110110100
111111111111111111111111011101101010110
111111111111111111111111011101011111000
111111111111111111111111011101010011010
111111111111111111111111011101000111100
111111111111111111111111011100111011110
111111111111111111111111011100110000000
111111111111111111111111011100100100010
111111111111111111111111011100011000100
111111111111111111111111011100001100110
111111111111111111111111011100000001000
111111111111111111111111011011110101010
111111111111111111111111011011101001100
111111111111111111111111011011011101110
111111111111111111111111011011010010000
111111111111111111111111011011000110010
111111111111111111111111011010111010100
111111111111111111111111011010101110110
111111111111111111111111011010100011000
111111111111111111111111011010010111010
111111111111111111111111011010001011100
111111111111111111111111011001111111110
111111111111111111111111011001110100000
111111111111111111111111011001101000010
111111111111111111111111011001011100100
111111111111111111111111011001010000110
111111111111111111111111011001000101000
111111111111111111111111011000111001010
111111111111111111111111011000101101100
111111111111111111111111011000100001110
111111111111111111111111011000010110000
111111111111111111111111011000001010010
111111111111111111111111010111111110100
111111111111111111111111010111110010110
111111111111111111111111010111100111000
111111111111111111111111010111011011010
111111111111111111111111010111001111100
111111111111111111111111010111000011110
111111111111111111111111010110111000000
111111111111111111111111010110101100010
111111111111111111111111010110100000100
111111111111111111111111010110010100110
111111111111111111111111010110001001000
111111111111111111111111010101111101010
111111111111111111111111010101110001100
111111111111111111111111010101100101110
111111111111111111111111010101011010000
111111111111111111111111010101001110010
111111111111111111111111010101000010100
111111111111111111111111010100110110110
111111111111111111111111010100101011000
111111111111111111111111010100011111010
111111111111111111111111010100010011100
111111111111111111111111010100000111110
111111111111111111111111010011111100000
111111111111111111111111010011110000010
111111111111111111111111010011100100100
111111111111111111111111010011011000110
111111111111111111111111010011001101000
111111111111111111111111010011000001010
111111111111111111111111010010110101100
111111111111111111111111010010101001110
111111111111111111111111010010011110000
111111111111111111111111010010010010010
111111111111111111111111010010000110100
111111111111111111111111010001111010110
111111111111111111111111010001101111000
111111111111111111111111010001100011010
111111111111111111111111010001010111100
111111111111111111111111010001001011110
