000000000000000000000000000000000000000
111111111111111111111111111111110000110
111111111111111111111111111111100001100
111111111111111111111111111111010010010
111111111111111111111111111111000011000
111111111111111111111111111110110011110
111111111111111111111111111110100100100
111111111111111111111111111110010101010
111111111111111111111111111110000110000
111111111111111111111111111101110110110
111111111111111111111111111101100111100
111111111111111111111111111101011000010
111111111111111111111111111101001001000
111111111111111111111111111100111001110
111111111111111111111111111100101010100
111111111111111111111111111100011011010
111111111111111111111111111100001100000
111111111111111111111111111011111100110
111111111111111111111111111011101101100
111111111111111111111111111011011110010
111111111111111111111111111011001111000
111111111111111111111111111010111111110
111111111111111111111111111010110000100
111111111111111111111111111010100001010
111111111111111111111111111010010010000
111111111111111111111111111010000010110
111111111111111111111111111001110011100
111111111111111111111111111001100100010
111111111111111111111111111001010101000
111111111111111111111111111001000101110
111111111111111111111111111000110110100
111111111111111111111111111000100111010
111111111111111111111111111000011000000
111111111111111111111111111000001000110
111111111111111111111111110111111001100
111111111111111111111111110111101010010
111111111111111111111111110111011011000
111111111111111111111111110111001011110
111111111111111111111111110110111100100
111111111111111111111111110110101101010
111111111111111111111111110110011110000
111111111111111111111111110110001110110
111111111111111111111111110101111111100
111111111111111111111111110101110000010
111111111111111111111111110101100001000
111111111111111111111111110101010001110
111111111111111111111111110101000010100
111111111111111111111111110100110011010
111111111111111111111111110100100100000
111111111111111111111111110100010100110
111111111111111111111111110100000101100
111111111111111111111111110011110110010
111111111111111111111111110011100111000
111111111111111111111111110011010111110
111111111111111111111111110011001000100
111111111111111111111111110010111001010
111111111111111111111111110010101010000
111111111111111111111111110010011010110
111111111111111111111111110010001011100
111111111111111111111111110001111100010
111111111111111111111111110001101101000
111111111111111111111111110001011101110
111111111111111111111111110001001110100
111111111111111111111111110000111111010
111111111111111111111111110000110000000
111111111111111111111111110000100000110
111111111111111111111111110000010001100
111111111111111111111111110000000010010
111111111111111111111111101111110011000
111111111111111111111111101111100011110
111111111111111111111111101111010100100
111111111111111111111111101111000101010
111111111111111111111111101110110110000
111111111111111111111111101110100110110
111111111111111111111111101110010111100
111111111111111111111111101110001000010
111111111111111111111111101101111001000
111111111111111111111111101101101001110
111111111111111111111111101101011010100
111111111111111111111111101101001011010
111111111111111111111111101100111100000
111111111111111111111111101100101100110
111111111111111111111111101100011101100
111111111111111111111111101100001110010
111111111111111111111111101011111111000
111111111111111111111111101011101111110
111111111111111111111111101011100000100
111111111111111111111111101011010001010
111111111111111111111111101011000010000
111111111111111111111111101010110010110
111111111111111111111111101010100011100
111111111111111111111111101010010100010
111111111111111111111111101010000101000
111111111111111111111111101001110101110
111111111111111111111111101001100110100
111111111111111111111111101001010111010
111111111111111111111111101001001000000
111111111111111111111111101000111000110
111111111111111111111111101000101001100
111111111111111111111111101000011010010
111111111111111111111111101000001011000
111111111111111111111111100111111011110
111111111111111111111111100111101100100
111111111111111111111111100111011101010
111111111111111111111111100111001110000
111111111111111111111111100110111110110
111111111111111111111111100110101111100
111111111111111111111111100110100000010
111111111111111111111111100110010001000
111111111111111111111111100110000001110
111111111111111111111111100101110010100
111111111111111111111111100101100011010
111111111111111111111111100101010100000
111111111111111111111111100101000100110
111111111111111111111111100100110101100
111111111111111111111111100100100110010
111111111111111111111111100100010111000
111111111111111111111111100100000111110
111111111111111111111111100011111000100
111111111111111111111111100011101001010
111111111111111111111111100011011010000
111111111111111111111111100011001010110
111111111111111111111111100010111011100
111111111111111111111111100010101100010
111111111111111111111111100010011101000
111111111111111111111111100010001101110
111111111111111111111111100001111110100
111111111111111111111111100001101111010
111111111111111111111111100001100000000
111111111111111111111111100001010000110
111111111111111111111111100001000001100
111111111111111111111111100000110010010
111111111111111111111111100000100011000
111111111111111111111111100000010011110
111111111111111111111111100000000100100
111111111111111111111111011111110101010
111111111111111111111111011111100110000
111111111111111111111111011111010110110
111111111111111111111111011111000111100
111111111111111111111111011110111000010
111111111111111111111111011110101001000
111111111111111111111111011110011001110
111111111111111111111111011110001010100
111111111111111111111111011101111011010
111111111111111111111111011101101100000
111111111111111111111111011101011100110
111111111111111111111111011101001101100
111111111111111111111111011100111110010
111111111111111111111111011100101111000
111111111111111111111111011100011111110
111111111111111111111111011100010000100
111111111111111111111111011100000001010
111111111111111111111111011011110010000
111111111111111111111111011011100010110
111111111111111111111111011011010011100
111111111111111111111111011011000100010
111111111111111111111111011010110101000
111111111111111111111111011010100101110
111111111111111111111111011010010110100
111111111111111111111111011010000111010
111111111111111111111111011001111000000
111111111111111111111111011001101000110
111111111111111111111111011001011001100
111111111111111111111111011001001010010
111111111111111111111111011000111011000
111111111111111111111111011000101011110
111111111111111111111111011000011100100
111111111111111111111111011000001101010
111111111111111111111111010111111110000
111111111111111111111111010111101110110
111111111111111111111111010111011111100
111111111111111111111111010111010000010
111111111111111111111111010111000001000
111111111111111111111111010110110001110
111111111111111111111111010110100010100
111111111111111111111111010110010011010
111111111111111111111111010110000100000
111111111111111111111111010101110100110
111111111111111111111111010101100101100
111111111111111111111111010101010110010
111111111111111111111111010101000111000
111111111111111111111111010100110111110
111111111111111111111111010100101000100
111111111111111111111111010100011001010
111111111111111111111111010100001010000
111111111111111111111111010011111010110
111111111111111111111111010011101011100
111111111111111111111111010011011100010
111111111111111111111111010011001101000
111111111111111111111111010010111101110
111111111111111111111111010010101110100
111111111111111111111111010010011111010
111111111111111111111111010010010000000
111111111111111111111111010010000000110
111111111111111111111111010001110001100
111111111111111111111111010001100010010
111111111111111111111111010001010011000
111111111111111111111111010001000011110
111111111111111111111111010000110100100
111111111111111111111111010000100101010
111111111111111111111111010000010110000
111111111111111111111111010000000110110
111111111111111111111111001111110111100
111111111111111111111111001111101000010
111111111111111111111111001111011001000
111111111111111111111111001111001001110
111111111111111111111111001110111010100
111111111111111111111111001110101011010
111111111111111111111111001110011100000
111111111111111111111111001110001100110
111111111111111111111111001101111101100
111111111111111111111111001101101110010
111111111111111111111111001101011111000
111111111111111111111111001101001111110
111111111111111111111111001101000000100
111111111111111111111111001100110001010
111111111111111111111111001100100010000
111111111111111111111111001100010010110
111111111111111111111111001100000011100
111111111111111111111111001011110100010
111111111111111111111111001011100101000
111111111111111111111111001011010101110
111111111111111111111111001011000110100
111111111111111111111111001010110111010
111111111111111111111111001010101000000
111111111111111111111111001010011000110
111111111111111111111111001010001001100
111111111111111111111111001001111010010
111111111111111111111111001001101011000
111111111111111111111111001001011011110
111111111111111111111111001001001100100
111111111111111111111111001000111101010
111111111111111111111111001000101110000
111111111111111111111111001000011110110
111111111111111111111111001000001111100
111111111111111111111111001000000000010
111111111111111111111111000111110001000
111111111111111111111111000111100001110
111111111111111111111111000111010010100
111111111111111111111111000111000011010
111111111111111111111111000110110100000
111111111111111111111111000110100100110
111111111111111111111111000110010101100
111111111111111111111111000110000110010
111111111111111111111111000101110111000
111111111111111111111111000101100111110
111111111111111111111111000101011000100
111111111111111111111111000101001001010
111111111111111111111111000100111010000
111111111111111111111111000100101010110
111111111111111111111111000100011011100
111111111111111111111111000100001100010
111111111111111111111111000011111101000
111111111111111111111111000011101101110
111111111111111111111111000011011110100
111111111111111111111111000011001111010
