000000000000000000000000000000000000000
000000000000000000000000000000011101010
000000000000000000000000000000111010100
000000000000000000000000000001010111110
000000000000000000000000000001110101000
000000000000000000000000000010010010010
000000000000000000000000000010101111100
000000000000000000000000000011001100110
000000000000000000000000000011101010000
000000000000000000000000000100000111010
000000000000000000000000000100100100100
000000000000000000000000000101000001110
000000000000000000000000000101011111000
000000000000000000000000000101111100010
000000000000000000000000000110011001100
000000000000000000000000000110110110110
000000000000000000000000000111010100000
000000000000000000000000000111110001010
000000000000000000000000001000001110100
000000000000000000000000001000101011110
000000000000000000000000001001001001000
000000000000000000000000001001100110010
000000000000000000000000001010000011100
000000000000000000000000001010100000110
000000000000000000000000001010111110000
000000000000000000000000001011011011010
000000000000000000000000001011111000100
000000000000000000000000001100010101110
000000000000000000000000001100110011000
000000000000000000000000001101010000010
000000000000000000000000001101101101100
000000000000000000000000001110001010110
000000000000000000000000001110101000000
000000000000000000000000001111000101010
000000000000000000000000001111100010100
000000000000000000000000001111111111110
000000000000000000000000010000011101000
000000000000000000000000010000111010010
000000000000000000000000010001010111100
000000000000000000000000010001110100110
000000000000000000000000010010010010000
000000000000000000000000010010101111010
000000000000000000000000010011001100100
000000000000000000000000010011101001110
000000000000000000000000010100000111000
000000000000000000000000010100100100010
000000000000000000000000010101000001100
000000000000000000000000010101011110110
000000000000000000000000010101111100000
000000000000000000000000010110011001010
000000000000000000000000010110110110100
000000000000000000000000010111010011110
000000000000000000000000010111110001000
000000000000000000000000011000001110010
000000000000000000000000011000101011100
000000000000000000000000011001001000110
000000000000000000000000011001100110000
000000000000000000000000011010000011010
000000000000000000000000011010100000100
000000000000000000000000011010111101110
000000000000000000000000011011011011000
000000000000000000000000011011111000010
000000000000000000000000011100010101100
000000000000000000000000011100110010110
000000000000000000000000011101010000000
000000000000000000000000011101101101010
000000000000000000000000011110001010100
000000000000000000000000011110100111110
000000000000000000000000011111000101000
000000000000000000000000011111100010010
000000000000000000000000011111111111100
000000000000000000000000100000011100110
000000000000000000000000100000111010000
000000000000000000000000100001010111010
000000000000000000000000100001110100100
000000000000000000000000100010010001110
000000000000000000000000100010101111000
000000000000000000000000100011001100010
000000000000000000000000100011101001100
000000000000000000000000100100000110110
000000000000000000000000100100100100000
000000000000000000000000100101000001010
000000000000000000000000100101011110100
000000000000000000000000100101111011110
000000000000000000000000100110011001000
000000000000000000000000100110110110010
000000000000000000000000100111010011100
000000000000000000000000100111110000110
000000000000000000000000101000001110000
000000000000000000000000101000101011010
000000000000000000000000101001001000100
000000000000000000000000101001100101110
000000000000000000000000101010000011000
000000000000000000000000101010100000010
000000000000000000000000101010111101100
000000000000000000000000101011011010110
000000000000000000000000101011111000000
000000000000000000000000101100010101010
000000000000000000000000101100110010100
000000000000000000000000101101001111110
000000000000000000000000101101101101000
000000000000000000000000101110001010010
000000000000000000000000101110100111100
000000000000000000000000101111000100110
000000000000000000000000101111100010000
000000000000000000000000101111111111010
000000000000000000000000110000011100100
000000000000000000000000110000111001110
000000000000000000000000110001010111000
000000000000000000000000110001110100010
000000000000000000000000110010010001100
000000000000000000000000110010101110110
000000000000000000000000110011001100000
000000000000000000000000110011101001010
000000000000000000000000110100000110100
000000000000000000000000110100100011110
000000000000000000000000110101000001000
000000000000000000000000110101011110010
000000000000000000000000110101111011100
000000000000000000000000110110011000110
000000000000000000000000110110110110000
000000000000000000000000110111010011010
000000000000000000000000110111110000100
000000000000000000000000111000001101110
000000000000000000000000111000101011000
000000000000000000000000111001001000010
000000000000000000000000111001100101100
000000000000000000000000111010000010110
000000000000000000000000111010100000000
000000000000000000000000111010111101010
000000000000000000000000111011011010100
000000000000000000000000111011110111110
000000000000000000000000111100010101000
000000000000000000000000111100110010010
000000000000000000000000111101001111100
000000000000000000000000111101101100110
000000000000000000000000111110001010000
000000000000000000000000111110100111010
000000000000000000000000111111000100100
000000000000000000000000111111100001110
000000000000000000000000111111111111000
000000000000000000000001000000011100010
000000000000000000000001000000111001100
000000000000000000000001000001010110110
000000000000000000000001000001110100000
000000000000000000000001000010010001010
000000000000000000000001000010101110100
000000000000000000000001000011001011110
000000000000000000000001000011101001000
000000000000000000000001000100000110010
000000000000000000000001000100100011100
000000000000000000000001000101000000110
000000000000000000000001000101011110000
000000000000000000000001000101111011010
000000000000000000000001000110011000100
000000000000000000000001000110110101110
000000000000000000000001000111010011000
000000000000000000000001000111110000010
000000000000000000000001001000001101100
000000000000000000000001001000101010110
000000000000000000000001001001001000000
000000000000000000000001001001100101010
000000000000000000000001001010000010100
000000000000000000000001001010011111110
000000000000000000000001001010111101000
000000000000000000000001001011011010010
000000000000000000000001001011110111100
000000000000000000000001001100010100110
000000000000000000000001001100110010000
000000000000000000000001001101001111010
000000000000000000000001001101101100100
000000000000000000000001001110001001110
000000000000000000000001001110100111000
000000000000000000000001001111000100010
000000000000000000000001001111100001100
000000000000000000000001001111111110110
000000000000000000000001010000011100000
000000000000000000000001010000111001010
000000000000000000000001010001010110100
000000000000000000000001010001110011110
000000000000000000000001010010010001000
000000000000000000000001010010101110010
000000000000000000000001010011001011100
000000000000000000000001010011101000110
000000000000000000000001010100000110000
000000000000000000000001010100100011010
000000000000000000000001010101000000100
000000000000000000000001010101011101110
000000000000000000000001010101111011000
000000000000000000000001010110011000010
000000000000000000000001010110110101100
000000000000000000000001010111010010110
000000000000000000000001010111110000000
000000000000000000000001011000001101010
000000000000000000000001011000101010100
000000000000000000000001011001000111110
000000000000000000000001011001100101000
000000000000000000000001011010000010010
000000000000000000000001011010011111100
000000000000000000000001011010111100110
000000000000000000000001011011011010000
000000000000000000000001011011110111010
000000000000000000000001011100010100100
000000000000000000000001011100110001110
000000000000000000000001011101001111000
000000000000000000000001011101101100010
000000000000000000000001011110001001100
000000000000000000000001011110100110110
000000000000000000000001011111000100000
000000000000000000000001011111100001010
000000000000000000000001011111111110100
000000000000000000000001100000011011110
000000000000000000000001100000111001000
000000000000000000000001100001010110010
000000000000000000000001100001110011100
000000000000000000000001100010010000110
000000000000000000000001100010101110000
000000000000000000000001100011001011010
000000000000000000000001100011101000100
000000000000000000000001100100000101110
000000000000000000000001100100100011000
000000000000000000000001100101000000010
000000000000000000000001100101011101100
000000000000000000000001100101111010110
000000000000000000000001100110011000000
000000000000000000000001100110110101010
000000000000000000000001100111010010100
000000000000000000000001100111101111110
000000000000000000000001101000001101000
000000000000000000000001101000101010010
000000000000000000000001101001000111100
000000000000000000000001101001100100110
000000000000000000000001101010000010000
000000000000000000000001101010011111010
000000000000000000000001101010111100100
000000000000000000000001101011011001110
000000000000000000000001101011110111000
000000000000000000000001101100010100010
000000000000000000000001101100110001100
000000000000000000000001101101001110110
000000000000000000000001101101101100000
000000000000000000000001101110001001010
000000000000000000000001101110100110100
000000000000000000000001101111000011110
000000000000000000000001101111100001000
000000000000000000000001101111111110010
000000000000000000000001110000011011100
000000000000000000000001110000111000110
000000000000000000000001110001010110000
000000000000000000000001110001110011010
000000000000000000000001110010010000100
000000000000000000000001110010101101110
000000000000000000000001110011001011000
000000000000000000000001110011101000010
000000000000000000000001110100000101100
000000000000000000000001110100100010110
