000000000000000000000000000000000000000
111111111111111111111111111111100011010
111111111111111111111111111111000110100
111111111111111111111111111110101001110
111111111111111111111111111110001101000
111111111111111111111111111101110000010
111111111111111111111111111101010011100
111111111111111111111111111100110110110
111111111111111111111111111100011010000
111111111111111111111111111011111101010
111111111111111111111111111011100000100
111111111111111111111111111011000011110
111111111111111111111111111010100111000
111111111111111111111111111010001010010
111111111111111111111111111001101101100
111111111111111111111111111001010000110
111111111111111111111111111000110100000
111111111111111111111111111000010111010
111111111111111111111111110111111010100
111111111111111111111111110111011101110
111111111111111111111111110111000001000
111111111111111111111111110110100100010
111111111111111111111111110110000111100
111111111111111111111111110101101010110
111111111111111111111111110101001110000
111111111111111111111111110100110001010
111111111111111111111111110100010100100
111111111111111111111111110011110111110
111111111111111111111111110011011011000
111111111111111111111111110010111110010
111111111111111111111111110010100001100
111111111111111111111111110010000100110
111111111111111111111111110001101000000
111111111111111111111111110001001011010
111111111111111111111111110000101110100
111111111111111111111111110000010001110
111111111111111111111111101111110101000
111111111111111111111111101111011000010
111111111111111111111111101110111011100
111111111111111111111111101110011110110
111111111111111111111111101110000010000
111111111111111111111111101101100101010
111111111111111111111111101101001000100
111111111111111111111111101100101011110
111111111111111111111111101100001111000
111111111111111111111111101011110010010
111111111111111111111111101011010101100
111111111111111111111111101010111000110
111111111111111111111111101010011100000
111111111111111111111111101001111111010
111111111111111111111111101001100010100
111111111111111111111111101001000101110
111111111111111111111111101000101001000
111111111111111111111111101000001100010
111111111111111111111111100111101111100
111111111111111111111111100111010010110
111111111111111111111111100110110110000
111111111111111111111111100110011001010
111111111111111111111111100101111100100
111111111111111111111111100101011111110
111111111111111111111111100101000011000
111111111111111111111111100100100110010
111111111111111111111111100100001001100
111111111111111111111111100011101100110
111111111111111111111111100011010000000
111111111111111111111111100010110011010
111111111111111111111111100010010110100
111111111111111111111111100001111001110
111111111111111111111111100001011101000
111111111111111111111111100001000000010
111111111111111111111111100000100011100
111111111111111111111111100000000110110
111111111111111111111111011111101010000
111111111111111111111111011111001101010
111111111111111111111111011110110000100
111111111111111111111111011110010011110
111111111111111111111111011101110111000
111111111111111111111111011101011010010
111111111111111111111111011100111101100
111111111111111111111111011100100000110
111111111111111111111111011100000100000
111111111111111111111111011011100111010
111111111111111111111111011011001010100
111111111111111111111111011010101101110
111111111111111111111111011010010001000
111111111111111111111111011001110100010
111111111111111111111111011001010111100
111111111111111111111111011000111010110
111111111111111111111111011000011110000
111111111111111111111111011000000001010
111111111111111111111111010111100100100
111111111111111111111111010111000111110
111111111111111111111111010110101011000
111111111111111111111111010110001110010
111111111111111111111111010101110001100
111111111111111111111111010101010100110
111111111111111111111111010100111000000
111111111111111111111111010100011011010
111111111111111111111111010011111110100
111111111111111111111111010011100001110
111111111111111111111111010011000101000
111111111111111111111111010010101000010
111111111111111111111111010010001011100
111111111111111111111111010001101110110
111111111111111111111111010001010010000
111111111111111111111111010000110101010
111111111111111111111111010000011000100
111111111111111111111111001111111011110
111111111111111111111111001111011111000
111111111111111111111111001111000010010
111111111111111111111111001110100101100
111111111111111111111111001110001000110
111111111111111111111111001101101100000
111111111111111111111111001101001111010
111111111111111111111111001100110010100
111111111111111111111111001100010101110
111111111111111111111111001011111001000
111111111111111111111111001011011100010
111111111111111111111111001010111111100
111111111111111111111111001010100010110
111111111111111111111111001010000110000
111111111111111111111111001001101001010
111111111111111111111111001001001100100
111111111111111111111111001000101111110
111111111111111111111111001000010011000
111111111111111111111111000111110110010
111111111111111111111111000111011001100
111111111111111111111111000110111100110
111111111111111111111111000110100000000
111111111111111111111111000110000011010
111111111111111111111111000101100110100
111111111111111111111111000101001001110
111111111111111111111111000100101101000
111111111111111111111111000100010000010
111111111111111111111111000011110011100
111111111111111111111111000011010110110
111111111111111111111111000010111010000
111111111111111111111111000010011101010
111111111111111111111111000010000000100
111111111111111111111111000001100011110
111111111111111111111111000001000111000
111111111111111111111111000000101010010
111111111111111111111111000000001101100
111111111111111111111110111111110000110
111111111111111111111110111111010100000
111111111111111111111110111110110111010
111111111111111111111110111110011010100
111111111111111111111110111101111101110
111111111111111111111110111101100001000
111111111111111111111110111101000100010
111111111111111111111110111100100111100
111111111111111111111110111100001010110
111111111111111111111110111011101110000
111111111111111111111110111011010001010
111111111111111111111110111010110100100
111111111111111111111110111010010111110
111111111111111111111110111001111011000
111111111111111111111110111001011110010
111111111111111111111110111001000001100
111111111111111111111110111000100100110
111111111111111111111110111000001000000
111111111111111111111110110111101011010
111111111111111111111110110111001110100
111111111111111111111110110110110001110
111111111111111111111110110110010101000
111111111111111111111110110101111000010
111111111111111111111110110101011011100
111111111111111111111110110100111110110
111111111111111111111110110100100010000
111111111111111111111110110100000101010
111111111111111111111110110011101000100
111111111111111111111110110011001011110
111111111111111111111110110010101111000
111111111111111111111110110010010010010
111111111111111111111110110001110101100
111111111111111111111110110001011000110
111111111111111111111110110000111100000
111111111111111111111110110000011111010
111111111111111111111110110000000010100
111111111111111111111110101111100101110
111111111111111111111110101111001001000
111111111111111111111110101110101100010
111111111111111111111110101110001111100
111111111111111111111110101101110010110
111111111111111111111110101101010110000
111111111111111111111110101100111001010
111111111111111111111110101100011100100
111111111111111111111110101011111111110
111111111111111111111110101011100011000
111111111111111111111110101011000110010
111111111111111111111110101010101001100
111111111111111111111110101010001100110
111111111111111111111110101001110000000
111111111111111111111110101001010011010
111111111111111111111110101000110110100
111111111111111111111110101000011001110
111111111111111111111110100111111101000
111111111111111111111110100111100000010
111111111111111111111110100111000011100
111111111111111111111110100110100110110
111111111111111111111110100110001010000
111111111111111111111110100101101101010
111111111111111111111110100101010000100
111111111111111111111110100100110011110
111111111111111111111110100100010111000
111111111111111111111110100011111010010
111111111111111111111110100011011101100
111111111111111111111110100011000000110
111111111111111111111110100010100100000
111111111111111111111110100010000111010
111111111111111111111110100001101010100
111111111111111111111110100001001101110
111111111111111111111110100000110001000
111111111111111111111110100000010100010
111111111111111111111110011111110111100
111111111111111111111110011111011010110
111111111111111111111110011110111110000
111111111111111111111110011110100001010
111111111111111111111110011110000100100
111111111111111111111110011101100111110
111111111111111111111110011101001011000
111111111111111111111110011100101110010
111111111111111111111110011100010001100
111111111111111111111110011011110100110
111111111111111111111110011011011000000
111111111111111111111110011010111011010
111111111111111111111110011010011110100
111111111111111111111110011010000001110
111111111111111111111110011001100101000
111111111111111111111110011001001000010
111111111111111111111110011000101011100
111111111111111111111110011000001110110
111111111111111111111110010111110010000
111111111111111111111110010111010101010
111111111111111111111110010110111000100
111111111111111111111110010110011011110
111111111111111111111110010101111111000
111111111111111111111110010101100010010
111111111111111111111110010101000101100
111111111111111111111110010100101000110
111111111111111111111110010100001100000
111111111111111111111110010011101111010
111111111111111111111110010011010010100
111111111111111111111110010010110101110
111111111111111111111110010010011001000
111111111111111111111110010001111100010
111111111111111111111110010001011111100
111111111111111111111110010001000010110
111111111111111111111110010000100110000
111111111111111111111110010000001001010
111111111111111111111110001111101100100
111111111111111111111110001111001111110
111111111111111111111110001110110011000
111111111111111111111110001110010110010
111111111111111111111110001101111001100
111111111111111111111110001101011100110
