000000000000000000000000000000000000000
000000000000000000000000000000011001101
000000000000000000000000000000110011010
000000000000000000000000000001001100111
000000000000000000000000000001100110100
000000000000000000000000000010000000001
000000000000000000000000000010011001110
000000000000000000000000000010110011011
000000000000000000000000000011001101000
000000000000000000000000000011100110101
000000000000000000000000000100000000010
000000000000000000000000000100011001111
000000000000000000000000000100110011100
000000000000000000000000000101001101001
000000000000000000000000000101100110110
000000000000000000000000000110000000011
000000000000000000000000000110011010000
000000000000000000000000000110110011101
000000000000000000000000000111001101010
000000000000000000000000000111100110111
000000000000000000000000001000000000100
000000000000000000000000001000011010001
000000000000000000000000001000110011110
000000000000000000000000001001001101011
000000000000000000000000001001100111000
000000000000000000000000001010000000101
000000000000000000000000001010011010010
000000000000000000000000001010110011111
000000000000000000000000001011001101100
000000000000000000000000001011100111001
000000000000000000000000001100000000110
000000000000000000000000001100011010011
000000000000000000000000001100110100000
000000000000000000000000001101001101101
000000000000000000000000001101100111010
000000000000000000000000001110000000111
000000000000000000000000001110011010100
000000000000000000000000001110110100001
000000000000000000000000001111001101110
000000000000000000000000001111100111011
000000000000000000000000010000000001000
000000000000000000000000010000011010101
000000000000000000000000010000110100010
000000000000000000000000010001001101111
000000000000000000000000010001100111100
000000000000000000000000010010000001001
000000000000000000000000010010011010110
000000000000000000000000010010110100011
000000000000000000000000010011001110000
000000000000000000000000010011100111101
000000000000000000000000010100000001010
000000000000000000000000010100011010111
000000000000000000000000010100110100100
000000000000000000000000010101001110001
000000000000000000000000010101100111110
000000000000000000000000010110000001011
000000000000000000000000010110011011000
000000000000000000000000010110110100101
000000000000000000000000010111001110010
000000000000000000000000010111100111111
000000000000000000000000011000000001100
000000000000000000000000011000011011001
000000000000000000000000011000110100110
000000000000000000000000011001001110011
000000000000000000000000011001101000000
000000000000000000000000011010000001101
000000000000000000000000011010011011010
000000000000000000000000011010110100111
000000000000000000000000011011001110100
000000000000000000000000011011101000001
000000000000000000000000011100000001110
000000000000000000000000011100011011011
000000000000000000000000011100110101000
000000000000000000000000011101001110101
000000000000000000000000011101101000010
000000000000000000000000011110000001111
000000000000000000000000011110011011100
000000000000000000000000011110110101001
000000000000000000000000011111001110110
000000000000000000000000011111101000011
000000000000000000000000100000000010000
000000000000000000000000100000011011101
000000000000000000000000100000110101010
000000000000000000000000100001001110111
000000000000000000000000100001101000100
000000000000000000000000100010000010001
000000000000000000000000100010011011110
000000000000000000000000100010110101011
000000000000000000000000100011001111000
000000000000000000000000100011101000101
000000000000000000000000100100000010010
000000000000000000000000100100011011111
000000000000000000000000100100110101100
000000000000000000000000100101001111001
000000000000000000000000100101101000110
000000000000000000000000100110000010011
000000000000000000000000100110011100000
000000000000000000000000100110110101101
000000000000000000000000100111001111010
000000000000000000000000100111101000111
000000000000000000000000101000000010100
000000000000000000000000101000011100001
000000000000000000000000101000110101110
000000000000000000000000101001001111011
000000000000000000000000101001101001000
000000000000000000000000101010000010101
000000000000000000000000101010011100010
000000000000000000000000101010110101111
000000000000000000000000101011001111100
000000000000000000000000101011101001001
000000000000000000000000101100000010110
000000000000000000000000101100011100011
000000000000000000000000101100110110000
000000000000000000000000101101001111101
000000000000000000000000101101101001010
000000000000000000000000101110000010111
000000000000000000000000101110011100100
000000000000000000000000101110110110001
000000000000000000000000101111001111110
000000000000000000000000101111101001011
000000000000000000000000110000000011000
000000000000000000000000110000011100101
000000000000000000000000110000110110010
000000000000000000000000110001001111111
000000000000000000000000110001101001100
000000000000000000000000110010000011001
000000000000000000000000110010011100110
000000000000000000000000110010110110011
000000000000000000000000110011010000000
000000000000000000000000110011101001101
000000000000000000000000110100000011010
000000000000000000000000110100011100111
000000000000000000000000110100110110100
000000000000000000000000110101010000001
000000000000000000000000110101101001110
000000000000000000000000110110000011011
000000000000000000000000110110011101000
000000000000000000000000110110110110101
000000000000000000000000110111010000010
000000000000000000000000110111101001111
000000000000000000000000111000000011100
000000000000000000000000111000011101001
000000000000000000000000111000110110110
000000000000000000000000111001010000011
000000000000000000000000111001101010000
000000000000000000000000111010000011101
000000000000000000000000111010011101010
000000000000000000000000111010110110111
000000000000000000000000111011010000100
000000000000000000000000111011101010001
000000000000000000000000111100000011110
000000000000000000000000111100011101011
000000000000000000000000111100110111000
000000000000000000000000111101010000101
000000000000000000000000111101101010010
000000000000000000000000111110000011111
000000000000000000000000111110011101100
000000000000000000000000111110110111001
000000000000000000000000111111010000110
000000000000000000000000111111101010011
000000000000000000000001000000000100000
000000000000000000000001000000011101101
000000000000000000000001000000110111010
000000000000000000000001000001010000111
000000000000000000000001000001101010100
000000000000000000000001000010000100001
000000000000000000000001000010011101110
000000000000000000000001000010110111011
000000000000000000000001000011010001000
000000000000000000000001000011101010101
000000000000000000000001000100000100010
000000000000000000000001000100011101111
000000000000000000000001000100110111100
000000000000000000000001000101010001001
000000000000000000000001000101101010110
000000000000000000000001000110000100011
000000000000000000000001000110011110000
000000000000000000000001000110110111101
000000000000000000000001000111010001010
000000000000000000000001000111101010111
000000000000000000000001001000000100100
000000000000000000000001001000011110001
000000000000000000000001001000110111110
000000000000000000000001001001010001011
000000000000000000000001001001101011000
000000000000000000000001001010000100101
000000000000000000000001001010011110010
000000000000000000000001001010110111111
000000000000000000000001001011010001100
000000000000000000000001001011101011001
000000000000000000000001001100000100110
000000000000000000000001001100011110011
000000000000000000000001001100111000000
000000000000000000000001001101010001101
000000000000000000000001001101101011010
000000000000000000000001001110000100111
000000000000000000000001001110011110100
000000000000000000000001001110111000001
000000000000000000000001001111010001110
000000000000000000000001001111101011011
000000000000000000000001010000000101000
000000000000000000000001010000011110101
000000000000000000000001010000111000010
000000000000000000000001010001010001111
000000000000000000000001010001101011100
000000000000000000000001010010000101001
000000000000000000000001010010011110110
000000000000000000000001010010111000011
000000000000000000000001010011010010000
000000000000000000000001010011101011101
000000000000000000000001010100000101010
000000000000000000000001010100011110111
000000000000000000000001010100111000100
000000000000000000000001010101010010001
000000000000000000000001010101101011110
000000000000000000000001010110000101011
000000000000000000000001010110011111000
000000000000000000000001010110111000101
000000000000000000000001010111010010010
000000000000000000000001010111101011111
000000000000000000000001011000000101100
000000000000000000000001011000011111001
000000000000000000000001011000111000110
000000000000000000000001011001010010011
000000000000000000000001011001101100000
000000000000000000000001011010000101101
000000000000000000000001011010011111010
000000000000000000000001011010111000111
000000000000000000000001011011010010100
000000000000000000000001011011101100001
000000000000000000000001011100000101110
000000000000000000000001011100011111011
000000000000000000000001011100111001000
000000000000000000000001011101010010101
000000000000000000000001011101101100010
000000000000000000000001011110000101111
000000000000000000000001011110011111100
000000000000000000000001011110111001001
000000000000000000000001011111010010110
000000000000000000000001011111101100011
000000000000000000000001100000000110000
000000000000000000000001100000011111101
000000000000000000000001100000111001010
000000000000000000000001100001010010111
000000000000000000000001100001101100100
000000000000000000000001100010000110001
000000000000000000000001100010011111110
000000000000000000000001100010111001011
000000000000000000000001100011010011000
000000000000000000000001100011101100101
000000000000000000000001100100000110010
000000000000000000000001100100011111111
000000000000000000000001100100111001100
000000000000000000000001100101010011001
000000000000000000000001100101101100110
000000000000000000000001100110000110011
