000000000000000000000000000000000000000
111111111111111111111111111111110110010
111111111111111111111111111111101100100
111111111111111111111111111111100010110
111111111111111111111111111111011001000
111111111111111111111111111111001111010
111111111111111111111111111111000101100
111111111111111111111111111110111011110
111111111111111111111111111110110010000
111111111111111111111111111110101000010
111111111111111111111111111110011110100
111111111111111111111111111110010100110
111111111111111111111111111110001011000
111111111111111111111111111110000001010
111111111111111111111111111101110111100
111111111111111111111111111101101101110
111111111111111111111111111101100100000
111111111111111111111111111101011010010
111111111111111111111111111101010000100
111111111111111111111111111101000110110
111111111111111111111111111100111101000
111111111111111111111111111100110011010
111111111111111111111111111100101001100
111111111111111111111111111100011111110
111111111111111111111111111100010110000
111111111111111111111111111100001100010
111111111111111111111111111100000010100
111111111111111111111111111011111000110
111111111111111111111111111011101111000
111111111111111111111111111011100101010
111111111111111111111111111011011011100
111111111111111111111111111011010001110
111111111111111111111111111011001000000
111111111111111111111111111010111110010
111111111111111111111111111010110100100
111111111111111111111111111010101010110
111111111111111111111111111010100001000
111111111111111111111111111010010111010
111111111111111111111111111010001101100
111111111111111111111111111010000011110
111111111111111111111111111001111010000
111111111111111111111111111001110000010
111111111111111111111111111001100110100
111111111111111111111111111001011100110
111111111111111111111111111001010011000
111111111111111111111111111001001001010
111111111111111111111111111000111111100
111111111111111111111111111000110101110
111111111111111111111111111000101100000
111111111111111111111111111000100010010
111111111111111111111111111000011000100
111111111111111111111111111000001110110
111111111111111111111111111000000101000
111111111111111111111111110111111011010
111111111111111111111111110111110001100
111111111111111111111111110111100111110
111111111111111111111111110111011110000
111111111111111111111111110111010100010
111111111111111111111111110111001010100
111111111111111111111111110111000000110
111111111111111111111111110110110111000
111111111111111111111111110110101101010
111111111111111111111111110110100011100
111111111111111111111111110110011001110
111111111111111111111111110110010000000
111111111111111111111111110110000110010
111111111111111111111111110101111100100
111111111111111111111111110101110010110
111111111111111111111111110101101001000
111111111111111111111111110101011111010
111111111111111111111111110101010101100
111111111111111111111111110101001011110
111111111111111111111111110101000010000
111111111111111111111111110100111000010
111111111111111111111111110100101110100
111111111111111111111111110100100100110
111111111111111111111111110100011011000
111111111111111111111111110100010001010
111111111111111111111111110100000111100
111111111111111111111111110011111101110
111111111111111111111111110011110100000
111111111111111111111111110011101010010
111111111111111111111111110011100000100
111111111111111111111111110011010110110
111111111111111111111111110011001101000
111111111111111111111111110011000011010
111111111111111111111111110010111001100
111111111111111111111111110010101111110
111111111111111111111111110010100110000
111111111111111111111111110010011100010
111111111111111111111111110010010010100
111111111111111111111111110010001000110
111111111111111111111111110001111111000
111111111111111111111111110001110101010
111111111111111111111111110001101011100
111111111111111111111111110001100001110
111111111111111111111111110001011000000
111111111111111111111111110001001110010
111111111111111111111111110001000100100
111111111111111111111111110000111010110
111111111111111111111111110000110001000
111111111111111111111111110000100111010
111111111111111111111111110000011101100
111111111111111111111111110000010011110
111111111111111111111111110000001010000
111111111111111111111111110000000000010
111111111111111111111111101111110110100
111111111111111111111111101111101100110
111111111111111111111111101111100011000
111111111111111111111111101111011001010
111111111111111111111111101111001111100
111111111111111111111111101111000101110
111111111111111111111111101110111100000
111111111111111111111111101110110010010
111111111111111111111111101110101000100
111111111111111111111111101110011110110
111111111111111111111111101110010101000
111111111111111111111111101110001011010
111111111111111111111111101110000001100
111111111111111111111111101101110111110
111111111111111111111111101101101110000
111111111111111111111111101101100100010
111111111111111111111111101101011010100
111111111111111111111111101101010000110
111111111111111111111111101101000111000
111111111111111111111111101100111101010
111111111111111111111111101100110011100
111111111111111111111111101100101001110
111111111111111111111111101100100000000
111111111111111111111111101100010110010
111111111111111111111111101100001100100
111111111111111111111111101100000010110
111111111111111111111111101011111001000
111111111111111111111111101011101111010
111111111111111111111111101011100101100
111111111111111111111111101011011011110
111111111111111111111111101011010010000
111111111111111111111111101011001000010
111111111111111111111111101010111110100
111111111111111111111111101010110100110
111111111111111111111111101010101011000
111111111111111111111111101010100001010
111111111111111111111111101010010111100
111111111111111111111111101010001101110
111111111111111111111111101010000100000
111111111111111111111111101001111010010
111111111111111111111111101001110000100
111111111111111111111111101001100110110
111111111111111111111111101001011101000
111111111111111111111111101001010011010
111111111111111111111111101001001001100
111111111111111111111111101000111111110
111111111111111111111111101000110110000
111111111111111111111111101000101100010
111111111111111111111111101000100010100
111111111111111111111111101000011000110
111111111111111111111111101000001111000
111111111111111111111111101000000101010
111111111111111111111111100111111011100
111111111111111111111111100111110001110
111111111111111111111111100111101000000
111111111111111111111111100111011110010
111111111111111111111111100111010100100
111111111111111111111111100111001010110
111111111111111111111111100111000001000
111111111111111111111111100110110111010
111111111111111111111111100110101101100
111111111111111111111111100110100011110
111111111111111111111111100110011010000
111111111111111111111111100110010000010
111111111111111111111111100110000110100
111111111111111111111111100101111100110
111111111111111111111111100101110011000
111111111111111111111111100101101001010
111111111111111111111111100101011111100
111111111111111111111111100101010101110
111111111111111111111111100101001100000
111111111111111111111111100101000010010
111111111111111111111111100100111000100
111111111111111111111111100100101110110
111111111111111111111111100100100101000
111111111111111111111111100100011011010
111111111111111111111111100100010001100
111111111111111111111111100100000111110
111111111111111111111111100011111110000
111111111111111111111111100011110100010
111111111111111111111111100011101010100
111111111111111111111111100011100000110
111111111111111111111111100011010111000
111111111111111111111111100011001101010
111111111111111111111111100011000011100
111111111111111111111111100010111001110
111111111111111111111111100010110000000
111111111111111111111111100010100110010
111111111111111111111111100010011100100
111111111111111111111111100010010010110
111111111111111111111111100010001001000
111111111111111111111111100001111111010
111111111111111111111111100001110101100
111111111111111111111111100001101011110
111111111111111111111111100001100010000
111111111111111111111111100001011000010
111111111111111111111111100001001110100
111111111111111111111111100001000100110
111111111111111111111111100000111011000
111111111111111111111111100000110001010
111111111111111111111111100000100111100
111111111111111111111111100000011101110
111111111111111111111111100000010100000
111111111111111111111111100000001010010
111111111111111111111111100000000000100
111111111111111111111111011111110110110
111111111111111111111111011111101101000
111111111111111111111111011111100011010
111111111111111111111111011111011001100
111111111111111111111111011111001111110
111111111111111111111111011111000110000
111111111111111111111111011110111100010
111111111111111111111111011110110010100
111111111111111111111111011110101000110
111111111111111111111111011110011111000
111111111111111111111111011110010101010
111111111111111111111111011110001011100
111111111111111111111111011110000001110
111111111111111111111111011101111000000
111111111111111111111111011101101110010
111111111111111111111111011101100100100
111111111111111111111111011101011010110
111111111111111111111111011101010001000
111111111111111111111111011101000111010
111111111111111111111111011100111101100
111111111111111111111111011100110011110
111111111111111111111111011100101010000
111111111111111111111111011100100000010
111111111111111111111111011100010110100
111111111111111111111111011100001100110
111111111111111111111111011100000011000
111111111111111111111111011011111001010
111111111111111111111111011011101111100
111111111111111111111111011011100101110
111111111111111111111111011011011100000
111111111111111111111111011011010010010
111111111111111111111111011011001000100
111111111111111111111111011010111110110
111111111111111111111111011010110101000
111111111111111111111111011010101011010
111111111111111111111111011010100001100
111111111111111111111111011010010111110
111111111111111111111111011010001110000
111111111111111111111111011010000100010
111111111111111111111111011001111010100
111111111111111111111111011001110000110
111111111111111111111111011001100111000
111111111111111111111111011001011101010
111111111111111111111111011001010011100
111111111111111111111111011001001001110
