000000000000000000000000000000000000000
000000000000000000000000000000010110101
000000000000000000000000000000101101010
000000000000000000000000000001000011111
000000000000000000000000000001011010100
000000000000000000000000000001110001001
000000000000000000000000000010000111110
000000000000000000000000000010011110011
000000000000000000000000000010110101000
000000000000000000000000000011001011101
000000000000000000000000000011100010010
000000000000000000000000000011111000111
000000000000000000000000000100001111100
000000000000000000000000000100100110001
000000000000000000000000000100111100110
000000000000000000000000000101010011011
000000000000000000000000000101101010000
000000000000000000000000000110000000101
000000000000000000000000000110010111010
000000000000000000000000000110101101111
000000000000000000000000000111000100100
000000000000000000000000000111011011001
000000000000000000000000000111110001110
000000000000000000000000001000001000011
000000000000000000000000001000011111000
000000000000000000000000001000110101101
000000000000000000000000001001001100010
000000000000000000000000001001100010111
000000000000000000000000001001111001100
000000000000000000000000001010010000001
000000000000000000000000001010100110110
000000000000000000000000001010111101011
000000000000000000000000001011010100000
000000000000000000000000001011101010101
000000000000000000000000001100000001010
000000000000000000000000001100010111111
000000000000000000000000001100101110100
000000000000000000000000001101000101001
000000000000000000000000001101011011110
000000000000000000000000001101110010011
000000000000000000000000001110001001000
000000000000000000000000001110011111101
000000000000000000000000001110110110010
000000000000000000000000001111001100111
000000000000000000000000001111100011100
000000000000000000000000001111111010001
000000000000000000000000010000010000110
000000000000000000000000010000100111011
000000000000000000000000010000111110000
000000000000000000000000010001010100101
000000000000000000000000010001101011010
000000000000000000000000010010000001111
000000000000000000000000010010011000100
000000000000000000000000010010101111001
000000000000000000000000010011000101110
000000000000000000000000010011011100011
000000000000000000000000010011110011000
000000000000000000000000010100001001101
000000000000000000000000010100100000010
000000000000000000000000010100110110111
000000000000000000000000010101001101100
000000000000000000000000010101100100001
000000000000000000000000010101111010110
000000000000000000000000010110010001011
000000000000000000000000010110101000000
000000000000000000000000010110111110101
000000000000000000000000010111010101010
000000000000000000000000010111101011111
000000000000000000000000011000000010100
000000000000000000000000011000011001001
000000000000000000000000011000101111110
000000000000000000000000011001000110011
000000000000000000000000011001011101000
000000000000000000000000011001110011101
000000000000000000000000011010001010010
000000000000000000000000011010100000111
000000000000000000000000011010110111100
000000000000000000000000011011001110001
000000000000000000000000011011100100110
000000000000000000000000011011111011011
000000000000000000000000011100010010000
000000000000000000000000011100101000101
000000000000000000000000011100111111010
000000000000000000000000011101010101111
000000000000000000000000011101101100100
000000000000000000000000011110000011001
000000000000000000000000011110011001110
000000000000000000000000011110110000011
000000000000000000000000011111000111000
000000000000000000000000011111011101101
000000000000000000000000011111110100010
000000000000000000000000100000001010111
000000000000000000000000100000100001100
000000000000000000000000100000111000001
000000000000000000000000100001001110110
000000000000000000000000100001100101011
000000000000000000000000100001111100000
000000000000000000000000100010010010101
000000000000000000000000100010101001010
000000000000000000000000100010111111111
000000000000000000000000100011010110100
000000000000000000000000100011101101001
000000000000000000000000100100000011110
000000000000000000000000100100011010011
000000000000000000000000100100110001000
000000000000000000000000100101000111101
000000000000000000000000100101011110010
000000000000000000000000100101110100111
000000000000000000000000100110001011100
000000000000000000000000100110100010001
000000000000000000000000100110111000110
000000000000000000000000100111001111011
000000000000000000000000100111100110000
000000000000000000000000100111111100101
000000000000000000000000101000010011010
000000000000000000000000101000101001111
000000000000000000000000101001000000100
000000000000000000000000101001010111001
000000000000000000000000101001101101110
000000000000000000000000101010000100011
000000000000000000000000101010011011000
000000000000000000000000101010110001101
000000000000000000000000101011001000010
000000000000000000000000101011011110111
000000000000000000000000101011110101100
000000000000000000000000101100001100001
000000000000000000000000101100100010110
000000000000000000000000101100111001011
000000000000000000000000101101010000000
000000000000000000000000101101100110101
000000000000000000000000101101111101010
000000000000000000000000101110010011111
000000000000000000000000101110101010100
000000000000000000000000101111000001001
000000000000000000000000101111010111110
000000000000000000000000101111101110011
000000000000000000000000110000000101000
000000000000000000000000110000011011101
000000000000000000000000110000110010010
000000000000000000000000110001001000111
000000000000000000000000110001011111100
000000000000000000000000110001110110001
000000000000000000000000110010001100110
000000000000000000000000110010100011011
000000000000000000000000110010111010000
000000000000000000000000110011010000101
000000000000000000000000110011100111010
000000000000000000000000110011111101111
000000000000000000000000110100010100100
000000000000000000000000110100101011001
000000000000000000000000110101000001110
000000000000000000000000110101011000011
000000000000000000000000110101101111000
000000000000000000000000110110000101101
000000000000000000000000110110011100010
000000000000000000000000110110110010111
000000000000000000000000110111001001100
000000000000000000000000110111100000001
000000000000000000000000110111110110110
000000000000000000000000111000001101011
000000000000000000000000111000100100000
000000000000000000000000111000111010101
000000000000000000000000111001010001010
000000000000000000000000111001100111111
000000000000000000000000111001111110100
000000000000000000000000111010010101001
000000000000000000000000111010101011110
000000000000000000000000111011000010011
000000000000000000000000111011011001000
000000000000000000000000111011101111101
000000000000000000000000111100000110010
000000000000000000000000111100011100111
000000000000000000000000111100110011100
000000000000000000000000111101001010001
000000000000000000000000111101100000110
000000000000000000000000111101110111011
000000000000000000000000111110001110000
000000000000000000000000111110100100101
000000000000000000000000111110111011010
000000000000000000000000111111010001111
000000000000000000000000111111101000100
000000000000000000000000111111111111001
000000000000000000000001000000010101110
000000000000000000000001000000101100011
000000000000000000000001000001000011000
000000000000000000000001000001011001101
000000000000000000000001000001110000010
000000000000000000000001000010000110111
000000000000000000000001000010011101100
000000000000000000000001000010110100001
000000000000000000000001000011001010110
000000000000000000000001000011100001011
000000000000000000000001000011111000000
000000000000000000000001000100001110101
000000000000000000000001000100100101010
000000000000000000000001000100111011111
000000000000000000000001000101010010100
000000000000000000000001000101101001001
000000000000000000000001000101111111110
000000000000000000000001000110010110011
000000000000000000000001000110101101000
000000000000000000000001000111000011101
000000000000000000000001000111011010010
000000000000000000000001000111110000111
000000000000000000000001001000000111100
000000000000000000000001001000011110001
000000000000000000000001001000110100110
000000000000000000000001001001001011011
000000000000000000000001001001100010000
000000000000000000000001001001111000101
000000000000000000000001001010001111010
000000000000000000000001001010100101111
000000000000000000000001001010111100100
000000000000000000000001001011010011001
000000000000000000000001001011101001110
000000000000000000000001001100000000011
000000000000000000000001001100010111000
000000000000000000000001001100101101101
000000000000000000000001001101000100010
000000000000000000000001001101011010111
000000000000000000000001001101110001100
000000000000000000000001001110001000001
000000000000000000000001001110011110110
000000000000000000000001001110110101011
000000000000000000000001001111001100000
000000000000000000000001001111100010101
000000000000000000000001001111111001010
000000000000000000000001010000001111111
000000000000000000000001010000100110100
000000000000000000000001010000111101001
000000000000000000000001010001010011110
000000000000000000000001010001101010011
000000000000000000000001010010000001000
000000000000000000000001010010010111101
000000000000000000000001010010101110010
000000000000000000000001010011000100111
000000000000000000000001010011011011100
000000000000000000000001010011110010001
000000000000000000000001010100001000110
000000000000000000000001010100011111011
000000000000000000000001010100110110000
000000000000000000000001010101001100101
000000000000000000000001010101100011010
000000000000000000000001010101111001111
000000000000000000000001010110010000100
000000000000000000000001010110100111001
000000000000000000000001010110111101110
000000000000000000000001010111010100011
000000000000000000000001010111101011000
000000000000000000000001011000000001101
000000000000000000000001011000011000010
000000000000000000000001011000101110111
000000000000000000000001011001000101100
000000000000000000000001011001011100001
000000000000000000000001011001110010110
000000000000000000000001011010001001011
