000000000000000000000000000000000000000
111111111111111111111111111111110111000
111111111111111111111111111111101110000
111111111111111111111111111111100101000
111111111111111111111111111111011100000
111111111111111111111111111111010011000
111111111111111111111111111111001010000
111111111111111111111111111111000001000
111111111111111111111111111110111000000
111111111111111111111111111110101111000
111111111111111111111111111110100110000
111111111111111111111111111110011101000
111111111111111111111111111110010100000
111111111111111111111111111110001011000
111111111111111111111111111110000010000
111111111111111111111111111101111001000
111111111111111111111111111101110000000
111111111111111111111111111101100111000
111111111111111111111111111101011110000
111111111111111111111111111101010101000
111111111111111111111111111101001100000
111111111111111111111111111101000011000
111111111111111111111111111100111010000
111111111111111111111111111100110001000
111111111111111111111111111100101000000
111111111111111111111111111100011111000
111111111111111111111111111100010110000
111111111111111111111111111100001101000
111111111111111111111111111100000100000
111111111111111111111111111011111011000
111111111111111111111111111011110010000
111111111111111111111111111011101001000
111111111111111111111111111011100000000
111111111111111111111111111011010111000
111111111111111111111111111011001110000
111111111111111111111111111011000101000
111111111111111111111111111010111100000
111111111111111111111111111010110011000
111111111111111111111111111010101010000
111111111111111111111111111010100001000
111111111111111111111111111010011000000
111111111111111111111111111010001111000
111111111111111111111111111010000110000
111111111111111111111111111001111101000
111111111111111111111111111001110100000
111111111111111111111111111001101011000
111111111111111111111111111001100010000
111111111111111111111111111001011001000
111111111111111111111111111001010000000
111111111111111111111111111001000111000
111111111111111111111111111000111110000
111111111111111111111111111000110101000
111111111111111111111111111000101100000
111111111111111111111111111000100011000
111111111111111111111111111000011010000
111111111111111111111111111000010001000
111111111111111111111111111000001000000
111111111111111111111111110111111111000
111111111111111111111111110111110110000
111111111111111111111111110111101101000
111111111111111111111111110111100100000
111111111111111111111111110111011011000
111111111111111111111111110111010010000
111111111111111111111111110111001001000
111111111111111111111111110111000000000
111111111111111111111111110110110111000
111111111111111111111111110110101110000
111111111111111111111111110110100101000
111111111111111111111111110110011100000
111111111111111111111111110110010011000
111111111111111111111111110110001010000
111111111111111111111111110110000001000
111111111111111111111111110101111000000
111111111111111111111111110101101111000
111111111111111111111111110101100110000
111111111111111111111111110101011101000
111111111111111111111111110101010100000
111111111111111111111111110101001011000
111111111111111111111111110101000010000
111111111111111111111111110100111001000
111111111111111111111111110100110000000
111111111111111111111111110100100111000
111111111111111111111111110100011110000
111111111111111111111111110100010101000
111111111111111111111111110100001100000
111111111111111111111111110100000011000
111111111111111111111111110011111010000
111111111111111111111111110011110001000
111111111111111111111111110011101000000
111111111111111111111111110011011111000
111111111111111111111111110011010110000
111111111111111111111111110011001101000
111111111111111111111111110011000100000
111111111111111111111111110010111011000
111111111111111111111111110010110010000
111111111111111111111111110010101001000
111111111111111111111111110010100000000
111111111111111111111111110010010111000
111111111111111111111111110010001110000
111111111111111111111111110010000101000
111111111111111111111111110001111100000
111111111111111111111111110001110011000
111111111111111111111111110001101010000
111111111111111111111111110001100001000
111111111111111111111111110001011000000
111111111111111111111111110001001111000
111111111111111111111111110001000110000
111111111111111111111111110000111101000
111111111111111111111111110000110100000
111111111111111111111111110000101011000
111111111111111111111111110000100010000
111111111111111111111111110000011001000
111111111111111111111111110000010000000
111111111111111111111111110000000111000
111111111111111111111111101111111110000
111111111111111111111111101111110101000
111111111111111111111111101111101100000
111111111111111111111111101111100011000
111111111111111111111111101111011010000
111111111111111111111111101111010001000
111111111111111111111111101111001000000
111111111111111111111111101110111111000
111111111111111111111111101110110110000
111111111111111111111111101110101101000
111111111111111111111111101110100100000
111111111111111111111111101110011011000
111111111111111111111111101110010010000
111111111111111111111111101110001001000
111111111111111111111111101110000000000
111111111111111111111111101101110111000
111111111111111111111111101101101110000
111111111111111111111111101101100101000
111111111111111111111111101101011100000
111111111111111111111111101101010011000
111111111111111111111111101101001010000
111111111111111111111111101101000001000
111111111111111111111111101100111000000
111111111111111111111111101100101111000
111111111111111111111111101100100110000
111111111111111111111111101100011101000
111111111111111111111111101100010100000
111111111111111111111111101100001011000
111111111111111111111111101100000010000
111111111111111111111111101011111001000
111111111111111111111111101011110000000
111111111111111111111111101011100111000
111111111111111111111111101011011110000
111111111111111111111111101011010101000
111111111111111111111111101011001100000
111111111111111111111111101011000011000
111111111111111111111111101010111010000
111111111111111111111111101010110001000
111111111111111111111111101010101000000
111111111111111111111111101010011111000
111111111111111111111111101010010110000
111111111111111111111111101010001101000
111111111111111111111111101010000100000
111111111111111111111111101001111011000
111111111111111111111111101001110010000
111111111111111111111111101001101001000
111111111111111111111111101001100000000
111111111111111111111111101001010111000
111111111111111111111111101001001110000
111111111111111111111111101001000101000
111111111111111111111111101000111100000
111111111111111111111111101000110011000
111111111111111111111111101000101010000
111111111111111111111111101000100001000
111111111111111111111111101000011000000
111111111111111111111111101000001111000
111111111111111111111111101000000110000
111111111111111111111111100111111101000
111111111111111111111111100111110100000
111111111111111111111111100111101011000
111111111111111111111111100111100010000
111111111111111111111111100111011001000
111111111111111111111111100111010000000
111111111111111111111111100111000111000
111111111111111111111111100110111110000
111111111111111111111111100110110101000
111111111111111111111111100110101100000
111111111111111111111111100110100011000
111111111111111111111111100110011010000
111111111111111111111111100110010001000
111111111111111111111111100110001000000
111111111111111111111111100101111111000
111111111111111111111111100101110110000
111111111111111111111111100101101101000
111111111111111111111111100101100100000
111111111111111111111111100101011011000
111111111111111111111111100101010010000
111111111111111111111111100101001001000
111111111111111111111111100101000000000
111111111111111111111111100100110111000
111111111111111111111111100100101110000
111111111111111111111111100100100101000
111111111111111111111111100100011100000
111111111111111111111111100100010011000
111111111111111111111111100100001010000
111111111111111111111111100100000001000
111111111111111111111111100011111000000
111111111111111111111111100011101111000
111111111111111111111111100011100110000
111111111111111111111111100011011101000
111111111111111111111111100011010100000
111111111111111111111111100011001011000
111111111111111111111111100011000010000
111111111111111111111111100010111001000
111111111111111111111111100010110000000
111111111111111111111111100010100111000
111111111111111111111111100010011110000
111111111111111111111111100010010101000
111111111111111111111111100010001100000
111111111111111111111111100010000011000
111111111111111111111111100001111010000
111111111111111111111111100001110001000
111111111111111111111111100001101000000
111111111111111111111111100001011111000
111111111111111111111111100001010110000
111111111111111111111111100001001101000
111111111111111111111111100001000100000
111111111111111111111111100000111011000
111111111111111111111111100000110010000
111111111111111111111111100000101001000
111111111111111111111111100000100000000
111111111111111111111111100000010111000
111111111111111111111111100000001110000
111111111111111111111111100000000101000
111111111111111111111111011111111100000
111111111111111111111111011111110011000
111111111111111111111111011111101010000
111111111111111111111111011111100001000
111111111111111111111111011111011000000
111111111111111111111111011111001111000
111111111111111111111111011111000110000
111111111111111111111111011110111101000
111111111111111111111111011110110100000
111111111111111111111111011110101011000
111111111111111111111111011110100010000
111111111111111111111111011110011001000
111111111111111111111111011110010000000
111111111111111111111111011110000111000
111111111111111111111111011101111110000
111111111111111111111111011101110101000
111111111111111111111111011101101100000
111111111111111111111111011101100011000
111111111111111111111111011101011010000
111111111111111111111111011101010001000
111111111111111111111111011101001000000
111111111111111111111111011100111111000
111111111111111111111111011100110110000
111111111111111111111111011100101101000
111111111111111111111111011100100100000
111111111111111111111111011100011011000
111111111111111111111111011100010010000
111111111111111111111111011100001001000
