000000000000000000000000000000000000000
000000000000000000000000000000011110001
000000000000000000000000000000111100010
000000000000000000000000000001011010011
000000000000000000000000000001111000100
000000000000000000000000000010010110101
000000000000000000000000000010110100110
000000000000000000000000000011010010111
000000000000000000000000000011110001000
000000000000000000000000000100001111001
000000000000000000000000000100101101010
000000000000000000000000000101001011011
000000000000000000000000000101101001100
000000000000000000000000000110000111101
000000000000000000000000000110100101110
000000000000000000000000000111000011111
000000000000000000000000000111100010000
000000000000000000000000001000000000001
000000000000000000000000001000011110010
000000000000000000000000001000111100011
000000000000000000000000001001011010100
000000000000000000000000001001111000101
000000000000000000000000001010010110110
000000000000000000000000001010110100111
000000000000000000000000001011010011000
000000000000000000000000001011110001001
000000000000000000000000001100001111010
000000000000000000000000001100101101011
000000000000000000000000001101001011100
000000000000000000000000001101101001101
000000000000000000000000001110000111110
000000000000000000000000001110100101111
000000000000000000000000001111000100000
000000000000000000000000001111100010001
000000000000000000000000010000000000010
000000000000000000000000010000011110011
000000000000000000000000010000111100100
000000000000000000000000010001011010101
000000000000000000000000010001111000110
000000000000000000000000010010010110111
000000000000000000000000010010110101000
000000000000000000000000010011010011001
000000000000000000000000010011110001010
000000000000000000000000010100001111011
000000000000000000000000010100101101100
000000000000000000000000010101001011101
000000000000000000000000010101101001110
000000000000000000000000010110000111111
000000000000000000000000010110100110000
000000000000000000000000010111000100001
000000000000000000000000010111100010010
000000000000000000000000011000000000011
000000000000000000000000011000011110100
000000000000000000000000011000111100101
000000000000000000000000011001011010110
000000000000000000000000011001111000111
000000000000000000000000011010010111000
000000000000000000000000011010110101001
000000000000000000000000011011010011010
000000000000000000000000011011110001011
000000000000000000000000011100001111100
000000000000000000000000011100101101101
000000000000000000000000011101001011110
000000000000000000000000011101101001111
000000000000000000000000011110001000000
000000000000000000000000011110100110001
000000000000000000000000011111000100010
000000000000000000000000011111100010011
000000000000000000000000100000000000100
000000000000000000000000100000011110101
000000000000000000000000100000111100110
000000000000000000000000100001011010111
000000000000000000000000100001111001000
000000000000000000000000100010010111001
000000000000000000000000100010110101010
000000000000000000000000100011010011011
000000000000000000000000100011110001100
000000000000000000000000100100001111101
000000000000000000000000100100101101110
000000000000000000000000100101001011111
000000000000000000000000100101101010000
000000000000000000000000100110001000001
000000000000000000000000100110100110010
000000000000000000000000100111000100011
000000000000000000000000100111100010100
000000000000000000000000101000000000101
000000000000000000000000101000011110110
000000000000000000000000101000111100111
000000000000000000000000101001011011000
000000000000000000000000101001111001001
000000000000000000000000101010010111010
000000000000000000000000101010110101011
000000000000000000000000101011010011100
000000000000000000000000101011110001101
000000000000000000000000101100001111110
000000000000000000000000101100101101111
000000000000000000000000101101001100000
000000000000000000000000101101101010001
000000000000000000000000101110001000010
000000000000000000000000101110100110011
000000000000000000000000101111000100100
000000000000000000000000101111100010101
000000000000000000000000110000000000110
000000000000000000000000110000011110111
000000000000000000000000110000111101000
000000000000000000000000110001011011001
000000000000000000000000110001111001010
000000000000000000000000110010010111011
000000000000000000000000110010110101100
000000000000000000000000110011010011101
000000000000000000000000110011110001110
000000000000000000000000110100001111111
000000000000000000000000110100101110000
000000000000000000000000110101001100001
000000000000000000000000110101101010010
000000000000000000000000110110001000011
000000000000000000000000110110100110100
000000000000000000000000110111000100101
000000000000000000000000110111100010110
000000000000000000000000111000000000111
000000000000000000000000111000011111000
000000000000000000000000111000111101001
000000000000000000000000111001011011010
000000000000000000000000111001111001011
000000000000000000000000111010010111100
000000000000000000000000111010110101101
000000000000000000000000111011010011110
000000000000000000000000111011110001111
000000000000000000000000111100010000000
000000000000000000000000111100101110001
000000000000000000000000111101001100010
000000000000000000000000111101101010011
000000000000000000000000111110001000100
000000000000000000000000111110100110101
000000000000000000000000111111000100110
000000000000000000000000111111100010111
000000000000000000000001000000000001000
000000000000000000000001000000011111001
000000000000000000000001000000111101010
000000000000000000000001000001011011011
000000000000000000000001000001111001100
000000000000000000000001000010010111101
000000000000000000000001000010110101110
000000000000000000000001000011010011111
000000000000000000000001000011110010000
000000000000000000000001000100010000001
000000000000000000000001000100101110010
000000000000000000000001000101001100011
000000000000000000000001000101101010100
000000000000000000000001000110001000101
000000000000000000000001000110100110110
000000000000000000000001000111000100111
000000000000000000000001000111100011000
000000000000000000000001001000000001001
000000000000000000000001001000011111010
000000000000000000000001001000111101011
000000000000000000000001001001011011100
000000000000000000000001001001111001101
000000000000000000000001001010010111110
000000000000000000000001001010110101111
000000000000000000000001001011010100000
000000000000000000000001001011110010001
000000000000000000000001001100010000010
000000000000000000000001001100101110011
000000000000000000000001001101001100100
000000000000000000000001001101101010101
000000000000000000000001001110001000110
000000000000000000000001001110100110111
000000000000000000000001001111000101000
000000000000000000000001001111100011001
000000000000000000000001010000000001010
000000000000000000000001010000011111011
000000000000000000000001010000111101100
000000000000000000000001010001011011101
000000000000000000000001010001111001110
000000000000000000000001010010010111111
000000000000000000000001010010110110000
000000000000000000000001010011010100001
000000000000000000000001010011110010010
000000000000000000000001010100010000011
000000000000000000000001010100101110100
000000000000000000000001010101001100101
000000000000000000000001010101101010110
000000000000000000000001010110001000111
000000000000000000000001010110100111000
000000000000000000000001010111000101001
000000000000000000000001010111100011010
000000000000000000000001011000000001011
000000000000000000000001011000011111100
000000000000000000000001011000111101101
000000000000000000000001011001011011110
000000000000000000000001011001111001111
000000000000000000000001011010011000000
000000000000000000000001011010110110001
000000000000000000000001011011010100010
000000000000000000000001011011110010011
000000000000000000000001011100010000100
000000000000000000000001011100101110101
000000000000000000000001011101001100110
000000000000000000000001011101101010111
000000000000000000000001011110001001000
000000000000000000000001011110100111001
000000000000000000000001011111000101010
000000000000000000000001011111100011011
000000000000000000000001100000000001100
000000000000000000000001100000011111101
000000000000000000000001100000111101110
000000000000000000000001100001011011111
000000000000000000000001100001111010000
000000000000000000000001100010011000001
000000000000000000000001100010110110010
000000000000000000000001100011010100011
000000000000000000000001100011110010100
000000000000000000000001100100010000101
000000000000000000000001100100101110110
000000000000000000000001100101001100111
000000000000000000000001100101101011000
000000000000000000000001100110001001001
000000000000000000000001100110100111010
000000000000000000000001100111000101011
000000000000000000000001100111100011100
000000000000000000000001101000000001101
000000000000000000000001101000011111110
000000000000000000000001101000111101111
000000000000000000000001101001011100000
000000000000000000000001101001111010001
000000000000000000000001101010011000010
000000000000000000000001101010110110011
000000000000000000000001101011010100100
000000000000000000000001101011110010101
000000000000000000000001101100010000110
000000000000000000000001101100101110111
000000000000000000000001101101001101000
000000000000000000000001101101101011001
000000000000000000000001101110001001010
000000000000000000000001101110100111011
000000000000000000000001101111000101100
000000000000000000000001101111100011101
000000000000000000000001110000000001110
000000000000000000000001110000011111111
000000000000000000000001110000111110000
000000000000000000000001110001011100001
000000000000000000000001110001111010010
000000000000000000000001110010011000011
000000000000000000000001110010110110100
000000000000000000000001110011010100101
000000000000000000000001110011110010110
000000000000000000000001110100010000111
000000000000000000000001110100101111000
000000000000000000000001110101001101001
000000000000000000000001110101101011010
000000000000000000000001110110001001011
000000000000000000000001110110100111100
000000000000000000000001110111000101101
000000000000000000000001110111100011110
000000000000000000000001111000000001111
