000000000000000000000000000000000000000
000000000000000000000000000000011010011
000000000000000000000000000000110100110
000000000000000000000000000001001111001
000000000000000000000000000001101001100
000000000000000000000000000010000011111
000000000000000000000000000010011110010
000000000000000000000000000010111000101
000000000000000000000000000011010011000
000000000000000000000000000011101101011
000000000000000000000000000100000111110
000000000000000000000000000100100010001
000000000000000000000000000100111100100
000000000000000000000000000101010110111
000000000000000000000000000101110001010
000000000000000000000000000110001011101
000000000000000000000000000110100110000
000000000000000000000000000111000000011
000000000000000000000000000111011010110
000000000000000000000000000111110101001
000000000000000000000000001000001111100
000000000000000000000000001000101001111
000000000000000000000000001001000100010
000000000000000000000000001001011110101
000000000000000000000000001001111001000
000000000000000000000000001010010011011
000000000000000000000000001010101101110
000000000000000000000000001011001000001
000000000000000000000000001011100010100
000000000000000000000000001011111100111
000000000000000000000000001100010111010
000000000000000000000000001100110001101
000000000000000000000000001101001100000
000000000000000000000000001101100110011
000000000000000000000000001110000000110
000000000000000000000000001110011011001
000000000000000000000000001110110101100
000000000000000000000000001111001111111
000000000000000000000000001111101010010
000000000000000000000000010000000100101
000000000000000000000000010000011111000
000000000000000000000000010000111001011
000000000000000000000000010001010011110
000000000000000000000000010001101110001
000000000000000000000000010010001000100
000000000000000000000000010010100010111
000000000000000000000000010010111101010
000000000000000000000000010011010111101
000000000000000000000000010011110010000
000000000000000000000000010100001100011
000000000000000000000000010100100110110
000000000000000000000000010101000001001
000000000000000000000000010101011011100
000000000000000000000000010101110101111
000000000000000000000000010110010000010
000000000000000000000000010110101010101
000000000000000000000000010111000101000
000000000000000000000000010111011111011
000000000000000000000000010111111001110
000000000000000000000000011000010100001
000000000000000000000000011000101110100
000000000000000000000000011001001000111
000000000000000000000000011001100011010
000000000000000000000000011001111101101
000000000000000000000000011010011000000
000000000000000000000000011010110010011
000000000000000000000000011011001100110
000000000000000000000000011011100111001
000000000000000000000000011100000001100
000000000000000000000000011100011011111
000000000000000000000000011100110110010
000000000000000000000000011101010000101
000000000000000000000000011101101011000
000000000000000000000000011110000101011
000000000000000000000000011110011111110
000000000000000000000000011110111010001
000000000000000000000000011111010100100
000000000000000000000000011111101110111
000000000000000000000000100000001001010
000000000000000000000000100000100011101
000000000000000000000000100000111110000
000000000000000000000000100001011000011
000000000000000000000000100001110010110
000000000000000000000000100010001101001
000000000000000000000000100010100111100
000000000000000000000000100011000001111
000000000000000000000000100011011100010
000000000000000000000000100011110110101
000000000000000000000000100100010001000
000000000000000000000000100100101011011
000000000000000000000000100101000101110
000000000000000000000000100101100000001
000000000000000000000000100101111010100
000000000000000000000000100110010100111
000000000000000000000000100110101111010
000000000000000000000000100111001001101
000000000000000000000000100111100100000
000000000000000000000000100111111110011
000000000000000000000000101000011000110
000000000000000000000000101000110011001
000000000000000000000000101001001101100
000000000000000000000000101001100111111
000000000000000000000000101010000010010
000000000000000000000000101010011100101
000000000000000000000000101010110111000
000000000000000000000000101011010001011
000000000000000000000000101011101011110
000000000000000000000000101100000110001
000000000000000000000000101100100000100
000000000000000000000000101100111010111
000000000000000000000000101101010101010
000000000000000000000000101101101111101
000000000000000000000000101110001010000
000000000000000000000000101110100100011
000000000000000000000000101110111110110
000000000000000000000000101111011001001
000000000000000000000000101111110011100
000000000000000000000000110000001101111
000000000000000000000000110000101000010
000000000000000000000000110001000010101
000000000000000000000000110001011101000
000000000000000000000000110001110111011
000000000000000000000000110010010001110
000000000000000000000000110010101100001
000000000000000000000000110011000110100
000000000000000000000000110011100000111
000000000000000000000000110011111011010
000000000000000000000000110100010101101
000000000000000000000000110100110000000
000000000000000000000000110101001010011
000000000000000000000000110101100100110
000000000000000000000000110101111111001
000000000000000000000000110110011001100
000000000000000000000000110110110011111
000000000000000000000000110111001110010
000000000000000000000000110111101000101
000000000000000000000000111000000011000
000000000000000000000000111000011101011
000000000000000000000000111000110111110
000000000000000000000000111001010010001
000000000000000000000000111001101100100
000000000000000000000000111010000110111
000000000000000000000000111010100001010
000000000000000000000000111010111011101
000000000000000000000000111011010110000
000000000000000000000000111011110000011
000000000000000000000000111100001010110
000000000000000000000000111100100101001
000000000000000000000000111100111111100
000000000000000000000000111101011001111
000000000000000000000000111101110100010
000000000000000000000000111110001110101
000000000000000000000000111110101001000
000000000000000000000000111111000011011
000000000000000000000000111111011101110
000000000000000000000000111111111000001
000000000000000000000001000000010010100
000000000000000000000001000000101100111
000000000000000000000001000001000111010
000000000000000000000001000001100001101
000000000000000000000001000001111100000
000000000000000000000001000010010110011
000000000000000000000001000010110000110
000000000000000000000001000011001011001
000000000000000000000001000011100101100
000000000000000000000001000011111111111
000000000000000000000001000100011010010
000000000000000000000001000100110100101
000000000000000000000001000101001111000
000000000000000000000001000101101001011
000000000000000000000001000110000011110
000000000000000000000001000110011110001
000000000000000000000001000110111000100
000000000000000000000001000111010010111
000000000000000000000001000111101101010
000000000000000000000001001000000111101
000000000000000000000001001000100010000
000000000000000000000001001000111100011
000000000000000000000001001001010110110
000000000000000000000001001001110001001
000000000000000000000001001010001011100
000000000000000000000001001010100101111
000000000000000000000001001011000000010
000000000000000000000001001011011010101
000000000000000000000001001011110101000
000000000000000000000001001100001111011
000000000000000000000001001100101001110
000000000000000000000001001101000100001
000000000000000000000001001101011110100
000000000000000000000001001101111000111
000000000000000000000001001110010011010
000000000000000000000001001110101101101
000000000000000000000001001111001000000
000000000000000000000001001111100010011
000000000000000000000001001111111100110
000000000000000000000001010000010111001
000000000000000000000001010000110001100
000000000000000000000001010001001011111
000000000000000000000001010001100110010
000000000000000000000001010010000000101
000000000000000000000001010010011011000
000000000000000000000001010010110101011
000000000000000000000001010011001111110
000000000000000000000001010011101010001
000000000000000000000001010100000100100
000000000000000000000001010100011110111
000000000000000000000001010100111001010
000000000000000000000001010101010011101
000000000000000000000001010101101110000
000000000000000000000001010110001000011
000000000000000000000001010110100010110
000000000000000000000001010110111101001
000000000000000000000001010111010111100
000000000000000000000001010111110001111
000000000000000000000001011000001100010
000000000000000000000001011000100110101
000000000000000000000001011001000001000
000000000000000000000001011001011011011
000000000000000000000001011001110101110
000000000000000000000001011010010000001
000000000000000000000001011010101010100
000000000000000000000001011011000100111
000000000000000000000001011011011111010
000000000000000000000001011011111001101
000000000000000000000001011100010100000
000000000000000000000001011100101110011
000000000000000000000001011101001000110
000000000000000000000001011101100011001
000000000000000000000001011101111101100
000000000000000000000001011110010111111
000000000000000000000001011110110010010
000000000000000000000001011111001100101
000000000000000000000001011111100111000
000000000000000000000001100000000001011
000000000000000000000001100000011011110
000000000000000000000001100000110110001
000000000000000000000001100001010000100
000000000000000000000001100001101010111
000000000000000000000001100010000101010
000000000000000000000001100010011111101
000000000000000000000001100010111010000
000000000000000000000001100011010100011
000000000000000000000001100011101110110
000000000000000000000001100100001001001
000000000000000000000001100100100011100
000000000000000000000001100100111101111
000000000000000000000001100101011000010
000000000000000000000001100101110010101
000000000000000000000001100110001101000
000000000000000000000001100110100111011
000000000000000000000001100111000001110
000000000000000000000001100111011100001
000000000000000000000001100111110110100
000000000000000000000001101000010000111
000000000000000000000001101000101011010
000000000000000000000001101001000101101
