000000000000000000000000000000000000000
111111111111111111111111111111101101100
111111111111111111111111111111011011000
111111111111111111111111111111001000100
111111111111111111111111111110110110000
111111111111111111111111111110100011100
111111111111111111111111111110010001000
111111111111111111111111111101111110100
111111111111111111111111111101101100000
111111111111111111111111111101011001100
111111111111111111111111111101000111000
111111111111111111111111111100110100100
111111111111111111111111111100100010000
111111111111111111111111111100001111100
111111111111111111111111111011111101000
111111111111111111111111111011101010100
111111111111111111111111111011011000000
111111111111111111111111111011000101100
111111111111111111111111111010110011000
111111111111111111111111111010100000100
111111111111111111111111111010001110000
111111111111111111111111111001111011100
111111111111111111111111111001101001000
111111111111111111111111111001010110100
111111111111111111111111111001000100000
111111111111111111111111111000110001100
111111111111111111111111111000011111000
111111111111111111111111111000001100100
111111111111111111111111110111111010000
111111111111111111111111110111100111100
111111111111111111111111110111010101000
111111111111111111111111110111000010100
111111111111111111111111110110110000000
111111111111111111111111110110011101100
111111111111111111111111110110001011000
111111111111111111111111110101111000100
111111111111111111111111110101100110000
111111111111111111111111110101010011100
111111111111111111111111110101000001000
111111111111111111111111110100101110100
111111111111111111111111110100011100000
111111111111111111111111110100001001100
111111111111111111111111110011110111000
111111111111111111111111110011100100100
111111111111111111111111110011010010000
111111111111111111111111110010111111100
111111111111111111111111110010101101000
111111111111111111111111110010011010100
111111111111111111111111110010001000000
111111111111111111111111110001110101100
111111111111111111111111110001100011000
111111111111111111111111110001010000100
111111111111111111111111110000111110000
111111111111111111111111110000101011100
111111111111111111111111110000011001000
111111111111111111111111110000000110100
111111111111111111111111101111110100000
111111111111111111111111101111100001100
111111111111111111111111101111001111000
111111111111111111111111101110111100100
111111111111111111111111101110101010000
111111111111111111111111101110010111100
111111111111111111111111101110000101000
111111111111111111111111101101110010100
111111111111111111111111101101100000000
111111111111111111111111101101001101100
111111111111111111111111101100111011000
111111111111111111111111101100101000100
111111111111111111111111101100010110000
111111111111111111111111101100000011100
111111111111111111111111101011110001000
111111111111111111111111101011011110100
111111111111111111111111101011001100000
111111111111111111111111101010111001100
111111111111111111111111101010100111000
111111111111111111111111101010010100100
111111111111111111111111101010000010000
111111111111111111111111101001101111100
111111111111111111111111101001011101000
111111111111111111111111101001001010100
111111111111111111111111101000111000000
111111111111111111111111101000100101100
111111111111111111111111101000010011000
111111111111111111111111101000000000100
111111111111111111111111100111101110000
111111111111111111111111100111011011100
111111111111111111111111100111001001000
111111111111111111111111100110110110100
111111111111111111111111100110100100000
111111111111111111111111100110010001100
111111111111111111111111100101111111000
111111111111111111111111100101101100100
111111111111111111111111100101011010000
111111111111111111111111100101000111100
111111111111111111111111100100110101000
111111111111111111111111100100100010100
111111111111111111111111100100010000000
111111111111111111111111100011111101100
111111111111111111111111100011101011000
111111111111111111111111100011011000100
111111111111111111111111100011000110000
111111111111111111111111100010110011100
111111111111111111111111100010100001000
111111111111111111111111100010001110100
111111111111111111111111100001111100000
111111111111111111111111100001101001100
111111111111111111111111100001010111000
111111111111111111111111100001000100100
111111111111111111111111100000110010000
111111111111111111111111100000011111100
111111111111111111111111100000001101000
111111111111111111111111011111111010100
111111111111111111111111011111101000000
111111111111111111111111011111010101100
111111111111111111111111011111000011000
111111111111111111111111011110110000100
111111111111111111111111011110011110000
111111111111111111111111011110001011100
111111111111111111111111011101111001000
111111111111111111111111011101100110100
111111111111111111111111011101010100000
111111111111111111111111011101000001100
111111111111111111111111011100101111000
111111111111111111111111011100011100100
111111111111111111111111011100001010000
111111111111111111111111011011110111100
111111111111111111111111011011100101000
111111111111111111111111011011010010100
111111111111111111111111011011000000000
111111111111111111111111011010101101100
111111111111111111111111011010011011000
111111111111111111111111011010001000100
111111111111111111111111011001110110000
111111111111111111111111011001100011100
111111111111111111111111011001010001000
111111111111111111111111011000111110100
111111111111111111111111011000101100000
111111111111111111111111011000011001100
111111111111111111111111011000000111000
111111111111111111111111010111110100100
111111111111111111111111010111100010000
111111111111111111111111010111001111100
111111111111111111111111010110111101000
111111111111111111111111010110101010100
111111111111111111111111010110011000000
111111111111111111111111010110000101100
111111111111111111111111010101110011000
111111111111111111111111010101100000100
111111111111111111111111010101001110000
111111111111111111111111010100111011100
111111111111111111111111010100101001000
111111111111111111111111010100010110100
111111111111111111111111010100000100000
111111111111111111111111010011110001100
111111111111111111111111010011011111000
111111111111111111111111010011001100100
111111111111111111111111010010111010000
111111111111111111111111010010100111100
111111111111111111111111010010010101000
111111111111111111111111010010000010100
111111111111111111111111010001110000000
111111111111111111111111010001011101100
111111111111111111111111010001001011000
111111111111111111111111010000111000100
111111111111111111111111010000100110000
111111111111111111111111010000010011100
111111111111111111111111010000000001000
111111111111111111111111001111101110100
111111111111111111111111001111011100000
111111111111111111111111001111001001100
111111111111111111111111001110110111000
111111111111111111111111001110100100100
111111111111111111111111001110010010000
111111111111111111111111001101111111100
111111111111111111111111001101101101000
111111111111111111111111001101011010100
111111111111111111111111001101001000000
111111111111111111111111001100110101100
111111111111111111111111001100100011000
111111111111111111111111001100010000100
111111111111111111111111001011111110000
111111111111111111111111001011101011100
111111111111111111111111001011011001000
111111111111111111111111001011000110100
111111111111111111111111001010110100000
111111111111111111111111001010100001100
111111111111111111111111001010001111000
111111111111111111111111001001111100100
111111111111111111111111001001101010000
111111111111111111111111001001010111100
111111111111111111111111001001000101000
111111111111111111111111001000110010100
111111111111111111111111001000100000000
111111111111111111111111001000001101100
111111111111111111111111000111111011000
111111111111111111111111000111101000100
111111111111111111111111000111010110000
111111111111111111111111000111000011100
111111111111111111111111000110110001000
111111111111111111111111000110011110100
111111111111111111111111000110001100000
111111111111111111111111000101111001100
111111111111111111111111000101100111000
111111111111111111111111000101010100100
111111111111111111111111000101000010000
111111111111111111111111000100101111100
111111111111111111111111000100011101000
111111111111111111111111000100001010100
111111111111111111111111000011111000000
111111111111111111111111000011100101100
111111111111111111111111000011010011000
111111111111111111111111000011000000100
111111111111111111111111000010101110000
111111111111111111111111000010011011100
111111111111111111111111000010001001000
111111111111111111111111000001110110100
111111111111111111111111000001100100000
111111111111111111111111000001010001100
111111111111111111111111000000111111000
111111111111111111111111000000101100100
111111111111111111111111000000011010000
111111111111111111111111000000000111100
111111111111111111111110111111110101000
111111111111111111111110111111100010100
111111111111111111111110111111010000000
111111111111111111111110111110111101100
111111111111111111111110111110101011000
111111111111111111111110111110011000100
111111111111111111111110111110000110000
111111111111111111111110111101110011100
111111111111111111111110111101100001000
111111111111111111111110111101001110100
111111111111111111111110111100111100000
111111111111111111111110111100101001100
111111111111111111111110111100010111000
111111111111111111111110111100000100100
111111111111111111111110111011110010000
111111111111111111111110111011011111100
111111111111111111111110111011001101000
111111111111111111111110111010111010100
111111111111111111111110111010101000000
111111111111111111111110111010010101100
111111111111111111111110111010000011000
111111111111111111111110111001110000100
111111111111111111111110111001011110000
111111111111111111111110111001001011100
111111111111111111111110111000111001000
111111111111111111111110111000100110100
111111111111111111111110111000010100000
111111111111111111111110111000000001100
111111111111111111111110110111101111000
111111111111111111111110110111011100100
111111111111111111111110110111001010000
111111111111111111111110110110110111100
111111111111111111111110110110100101000
111111111111111111111110110110010010100
