000000000000000000000000000000000000000
000000000000000000000000000000011001011
000000000000000000000000000000110010110
000000000000000000000000000001001100001
000000000000000000000000000001100101100
000000000000000000000000000001111110111
000000000000000000000000000010011000010
000000000000000000000000000010110001101
000000000000000000000000000011001011000
000000000000000000000000000011100100011
000000000000000000000000000011111101110
000000000000000000000000000100010111001
000000000000000000000000000100110000100
000000000000000000000000000101001001111
000000000000000000000000000101100011010
000000000000000000000000000101111100101
000000000000000000000000000110010110000
000000000000000000000000000110101111011
000000000000000000000000000111001000110
000000000000000000000000000111100010001
000000000000000000000000000111111011100
000000000000000000000000001000010100111
000000000000000000000000001000101110010
000000000000000000000000001001000111101
000000000000000000000000001001100001000
000000000000000000000000001001111010011
000000000000000000000000001010010011110
000000000000000000000000001010101101001
000000000000000000000000001011000110100
000000000000000000000000001011011111111
000000000000000000000000001011111001010
000000000000000000000000001100010010101
000000000000000000000000001100101100000
000000000000000000000000001101000101011
000000000000000000000000001101011110110
000000000000000000000000001101111000001
000000000000000000000000001110010001100
000000000000000000000000001110101010111
000000000000000000000000001111000100010
000000000000000000000000001111011101101
000000000000000000000000001111110111000
000000000000000000000000010000010000011
000000000000000000000000010000101001110
000000000000000000000000010001000011001
000000000000000000000000010001011100100
000000000000000000000000010001110101111
000000000000000000000000010010001111010
000000000000000000000000010010101000101
000000000000000000000000010011000010000
000000000000000000000000010011011011011
000000000000000000000000010011110100110
000000000000000000000000010100001110001
000000000000000000000000010100100111100
000000000000000000000000010101000000111
000000000000000000000000010101011010010
000000000000000000000000010101110011101
000000000000000000000000010110001101000
000000000000000000000000010110100110011
000000000000000000000000010110111111110
000000000000000000000000010111011001001
000000000000000000000000010111110010100
000000000000000000000000011000001011111
000000000000000000000000011000100101010
000000000000000000000000011000111110101
000000000000000000000000011001011000000
000000000000000000000000011001110001011
000000000000000000000000011010001010110
000000000000000000000000011010100100001
000000000000000000000000011010111101100
000000000000000000000000011011010110111
000000000000000000000000011011110000010
000000000000000000000000011100001001101
000000000000000000000000011100100011000
000000000000000000000000011100111100011
000000000000000000000000011101010101110
000000000000000000000000011101101111001
000000000000000000000000011110001000100
000000000000000000000000011110100001111
000000000000000000000000011110111011010
000000000000000000000000011111010100101
000000000000000000000000011111101110000
000000000000000000000000100000000111011
000000000000000000000000100000100000110
000000000000000000000000100000111010001
000000000000000000000000100001010011100
000000000000000000000000100001101100111
000000000000000000000000100010000110010
000000000000000000000000100010011111101
000000000000000000000000100010111001000
000000000000000000000000100011010010011
000000000000000000000000100011101011110
000000000000000000000000100100000101001
000000000000000000000000100100011110100
000000000000000000000000100100110111111
000000000000000000000000100101010001010
000000000000000000000000100101101010101
000000000000000000000000100110000100000
000000000000000000000000100110011101011
000000000000000000000000100110110110110
000000000000000000000000100111010000001
000000000000000000000000100111101001100
000000000000000000000000101000000010111
000000000000000000000000101000011100010
000000000000000000000000101000110101101
000000000000000000000000101001001111000
000000000000000000000000101001101000011
000000000000000000000000101010000001110
000000000000000000000000101010011011001
000000000000000000000000101010110100100
000000000000000000000000101011001101111
000000000000000000000000101011100111010
000000000000000000000000101100000000101
000000000000000000000000101100011010000
000000000000000000000000101100110011011
000000000000000000000000101101001100110
000000000000000000000000101101100110001
000000000000000000000000101101111111100
000000000000000000000000101110011000111
000000000000000000000000101110110010010
000000000000000000000000101111001011101
000000000000000000000000101111100101000
000000000000000000000000101111111110011
000000000000000000000000110000010111110
000000000000000000000000110000110001001
000000000000000000000000110001001010100
000000000000000000000000110001100011111
000000000000000000000000110001111101010
000000000000000000000000110010010110101
000000000000000000000000110010110000000
000000000000000000000000110011001001011
000000000000000000000000110011100010110
000000000000000000000000110011111100001
000000000000000000000000110100010101100
000000000000000000000000110100101110111
000000000000000000000000110101001000010
000000000000000000000000110101100001101
000000000000000000000000110101111011000
000000000000000000000000110110010100011
000000000000000000000000110110101101110
000000000000000000000000110111000111001
000000000000000000000000110111100000100
000000000000000000000000110111111001111
000000000000000000000000111000010011010
000000000000000000000000111000101100101
000000000000000000000000111001000110000
000000000000000000000000111001011111011
000000000000000000000000111001111000110
000000000000000000000000111010010010001
000000000000000000000000111010101011100
000000000000000000000000111011000100111
000000000000000000000000111011011110010
000000000000000000000000111011110111101
000000000000000000000000111100010001000
000000000000000000000000111100101010011
000000000000000000000000111101000011110
000000000000000000000000111101011101001
000000000000000000000000111101110110100
000000000000000000000000111110001111111
000000000000000000000000111110101001010
000000000000000000000000111111000010101
000000000000000000000000111111011100000
000000000000000000000000111111110101011
000000000000000000000001000000001110110
000000000000000000000001000000101000001
000000000000000000000001000001000001100
000000000000000000000001000001011010111
000000000000000000000001000001110100010
000000000000000000000001000010001101101
000000000000000000000001000010100111000
000000000000000000000001000011000000011
000000000000000000000001000011011001110
000000000000000000000001000011110011001
000000000000000000000001000100001100100
000000000000000000000001000100100101111
000000000000000000000001000100111111010
000000000000000000000001000101011000101
000000000000000000000001000101110010000
000000000000000000000001000110001011011
000000000000000000000001000110100100110
000000000000000000000001000110111110001
000000000000000000000001000111010111100
000000000000000000000001000111110000111
000000000000000000000001001000001010010
000000000000000000000001001000100011101
000000000000000000000001001000111101000
000000000000000000000001001001010110011
000000000000000000000001001001101111110
000000000000000000000001001010001001001
000000000000000000000001001010100010100
000000000000000000000001001010111011111
000000000000000000000001001011010101010
000000000000000000000001001011101110101
000000000000000000000001001100001000000
000000000000000000000001001100100001011
000000000000000000000001001100111010110
000000000000000000000001001101010100001
000000000000000000000001001101101101100
000000000000000000000001001110000110111
000000000000000000000001001110100000010
000000000000000000000001001110111001101
000000000000000000000001001111010011000
000000000000000000000001001111101100011
000000000000000000000001010000000101110
000000000000000000000001010000011111001
000000000000000000000001010000111000100
000000000000000000000001010001010001111
000000000000000000000001010001101011010
000000000000000000000001010010000100101
000000000000000000000001010010011110000
000000000000000000000001010010110111011
000000000000000000000001010011010000110
000000000000000000000001010011101010001
000000000000000000000001010100000011100
000000000000000000000001010100011100111
000000000000000000000001010100110110010
000000000000000000000001010101001111101
000000000000000000000001010101101001000
000000000000000000000001010110000010011
000000000000000000000001010110011011110
000000000000000000000001010110110101001
000000000000000000000001010111001110100
000000000000000000000001010111100111111
000000000000000000000001011000000001010
000000000000000000000001011000011010101
000000000000000000000001011000110100000
000000000000000000000001011001001101011
000000000000000000000001011001100110110
000000000000000000000001011010000000001
000000000000000000000001011010011001100
000000000000000000000001011010110010111
000000000000000000000001011011001100010
000000000000000000000001011011100101101
000000000000000000000001011011111111000
000000000000000000000001011100011000011
000000000000000000000001011100110001110
000000000000000000000001011101001011001
000000000000000000000001011101100100100
000000000000000000000001011101111101111
000000000000000000000001011110010111010
000000000000000000000001011110110000101
000000000000000000000001011111001010000
000000000000000000000001011111100011011
000000000000000000000001011111111100110
000000000000000000000001100000010110001
000000000000000000000001100000101111100
000000000000000000000001100001001000111
000000000000000000000001100001100010010
000000000000000000000001100001111011101
000000000000000000000001100010010101000
000000000000000000000001100010101110011
000000000000000000000001100011000111110
000000000000000000000001100011100001001
000000000000000000000001100011111010100
000000000000000000000001100100010011111
000000000000000000000001100100101101010
000000000000000000000001100101000110101
