000000000000000000000000000000000000000
000000000000000000000000000000010010001
000000000000000000000000000000100100010
000000000000000000000000000000110110011
000000000000000000000000000001001000100
000000000000000000000000000001011010101
000000000000000000000000000001101100110
000000000000000000000000000001111110111
000000000000000000000000000010010001000
000000000000000000000000000010100011001
000000000000000000000000000010110101010
000000000000000000000000000011000111011
000000000000000000000000000011011001100
000000000000000000000000000011101011101
000000000000000000000000000011111101110
000000000000000000000000000100001111111
000000000000000000000000000100100010000
000000000000000000000000000100110100001
000000000000000000000000000101000110010
000000000000000000000000000101011000011
000000000000000000000000000101101010100
000000000000000000000000000101111100101
000000000000000000000000000110001110110
000000000000000000000000000110100000111
000000000000000000000000000110110011000
000000000000000000000000000111000101001
000000000000000000000000000111010111010
000000000000000000000000000111101001011
000000000000000000000000000111111011100
000000000000000000000000001000001101101
000000000000000000000000001000011111110
000000000000000000000000001000110001111
000000000000000000000000001001000100000
000000000000000000000000001001010110001
000000000000000000000000001001101000010
000000000000000000000000001001111010011
000000000000000000000000001010001100100
000000000000000000000000001010011110101
000000000000000000000000001010110000110
000000000000000000000000001011000010111
000000000000000000000000001011010101000
000000000000000000000000001011100111001
000000000000000000000000001011111001010
000000000000000000000000001100001011011
000000000000000000000000001100011101100
000000000000000000000000001100101111101
000000000000000000000000001101000001110
000000000000000000000000001101010011111
000000000000000000000000001101100110000
000000000000000000000000001101111000001
000000000000000000000000001110001010010
000000000000000000000000001110011100011
000000000000000000000000001110101110100
000000000000000000000000001111000000101
000000000000000000000000001111010010110
000000000000000000000000001111100100111
000000000000000000000000001111110111000
000000000000000000000000010000001001001
000000000000000000000000010000011011010
000000000000000000000000010000101101011
000000000000000000000000010000111111100
000000000000000000000000010001010001101
000000000000000000000000010001100011110
000000000000000000000000010001110101111
000000000000000000000000010010001000000
000000000000000000000000010010011010001
000000000000000000000000010010101100010
000000000000000000000000010010111110011
000000000000000000000000010011010000100
000000000000000000000000010011100010101
000000000000000000000000010011110100110
000000000000000000000000010100000110111
000000000000000000000000010100011001000
000000000000000000000000010100101011001
000000000000000000000000010100111101010
000000000000000000000000010101001111011
000000000000000000000000010101100001100
000000000000000000000000010101110011101
000000000000000000000000010110000101110
000000000000000000000000010110010111111
000000000000000000000000010110101010000
000000000000000000000000010110111100001
000000000000000000000000010111001110010
000000000000000000000000010111100000011
000000000000000000000000010111110010100
000000000000000000000000011000000100101
000000000000000000000000011000010110110
000000000000000000000000011000101000111
000000000000000000000000011000111011000
000000000000000000000000011001001101001
000000000000000000000000011001011111010
000000000000000000000000011001110001011
000000000000000000000000011010000011100
000000000000000000000000011010010101101
000000000000000000000000011010100111110
000000000000000000000000011010111001111
000000000000000000000000011011001100000
000000000000000000000000011011011110001
000000000000000000000000011011110000010
000000000000000000000000011100000010011
000000000000000000000000011100010100100
000000000000000000000000011100100110101
000000000000000000000000011100111000110
000000000000000000000000011101001010111
000000000000000000000000011101011101000
000000000000000000000000011101101111001
000000000000000000000000011110000001010
000000000000000000000000011110010011011
000000000000000000000000011110100101100
000000000000000000000000011110110111101
000000000000000000000000011111001001110
000000000000000000000000011111011011111
000000000000000000000000011111101110000
000000000000000000000000100000000000001
000000000000000000000000100000010010010
000000000000000000000000100000100100011
000000000000000000000000100000110110100
000000000000000000000000100001001000101
000000000000000000000000100001011010110
000000000000000000000000100001101100111
000000000000000000000000100001111111000
000000000000000000000000100010010001001
000000000000000000000000100010100011010
000000000000000000000000100010110101011
000000000000000000000000100011000111100
000000000000000000000000100011011001101
000000000000000000000000100011101011110
000000000000000000000000100011111101111
000000000000000000000000100100010000000
000000000000000000000000100100100010001
000000000000000000000000100100110100010
000000000000000000000000100101000110011
000000000000000000000000100101011000100
000000000000000000000000100101101010101
000000000000000000000000100101111100110
000000000000000000000000100110001110111
000000000000000000000000100110100001000
000000000000000000000000100110110011001
000000000000000000000000100111000101010
000000000000000000000000100111010111011
000000000000000000000000100111101001100
000000000000000000000000100111111011101
000000000000000000000000101000001101110
000000000000000000000000101000011111111
000000000000000000000000101000110010000
000000000000000000000000101001000100001
000000000000000000000000101001010110010
000000000000000000000000101001101000011
000000000000000000000000101001111010100
000000000000000000000000101010001100101
000000000000000000000000101010011110110
000000000000000000000000101010110000111
000000000000000000000000101011000011000
000000000000000000000000101011010101001
000000000000000000000000101011100111010
000000000000000000000000101011111001011
000000000000000000000000101100001011100
000000000000000000000000101100011101101
000000000000000000000000101100101111110
000000000000000000000000101101000001111
000000000000000000000000101101010100000
000000000000000000000000101101100110001
000000000000000000000000101101111000010
000000000000000000000000101110001010011
000000000000000000000000101110011100100
000000000000000000000000101110101110101
000000000000000000000000101111000000110
000000000000000000000000101111010010111
000000000000000000000000101111100101000
000000000000000000000000101111110111001
000000000000000000000000110000001001010
000000000000000000000000110000011011011
000000000000000000000000110000101101100
000000000000000000000000110000111111101
000000000000000000000000110001010001110
000000000000000000000000110001100011111
000000000000000000000000110001110110000
000000000000000000000000110010001000001
000000000000000000000000110010011010010
000000000000000000000000110010101100011
000000000000000000000000110010111110100
000000000000000000000000110011010000101
000000000000000000000000110011100010110
000000000000000000000000110011110100111
000000000000000000000000110100000111000
000000000000000000000000110100011001001
000000000000000000000000110100101011010
000000000000000000000000110100111101011
000000000000000000000000110101001111100
000000000000000000000000110101100001101
000000000000000000000000110101110011110
000000000000000000000000110110000101111
000000000000000000000000110110011000000
000000000000000000000000110110101010001
000000000000000000000000110110111100010
000000000000000000000000110111001110011
000000000000000000000000110111100000100
000000000000000000000000110111110010101
000000000000000000000000111000000100110
000000000000000000000000111000010110111
000000000000000000000000111000101001000
000000000000000000000000111000111011001
000000000000000000000000111001001101010
000000000000000000000000111001011111011
000000000000000000000000111001110001100
000000000000000000000000111010000011101
000000000000000000000000111010010101110
000000000000000000000000111010100111111
000000000000000000000000111010111010000
000000000000000000000000111011001100001
000000000000000000000000111011011110010
000000000000000000000000111011110000011
000000000000000000000000111100000010100
000000000000000000000000111100010100101
000000000000000000000000111100100110110
000000000000000000000000111100111000111
000000000000000000000000111101001011000
000000000000000000000000111101011101001
000000000000000000000000111101101111010
000000000000000000000000111110000001011
000000000000000000000000111110010011100
000000000000000000000000111110100101101
000000000000000000000000111110110111110
000000000000000000000000111111001001111
000000000000000000000000111111011100000
000000000000000000000000111111101110001
000000000000000000000001000000000000010
000000000000000000000001000000010010011
000000000000000000000001000000100100100
000000000000000000000001000000110110101
000000000000000000000001000001001000110
000000000000000000000001000001011010111
000000000000000000000001000001101101000
000000000000000000000001000001111111001
000000000000000000000001000010010001010
000000000000000000000001000010100011011
000000000000000000000001000010110101100
000000000000000000000001000011000111101
000000000000000000000001000011011001110
000000000000000000000001000011101011111
000000000000000000000001000011111110000
000000000000000000000001000100010000001
000000000000000000000001000100100010010
000000000000000000000001000100110100011
000000000000000000000001000101000110100
000000000000000000000001000101011000101
000000000000000000000001000101101010110
000000000000000000000001000101111100111
000000000000000000000001000110001111000
000000000000000000000001000110100001001
000000000000000000000001000110110011010
000000000000000000000001000111000101011
000000000000000000000001000111010111100
000000000000000000000001000111101001101
000000000000000000000001000111111011110
000000000000000000000001001000001101111
