000000000000000000000000000000000000000
111111111111111111111111111111101000001
111111111111111111111111111111010000010
111111111111111111111111111110111000011
111111111111111111111111111110100000100
111111111111111111111111111110001000101
111111111111111111111111111101110000110
111111111111111111111111111101011000111
111111111111111111111111111101000001000
111111111111111111111111111100101001001
111111111111111111111111111100010001010
111111111111111111111111111011111001011
111111111111111111111111111011100001100
111111111111111111111111111011001001101
111111111111111111111111111010110001110
111111111111111111111111111010011001111
111111111111111111111111111010000010000
111111111111111111111111111001101010001
111111111111111111111111111001010010010
111111111111111111111111111000111010011
111111111111111111111111111000100010100
111111111111111111111111111000001010101
111111111111111111111111110111110010110
111111111111111111111111110111011010111
111111111111111111111111110111000011000
111111111111111111111111110110101011001
111111111111111111111111110110010011010
111111111111111111111111110101111011011
111111111111111111111111110101100011100
111111111111111111111111110101001011101
111111111111111111111111110100110011110
111111111111111111111111110100011011111
111111111111111111111111110100000100000
111111111111111111111111110011101100001
111111111111111111111111110011010100010
111111111111111111111111110010111100011
111111111111111111111111110010100100100
111111111111111111111111110010001100101
111111111111111111111111110001110100110
111111111111111111111111110001011100111
111111111111111111111111110001000101000
111111111111111111111111110000101101001
111111111111111111111111110000010101010
111111111111111111111111101111111101011
111111111111111111111111101111100101100
111111111111111111111111101111001101101
111111111111111111111111101110110101110
111111111111111111111111101110011101111
111111111111111111111111101110000110000
111111111111111111111111101101101110001
111111111111111111111111101101010110010
111111111111111111111111101100111110011
111111111111111111111111101100100110100
111111111111111111111111101100001110101
111111111111111111111111101011110110110
111111111111111111111111101011011110111
111111111111111111111111101011000111000
111111111111111111111111101010101111001
111111111111111111111111101010010111010
111111111111111111111111101001111111011
111111111111111111111111101001100111100
111111111111111111111111101001001111101
111111111111111111111111101000110111110
111111111111111111111111101000011111111
111111111111111111111111101000001000000
111111111111111111111111100111110000001
111111111111111111111111100111011000010
111111111111111111111111100111000000011
111111111111111111111111100110101000100
111111111111111111111111100110010000101
111111111111111111111111100101111000110
111111111111111111111111100101100000111
111111111111111111111111100101001001000
111111111111111111111111100100110001001
111111111111111111111111100100011001010
111111111111111111111111100100000001011
111111111111111111111111100011101001100
111111111111111111111111100011010001101
111111111111111111111111100010111001110
111111111111111111111111100010100001111
111111111111111111111111100010001010000
111111111111111111111111100001110010001
111111111111111111111111100001011010010
111111111111111111111111100001000010011
111111111111111111111111100000101010100
111111111111111111111111100000010010101
111111111111111111111111011111111010110
111111111111111111111111011111100010111
111111111111111111111111011111001011000
111111111111111111111111011110110011001
111111111111111111111111011110011011010
111111111111111111111111011110000011011
111111111111111111111111011101101011100
111111111111111111111111011101010011101
111111111111111111111111011100111011110
111111111111111111111111011100100011111
111111111111111111111111011100001100000
111111111111111111111111011011110100001
111111111111111111111111011011011100010
111111111111111111111111011011000100011
111111111111111111111111011010101100100
111111111111111111111111011010010100101
111111111111111111111111011001111100110
111111111111111111111111011001100100111
111111111111111111111111011001001101000
111111111111111111111111011000110101001
111111111111111111111111011000011101010
111111111111111111111111011000000101011
111111111111111111111111010111101101100
111111111111111111111111010111010101101
111111111111111111111111010110111101110
111111111111111111111111010110100101111
111111111111111111111111010110001110000
111111111111111111111111010101110110001
111111111111111111111111010101011110010
111111111111111111111111010101000110011
111111111111111111111111010100101110100
111111111111111111111111010100010110101
111111111111111111111111010011111110110
111111111111111111111111010011100110111
111111111111111111111111010011001111000
111111111111111111111111010010110111001
111111111111111111111111010010011111010
111111111111111111111111010010000111011
111111111111111111111111010001101111100
111111111111111111111111010001010111101
111111111111111111111111010000111111110
111111111111111111111111010000100111111
111111111111111111111111010000010000000
111111111111111111111111001111111000001
111111111111111111111111001111100000010
111111111111111111111111001111001000011
111111111111111111111111001110110000100
111111111111111111111111001110011000101
111111111111111111111111001110000000110
111111111111111111111111001101101000111
111111111111111111111111001101010001000
111111111111111111111111001100111001001
111111111111111111111111001100100001010
111111111111111111111111001100001001011
111111111111111111111111001011110001100
111111111111111111111111001011011001101
111111111111111111111111001011000001110
111111111111111111111111001010101001111
111111111111111111111111001010010010000
111111111111111111111111001001111010001
111111111111111111111111001001100010010
111111111111111111111111001001001010011
111111111111111111111111001000110010100
111111111111111111111111001000011010101
111111111111111111111111001000000010110
111111111111111111111111000111101010111
111111111111111111111111000111010011000
111111111111111111111111000110111011001
111111111111111111111111000110100011010
111111111111111111111111000110001011011
111111111111111111111111000101110011100
111111111111111111111111000101011011101
111111111111111111111111000101000011110
111111111111111111111111000100101011111
111111111111111111111111000100010100000
111111111111111111111111000011111100001
111111111111111111111111000011100100010
111111111111111111111111000011001100011
111111111111111111111111000010110100100
111111111111111111111111000010011100101
111111111111111111111111000010000100110
111111111111111111111111000001101100111
111111111111111111111111000001010101000
111111111111111111111111000000111101001
111111111111111111111111000000100101010
111111111111111111111111000000001101011
111111111111111111111110111111110101100
111111111111111111111110111111011101101
111111111111111111111110111111000101110
111111111111111111111110111110101101111
111111111111111111111110111110010110000
111111111111111111111110111101111110001
111111111111111111111110111101100110010
111111111111111111111110111101001110011
111111111111111111111110111100110110100
111111111111111111111110111100011110101
111111111111111111111110111100000110110
111111111111111111111110111011101110111
111111111111111111111110111011010111000
111111111111111111111110111010111111001
111111111111111111111110111010100111010
111111111111111111111110111010001111011
111111111111111111111110111001110111100
111111111111111111111110111001011111101
111111111111111111111110111001000111110
111111111111111111111110111000101111111
111111111111111111111110111000011000000
111111111111111111111110111000000000001
111111111111111111111110110111101000010
111111111111111111111110110111010000011
111111111111111111111110110110111000100
111111111111111111111110110110100000101
111111111111111111111110110110001000110
111111111111111111111110110101110000111
111111111111111111111110110101011001000
111111111111111111111110110101000001001
111111111111111111111110110100101001010
111111111111111111111110110100010001011
111111111111111111111110110011111001100
111111111111111111111110110011100001101
111111111111111111111110110011001001110
111111111111111111111110110010110001111
111111111111111111111110110010011010000
111111111111111111111110110010000010001
111111111111111111111110110001101010010
111111111111111111111110110001010010011
111111111111111111111110110000111010100
111111111111111111111110110000100010101
111111111111111111111110110000001010110
111111111111111111111110101111110010111
111111111111111111111110101111011011000
111111111111111111111110101111000011001
111111111111111111111110101110101011010
111111111111111111111110101110010011011
111111111111111111111110101101111011100
111111111111111111111110101101100011101
111111111111111111111110101101001011110
111111111111111111111110101100110011111
111111111111111111111110101100011100000
111111111111111111111110101100000100001
111111111111111111111110101011101100010
111111111111111111111110101011010100011
111111111111111111111110101010111100100
111111111111111111111110101010100100101
111111111111111111111110101010001100110
111111111111111111111110101001110100111
111111111111111111111110101001011101000
111111111111111111111110101001000101001
111111111111111111111110101000101101010
111111111111111111111110101000010101011
111111111111111111111110100111111101100
111111111111111111111110100111100101101
111111111111111111111110100111001101110
111111111111111111111110100110110101111
111111111111111111111110100110011110000
111111111111111111111110100110000110001
111111111111111111111110100101101110010
111111111111111111111110100101010110011
111111111111111111111110100100111110100
111111111111111111111110100100100110101
111111111111111111111110100100001110110
111111111111111111111110100011110110111
111111111111111111111110100011011111000
111111111111111111111110100011000111001
111111111111111111111110100010101111010
111111111111111111111110100010010111011
111111111111111111111110100001111111100
111111111111111111111110100001100111101
111111111111111111111110100001001111110
111111111111111111111110100000110111111
