000000000000000000000000000000000000000
000000000000000000000000000000010110010
000000000000000000000000000000101100100
000000000000000000000000000001000010110
000000000000000000000000000001011001000
000000000000000000000000000001101111010
000000000000000000000000000010000101100
000000000000000000000000000010011011110
000000000000000000000000000010110010000
000000000000000000000000000011001000010
000000000000000000000000000011011110100
000000000000000000000000000011110100110
000000000000000000000000000100001011000
000000000000000000000000000100100001010
000000000000000000000000000100110111100
000000000000000000000000000101001101110
000000000000000000000000000101100100000
000000000000000000000000000101111010010
000000000000000000000000000110010000100
000000000000000000000000000110100110110
000000000000000000000000000110111101000
000000000000000000000000000111010011010
000000000000000000000000000111101001100
000000000000000000000000000111111111110
000000000000000000000000001000010110000
000000000000000000000000001000101100010
000000000000000000000000001001000010100
000000000000000000000000001001011000110
000000000000000000000000001001101111000
000000000000000000000000001010000101010
000000000000000000000000001010011011100
000000000000000000000000001010110001110
000000000000000000000000001011001000000
000000000000000000000000001011011110010
000000000000000000000000001011110100100
000000000000000000000000001100001010110
000000000000000000000000001100100001000
000000000000000000000000001100110111010
000000000000000000000000001101001101100
000000000000000000000000001101100011110
000000000000000000000000001101111010000
000000000000000000000000001110010000010
000000000000000000000000001110100110100
000000000000000000000000001110111100110
000000000000000000000000001111010011000
000000000000000000000000001111101001010
000000000000000000000000001111111111100
000000000000000000000000010000010101110
000000000000000000000000010000101100000
000000000000000000000000010001000010010
000000000000000000000000010001011000100
000000000000000000000000010001101110110
000000000000000000000000010010000101000
000000000000000000000000010010011011010
000000000000000000000000010010110001100
000000000000000000000000010011000111110
000000000000000000000000010011011110000
000000000000000000000000010011110100010
000000000000000000000000010100001010100
000000000000000000000000010100100000110
000000000000000000000000010100110111000
000000000000000000000000010101001101010
000000000000000000000000010101100011100
000000000000000000000000010101111001110
000000000000000000000000010110010000000
000000000000000000000000010110100110010
000000000000000000000000010110111100100
000000000000000000000000010111010010110
000000000000000000000000010111101001000
000000000000000000000000010111111111010
000000000000000000000000011000010101100
000000000000000000000000011000101011110
000000000000000000000000011001000010000
000000000000000000000000011001011000010
000000000000000000000000011001101110100
000000000000000000000000011010000100110
000000000000000000000000011010011011000
000000000000000000000000011010110001010
000000000000000000000000011011000111100
000000000000000000000000011011011101110
000000000000000000000000011011110100000
000000000000000000000000011100001010010
000000000000000000000000011100100000100
000000000000000000000000011100110110110
000000000000000000000000011101001101000
000000000000000000000000011101100011010
000000000000000000000000011101111001100
000000000000000000000000011110001111110
000000000000000000000000011110100110000
000000000000000000000000011110111100010
000000000000000000000000011111010010100
000000000000000000000000011111101000110
000000000000000000000000011111111111000
000000000000000000000000100000010101010
000000000000000000000000100000101011100
000000000000000000000000100001000001110
000000000000000000000000100001011000000
000000000000000000000000100001101110010
000000000000000000000000100010000100100
000000000000000000000000100010011010110
000000000000000000000000100010110001000
000000000000000000000000100011000111010
000000000000000000000000100011011101100
000000000000000000000000100011110011110
000000000000000000000000100100001010000
000000000000000000000000100100100000010
000000000000000000000000100100110110100
000000000000000000000000100101001100110
000000000000000000000000100101100011000
000000000000000000000000100101111001010
000000000000000000000000100110001111100
000000000000000000000000100110100101110
000000000000000000000000100110111100000
000000000000000000000000100111010010010
000000000000000000000000100111101000100
000000000000000000000000100111111110110
000000000000000000000000101000010101000
000000000000000000000000101000101011010
000000000000000000000000101001000001100
000000000000000000000000101001010111110
000000000000000000000000101001101110000
000000000000000000000000101010000100010
000000000000000000000000101010011010100
000000000000000000000000101010110000110
000000000000000000000000101011000111000
000000000000000000000000101011011101010
000000000000000000000000101011110011100
000000000000000000000000101100001001110
000000000000000000000000101100100000000
000000000000000000000000101100110110010
000000000000000000000000101101001100100
000000000000000000000000101101100010110
000000000000000000000000101101111001000
000000000000000000000000101110001111010
000000000000000000000000101110100101100
000000000000000000000000101110111011110
000000000000000000000000101111010010000
000000000000000000000000101111101000010
000000000000000000000000101111111110100
000000000000000000000000110000010100110
000000000000000000000000110000101011000
000000000000000000000000110001000001010
000000000000000000000000110001010111100
000000000000000000000000110001101101110
000000000000000000000000110010000100000
000000000000000000000000110010011010010
000000000000000000000000110010110000100
000000000000000000000000110011000110110
000000000000000000000000110011011101000
000000000000000000000000110011110011010
000000000000000000000000110100001001100
000000000000000000000000110100011111110
000000000000000000000000110100110110000
000000000000000000000000110101001100010
000000000000000000000000110101100010100
000000000000000000000000110101111000110
000000000000000000000000110110001111000
000000000000000000000000110110100101010
000000000000000000000000110110111011100
000000000000000000000000110111010001110
000000000000000000000000110111101000000
000000000000000000000000110111111110010
000000000000000000000000111000010100100
000000000000000000000000111000101010110
000000000000000000000000111001000001000
000000000000000000000000111001010111010
000000000000000000000000111001101101100
000000000000000000000000111010000011110
000000000000000000000000111010011010000
000000000000000000000000111010110000010
000000000000000000000000111011000110100
000000000000000000000000111011011100110
000000000000000000000000111011110011000
000000000000000000000000111100001001010
000000000000000000000000111100011111100
000000000000000000000000111100110101110
000000000000000000000000111101001100000
000000000000000000000000111101100010010
000000000000000000000000111101111000100
000000000000000000000000111110001110110
000000000000000000000000111110100101000
000000000000000000000000111110111011010
000000000000000000000000111111010001100
000000000000000000000000111111100111110
000000000000000000000000111111111110000
000000000000000000000001000000010100010
000000000000000000000001000000101010100
000000000000000000000001000001000000110
000000000000000000000001000001010111000
000000000000000000000001000001101101010
000000000000000000000001000010000011100
000000000000000000000001000010011001110
000000000000000000000001000010110000000
000000000000000000000001000011000110010
000000000000000000000001000011011100100
000000000000000000000001000011110010110
000000000000000000000001000100001001000
000000000000000000000001000100011111010
000000000000000000000001000100110101100
000000000000000000000001000101001011110
000000000000000000000001000101100010000
000000000000000000000001000101111000010
000000000000000000000001000110001110100
000000000000000000000001000110100100110
000000000000000000000001000110111011000
000000000000000000000001000111010001010
000000000000000000000001000111100111100
000000000000000000000001000111111101110
000000000000000000000001001000010100000
000000000000000000000001001000101010010
000000000000000000000001001001000000100
000000000000000000000001001001010110110
000000000000000000000001001001101101000
000000000000000000000001001010000011010
000000000000000000000001001010011001100
000000000000000000000001001010101111110
000000000000000000000001001011000110000
000000000000000000000001001011011100010
000000000000000000000001001011110010100
000000000000000000000001001100001000110
000000000000000000000001001100011111000
000000000000000000000001001100110101010
000000000000000000000001001101001011100
000000000000000000000001001101100001110
000000000000000000000001001101111000000
000000000000000000000001001110001110010
000000000000000000000001001110100100100
000000000000000000000001001110111010110
000000000000000000000001001111010001000
000000000000000000000001001111100111010
000000000000000000000001001111111101100
000000000000000000000001010000010011110
000000000000000000000001010000101010000
000000000000000000000001010001000000010
000000000000000000000001010001010110100
000000000000000000000001010001101100110
000000000000000000000001010010000011000
000000000000000000000001010010011001010
000000000000000000000001010010101111100
000000000000000000000001010011000101110
000000000000000000000001010011011100000
000000000000000000000001010011110010010
000000000000000000000001010100001000100
000000000000000000000001010100011110110
000000000000000000000001010100110101000
000000000000000000000001010101001011010
000000000000000000000001010101100001100
000000000000000000000001010101110111110
000000000000000000000001010110001110000
000000000000000000000001010110100100010
000000000000000000000001010110111010100
000000000000000000000001010111010000110
000000000000000000000001010111100111000
000000000000000000000001010111111101010
000000000000000000000001011000010011100
000000000000000000000001011000101001110
