000000000000000000000000000000000000000
000000000000000000000000000000011110101
000000000000000000000000000000111101010
000000000000000000000000000001011011111
000000000000000000000000000001111010100
000000000000000000000000000010011001001
000000000000000000000000000010110111110
000000000000000000000000000011010110011
000000000000000000000000000011110101000
000000000000000000000000000100010011101
000000000000000000000000000100110010010
000000000000000000000000000101010000111
000000000000000000000000000101101111100
000000000000000000000000000110001110001
000000000000000000000000000110101100110
000000000000000000000000000111001011011
000000000000000000000000000111101010000
000000000000000000000000001000001000101
000000000000000000000000001000100111010
000000000000000000000000001001000101111
000000000000000000000000001001100100100
000000000000000000000000001010000011001
000000000000000000000000001010100001110
000000000000000000000000001011000000011
000000000000000000000000001011011111000
000000000000000000000000001011111101101
000000000000000000000000001100011100010
000000000000000000000000001100111010111
000000000000000000000000001101011001100
000000000000000000000000001101111000001
000000000000000000000000001110010110110
000000000000000000000000001110110101011
000000000000000000000000001111010100000
000000000000000000000000001111110010101
000000000000000000000000010000010001010
000000000000000000000000010000101111111
000000000000000000000000010001001110100
000000000000000000000000010001101101001
000000000000000000000000010010001011110
000000000000000000000000010010101010011
000000000000000000000000010011001001000
000000000000000000000000010011100111101
000000000000000000000000010100000110010
000000000000000000000000010100100100111
000000000000000000000000010101000011100
000000000000000000000000010101100010001
000000000000000000000000010110000000110
000000000000000000000000010110011111011
000000000000000000000000010110111110000
000000000000000000000000010111011100101
000000000000000000000000010111111011010
000000000000000000000000011000011001111
000000000000000000000000011000111000100
000000000000000000000000011001010111001
000000000000000000000000011001110101110
000000000000000000000000011010010100011
000000000000000000000000011010110011000
000000000000000000000000011011010001101
000000000000000000000000011011110000010
000000000000000000000000011100001110111
000000000000000000000000011100101101100
000000000000000000000000011101001100001
000000000000000000000000011101101010110
000000000000000000000000011110001001011
000000000000000000000000011110101000000
000000000000000000000000011111000110101
000000000000000000000000011111100101010
000000000000000000000000100000000011111
000000000000000000000000100000100010100
000000000000000000000000100001000001001
000000000000000000000000100001011111110
000000000000000000000000100001111110011
000000000000000000000000100010011101000
000000000000000000000000100010111011101
000000000000000000000000100011011010010
000000000000000000000000100011111000111
000000000000000000000000100100010111100
000000000000000000000000100100110110001
000000000000000000000000100101010100110
000000000000000000000000100101110011011
000000000000000000000000100110010010000
000000000000000000000000100110110000101
000000000000000000000000100111001111010
000000000000000000000000100111101101111
000000000000000000000000101000001100100
000000000000000000000000101000101011001
000000000000000000000000101001001001110
000000000000000000000000101001101000011
000000000000000000000000101010000111000
000000000000000000000000101010100101101
000000000000000000000000101011000100010
000000000000000000000000101011100010111
000000000000000000000000101100000001100
000000000000000000000000101100100000001
000000000000000000000000101100111110110
000000000000000000000000101101011101011
000000000000000000000000101101111100000
000000000000000000000000101110011010101
000000000000000000000000101110111001010
000000000000000000000000101111010111111
000000000000000000000000101111110110100
000000000000000000000000110000010101001
000000000000000000000000110000110011110
000000000000000000000000110001010010011
000000000000000000000000110001110001000
000000000000000000000000110010001111101
000000000000000000000000110010101110010
000000000000000000000000110011001100111
000000000000000000000000110011101011100
000000000000000000000000110100001010001
000000000000000000000000110100101000110
000000000000000000000000110101000111011
000000000000000000000000110101100110000
000000000000000000000000110110000100101
000000000000000000000000110110100011010
000000000000000000000000110111000001111
000000000000000000000000110111100000100
000000000000000000000000110111111111001
000000000000000000000000111000011101110
000000000000000000000000111000111100011
000000000000000000000000111001011011000
000000000000000000000000111001111001101
000000000000000000000000111010011000010
000000000000000000000000111010110110111
000000000000000000000000111011010101100
000000000000000000000000111011110100001
000000000000000000000000111100010010110
000000000000000000000000111100110001011
000000000000000000000000111101010000000
000000000000000000000000111101101110101
000000000000000000000000111110001101010
000000000000000000000000111110101011111
000000000000000000000000111111001010100
000000000000000000000000111111101001001
000000000000000000000001000000000111110
000000000000000000000001000000100110011
000000000000000000000001000001000101000
000000000000000000000001000001100011101
000000000000000000000001000010000010010
000000000000000000000001000010100000111
000000000000000000000001000010111111100
000000000000000000000001000011011110001
000000000000000000000001000011111100110
000000000000000000000001000100011011011
000000000000000000000001000100111010000
000000000000000000000001000101011000101
000000000000000000000001000101110111010
000000000000000000000001000110010101111
000000000000000000000001000110110100100
000000000000000000000001000111010011001
000000000000000000000001000111110001110
000000000000000000000001001000010000011
000000000000000000000001001000101111000
000000000000000000000001001001001101101
000000000000000000000001001001101100010
000000000000000000000001001010001010111
000000000000000000000001001010101001100
000000000000000000000001001011001000001
000000000000000000000001001011100110110
000000000000000000000001001100000101011
000000000000000000000001001100100100000
000000000000000000000001001101000010101
000000000000000000000001001101100001010
000000000000000000000001001101111111111
000000000000000000000001001110011110100
000000000000000000000001001110111101001
000000000000000000000001001111011011110
000000000000000000000001001111111010011
000000000000000000000001010000011001000
000000000000000000000001010000110111101
000000000000000000000001010001010110010
000000000000000000000001010001110100111
000000000000000000000001010010010011100
000000000000000000000001010010110010001
000000000000000000000001010011010000110
000000000000000000000001010011101111011
000000000000000000000001010100001110000
000000000000000000000001010100101100101
000000000000000000000001010101001011010
000000000000000000000001010101101001111
000000000000000000000001010110001000100
000000000000000000000001010110100111001
000000000000000000000001010111000101110
000000000000000000000001010111100100011
000000000000000000000001011000000011000
000000000000000000000001011000100001101
000000000000000000000001011001000000010
000000000000000000000001011001011110111
000000000000000000000001011001111101100
000000000000000000000001011010011100001
000000000000000000000001011010111010110
000000000000000000000001011011011001011
000000000000000000000001011011111000000
000000000000000000000001011100010110101
000000000000000000000001011100110101010
000000000000000000000001011101010011111
000000000000000000000001011101110010100
000000000000000000000001011110010001001
000000000000000000000001011110101111110
000000000000000000000001011111001110011
000000000000000000000001011111101101000
000000000000000000000001100000001011101
000000000000000000000001100000101010010
000000000000000000000001100001001000111
000000000000000000000001100001100111100
000000000000000000000001100010000110001
000000000000000000000001100010100100110
000000000000000000000001100011000011011
000000000000000000000001100011100010000
000000000000000000000001100100000000101
000000000000000000000001100100011111010
000000000000000000000001100100111101111
000000000000000000000001100101011100100
000000000000000000000001100101111011001
000000000000000000000001100110011001110
000000000000000000000001100110111000011
000000000000000000000001100111010111000
000000000000000000000001100111110101101
000000000000000000000001101000010100010
000000000000000000000001101000110010111
000000000000000000000001101001010001100
000000000000000000000001101001110000001
000000000000000000000001101010001110110
000000000000000000000001101010101101011
000000000000000000000001101011001100000
000000000000000000000001101011101010101
000000000000000000000001101100001001010
000000000000000000000001101100100111111
000000000000000000000001101101000110100
000000000000000000000001101101100101001
000000000000000000000001101110000011110
000000000000000000000001101110100010011
000000000000000000000001101111000001000
000000000000000000000001101111011111101
000000000000000000000001101111111110010
000000000000000000000001110000011100111
000000000000000000000001110000111011100
000000000000000000000001110001011010001
000000000000000000000001110001111000110
000000000000000000000001110010010111011
000000000000000000000001110010110110000
000000000000000000000001110011010100101
000000000000000000000001110011110011010
000000000000000000000001110100010001111
000000000000000000000001110100110000100
000000000000000000000001110101001111001
000000000000000000000001110101101101110
000000000000000000000001110110001100011
000000000000000000000001110110101011000
000000000000000000000001110111001001101
000000000000000000000001110111101000010
000000000000000000000001111000000110111
000000000000000000000001111000100101100
000000000000000000000001111001000100001
000000000000000000000001111001100010110
000000000000000000000001111010000001011
