000000000000000000000000000000000000000
000000000000000000000000000000001100111
000000000000000000000000000000011001110
000000000000000000000000000000100110101
000000000000000000000000000000110011100
000000000000000000000000000001000000011
000000000000000000000000000001001101010
000000000000000000000000000001011010001
000000000000000000000000000001100111000
000000000000000000000000000001110011111
000000000000000000000000000010000000110
000000000000000000000000000010001101101
000000000000000000000000000010011010100
000000000000000000000000000010100111011
000000000000000000000000000010110100010
000000000000000000000000000011000001001
000000000000000000000000000011001110000
000000000000000000000000000011011010111
000000000000000000000000000011100111110
000000000000000000000000000011110100101
000000000000000000000000000100000001100
000000000000000000000000000100001110011
000000000000000000000000000100011011010
000000000000000000000000000100101000001
000000000000000000000000000100110101000
000000000000000000000000000101000001111
000000000000000000000000000101001110110
000000000000000000000000000101011011101
000000000000000000000000000101101000100
000000000000000000000000000101110101011
000000000000000000000000000110000010010
000000000000000000000000000110001111001
000000000000000000000000000110011100000
000000000000000000000000000110101000111
000000000000000000000000000110110101110
000000000000000000000000000111000010101
000000000000000000000000000111001111100
000000000000000000000000000111011100011
000000000000000000000000000111101001010
000000000000000000000000000111110110001
000000000000000000000000001000000011000
000000000000000000000000001000001111111
000000000000000000000000001000011100110
000000000000000000000000001000101001101
000000000000000000000000001000110110100
000000000000000000000000001001000011011
000000000000000000000000001001010000010
000000000000000000000000001001011101001
000000000000000000000000001001101010000
000000000000000000000000001001110110111
000000000000000000000000001010000011110
000000000000000000000000001010010000101
000000000000000000000000001010011101100
000000000000000000000000001010101010011
000000000000000000000000001010110111010
000000000000000000000000001011000100001
000000000000000000000000001011010001000
000000000000000000000000001011011101111
000000000000000000000000001011101010110
000000000000000000000000001011110111101
000000000000000000000000001100000100100
000000000000000000000000001100010001011
000000000000000000000000001100011110010
000000000000000000000000001100101011001
000000000000000000000000001100111000000
000000000000000000000000001101000100111
000000000000000000000000001101010001110
000000000000000000000000001101011110101
000000000000000000000000001101101011100
000000000000000000000000001101111000011
000000000000000000000000001110000101010
000000000000000000000000001110010010001
000000000000000000000000001110011111000
000000000000000000000000001110101011111
000000000000000000000000001110111000110
000000000000000000000000001111000101101
000000000000000000000000001111010010100
000000000000000000000000001111011111011
000000000000000000000000001111101100010
000000000000000000000000001111111001001
000000000000000000000000010000000110000
000000000000000000000000010000010010111
000000000000000000000000010000011111110
000000000000000000000000010000101100101
000000000000000000000000010000111001100
000000000000000000000000010001000110011
000000000000000000000000010001010011010
000000000000000000000000010001100000001
000000000000000000000000010001101101000
000000000000000000000000010001111001111
000000000000000000000000010010000110110
000000000000000000000000010010010011101
000000000000000000000000010010100000100
000000000000000000000000010010101101011
000000000000000000000000010010111010010
000000000000000000000000010011000111001
000000000000000000000000010011010100000
000000000000000000000000010011100000111
000000000000000000000000010011101101110
000000000000000000000000010011111010101
000000000000000000000000010100000111100
000000000000000000000000010100010100011
000000000000000000000000010100100001010
000000000000000000000000010100101110001
000000000000000000000000010100111011000
000000000000000000000000010101000111111
000000000000000000000000010101010100110
000000000000000000000000010101100001101
000000000000000000000000010101101110100
000000000000000000000000010101111011011
000000000000000000000000010110001000010
000000000000000000000000010110010101001
000000000000000000000000010110100010000
000000000000000000000000010110101110111
000000000000000000000000010110111011110
000000000000000000000000010111001000101
000000000000000000000000010111010101100
000000000000000000000000010111100010011
000000000000000000000000010111101111010
000000000000000000000000010111111100001
000000000000000000000000011000001001000
000000000000000000000000011000010101111
000000000000000000000000011000100010110
000000000000000000000000011000101111101
000000000000000000000000011000111100100
000000000000000000000000011001001001011
000000000000000000000000011001010110010
000000000000000000000000011001100011001
000000000000000000000000011001110000000
000000000000000000000000011001111100111
000000000000000000000000011010001001110
000000000000000000000000011010010110101
000000000000000000000000011010100011100
000000000000000000000000011010110000011
000000000000000000000000011010111101010
000000000000000000000000011011001010001
000000000000000000000000011011010111000
000000000000000000000000011011100011111
000000000000000000000000011011110000110
000000000000000000000000011011111101101
000000000000000000000000011100001010100
000000000000000000000000011100010111011
000000000000000000000000011100100100010
000000000000000000000000011100110001001
000000000000000000000000011100111110000
000000000000000000000000011101001010111
000000000000000000000000011101010111110
000000000000000000000000011101100100101
000000000000000000000000011101110001100
000000000000000000000000011101111110011
000000000000000000000000011110001011010
000000000000000000000000011110011000001
000000000000000000000000011110100101000
000000000000000000000000011110110001111
000000000000000000000000011110111110110
000000000000000000000000011111001011101
000000000000000000000000011111011000100
000000000000000000000000011111100101011
000000000000000000000000011111110010010
000000000000000000000000011111111111001
000000000000000000000000100000001100000
000000000000000000000000100000011000111
000000000000000000000000100000100101110
000000000000000000000000100000110010101
000000000000000000000000100000111111100
000000000000000000000000100001001100011
000000000000000000000000100001011001010
000000000000000000000000100001100110001
000000000000000000000000100001110011000
000000000000000000000000100001111111111
000000000000000000000000100010001100110
000000000000000000000000100010011001101
000000000000000000000000100010100110100
000000000000000000000000100010110011011
000000000000000000000000100011000000010
000000000000000000000000100011001101001
000000000000000000000000100011011010000
000000000000000000000000100011100110111
000000000000000000000000100011110011110
000000000000000000000000100100000000101
000000000000000000000000100100001101100
000000000000000000000000100100011010011
000000000000000000000000100100100111010
000000000000000000000000100100110100001
000000000000000000000000100101000001000
000000000000000000000000100101001101111
000000000000000000000000100101011010110
000000000000000000000000100101100111101
000000000000000000000000100101110100100
000000000000000000000000100110000001011
000000000000000000000000100110001110010
000000000000000000000000100110011011001
000000000000000000000000100110101000000
000000000000000000000000100110110100111
000000000000000000000000100111000001110
000000000000000000000000100111001110101
000000000000000000000000100111011011100
000000000000000000000000100111101000011
000000000000000000000000100111110101010
000000000000000000000000101000000010001
000000000000000000000000101000001111000
000000000000000000000000101000011011111
000000000000000000000000101000101000110
000000000000000000000000101000110101101
000000000000000000000000101001000010100
000000000000000000000000101001001111011
000000000000000000000000101001011100010
000000000000000000000000101001101001001
000000000000000000000000101001110110000
000000000000000000000000101010000010111
000000000000000000000000101010001111110
000000000000000000000000101010011100101
000000000000000000000000101010101001100
000000000000000000000000101010110110011
000000000000000000000000101011000011010
000000000000000000000000101011010000001
000000000000000000000000101011011101000
000000000000000000000000101011101001111
000000000000000000000000101011110110110
000000000000000000000000101100000011101
000000000000000000000000101100010000100
000000000000000000000000101100011101011
000000000000000000000000101100101010010
000000000000000000000000101100110111001
000000000000000000000000101101000100000
000000000000000000000000101101010000111
000000000000000000000000101101011101110
000000000000000000000000101101101010101
000000000000000000000000101101110111100
000000000000000000000000101110000100011
000000000000000000000000101110010001010
000000000000000000000000101110011110001
000000000000000000000000101110101011000
000000000000000000000000101110110111111
000000000000000000000000101111000100110
000000000000000000000000101111010001101
000000000000000000000000101111011110100
000000000000000000000000101111101011011
000000000000000000000000101111111000010
000000000000000000000000110000000101001
000000000000000000000000110000010010000
000000000000000000000000110000011110111
000000000000000000000000110000101011110
000000000000000000000000110000111000101
000000000000000000000000110001000101100
000000000000000000000000110001010010011
000000000000000000000000110001011111010
000000000000000000000000110001101100001
000000000000000000000000110001111001000
000000000000000000000000110010000101111
000000000000000000000000110010010010110
000000000000000000000000110010011111101
000000000000000000000000110010101100100
000000000000000000000000110010111001011
000000000000000000000000110011000110010
000000000000000000000000110011010011001
