000000000000000000000000000000000000000
111111111111111111111111111111111101110
111111111111111111111111111111111011100
111111111111111111111111111111111001010
111111111111111111111111111111110111000
111111111111111111111111111111110100110
111111111111111111111111111111110010100
111111111111111111111111111111110000010
111111111111111111111111111111101110000
111111111111111111111111111111101011110
111111111111111111111111111111101001100
111111111111111111111111111111100111010
111111111111111111111111111111100101000
111111111111111111111111111111100010110
111111111111111111111111111111100000100
111111111111111111111111111111011110010
111111111111111111111111111111011100000
111111111111111111111111111111011001110
111111111111111111111111111111010111100
111111111111111111111111111111010101010
111111111111111111111111111111010011000
111111111111111111111111111111010000110
111111111111111111111111111111001110100
111111111111111111111111111111001100010
111111111111111111111111111111001010000
111111111111111111111111111111000111110
111111111111111111111111111111000101100
111111111111111111111111111111000011010
111111111111111111111111111111000001000
111111111111111111111111111110111110110
111111111111111111111111111110111100100
111111111111111111111111111110111010010
111111111111111111111111111110111000000
111111111111111111111111111110110101110
111111111111111111111111111110110011100
111111111111111111111111111110110001010
111111111111111111111111111110101111000
111111111111111111111111111110101100110
111111111111111111111111111110101010100
111111111111111111111111111110101000010
111111111111111111111111111110100110000
111111111111111111111111111110100011110
111111111111111111111111111110100001100
111111111111111111111111111110011111010
111111111111111111111111111110011101000
111111111111111111111111111110011010110
111111111111111111111111111110011000100
111111111111111111111111111110010110010
111111111111111111111111111110010100000
111111111111111111111111111110010001110
111111111111111111111111111110001111100
111111111111111111111111111110001101010
111111111111111111111111111110001011000
111111111111111111111111111110001000110
111111111111111111111111111110000110100
111111111111111111111111111110000100010
111111111111111111111111111110000010000
111111111111111111111111111101111111110
111111111111111111111111111101111101100
111111111111111111111111111101111011010
111111111111111111111111111101111001000
111111111111111111111111111101110110110
111111111111111111111111111101110100100
111111111111111111111111111101110010010
111111111111111111111111111101110000000
111111111111111111111111111101101101110
111111111111111111111111111101101011100
111111111111111111111111111101101001010
111111111111111111111111111101100111000
111111111111111111111111111101100100110
111111111111111111111111111101100010100
111111111111111111111111111101100000010
111111111111111111111111111101011110000
111111111111111111111111111101011011110
111111111111111111111111111101011001100
111111111111111111111111111101010111010
111111111111111111111111111101010101000
111111111111111111111111111101010010110
111111111111111111111111111101010000100
111111111111111111111111111101001110010
111111111111111111111111111101001100000
111111111111111111111111111101001001110
111111111111111111111111111101000111100
111111111111111111111111111101000101010
111111111111111111111111111101000011000
111111111111111111111111111101000000110
111111111111111111111111111100111110100
111111111111111111111111111100111100010
111111111111111111111111111100111010000
111111111111111111111111111100110111110
111111111111111111111111111100110101100
111111111111111111111111111100110011010
111111111111111111111111111100110001000
111111111111111111111111111100101110110
111111111111111111111111111100101100100
111111111111111111111111111100101010010
111111111111111111111111111100101000000
111111111111111111111111111100100101110
111111111111111111111111111100100011100
111111111111111111111111111100100001010
111111111111111111111111111100011111000
111111111111111111111111111100011100110
111111111111111111111111111100011010100
111111111111111111111111111100011000010
111111111111111111111111111100010110000
111111111111111111111111111100010011110
111111111111111111111111111100010001100
111111111111111111111111111100001111010
111111111111111111111111111100001101000
111111111111111111111111111100001010110
111111111111111111111111111100001000100
111111111111111111111111111100000110010
111111111111111111111111111100000100000
111111111111111111111111111100000001110
111111111111111111111111111011111111100
111111111111111111111111111011111101010
111111111111111111111111111011111011000
111111111111111111111111111011111000110
111111111111111111111111111011110110100
111111111111111111111111111011110100010
111111111111111111111111111011110010000
111111111111111111111111111011101111110
111111111111111111111111111011101101100
111111111111111111111111111011101011010
111111111111111111111111111011101001000
111111111111111111111111111011100110110
111111111111111111111111111011100100100
111111111111111111111111111011100010010
111111111111111111111111111011100000000
111111111111111111111111111011011101110
111111111111111111111111111011011011100
111111111111111111111111111011011001010
111111111111111111111111111011010111000
111111111111111111111111111011010100110
111111111111111111111111111011010010100
111111111111111111111111111011010000010
111111111111111111111111111011001110000
111111111111111111111111111011001011110
111111111111111111111111111011001001100
111111111111111111111111111011000111010
111111111111111111111111111011000101000
111111111111111111111111111011000010110
111111111111111111111111111011000000100
111111111111111111111111111010111110010
111111111111111111111111111010111100000
111111111111111111111111111010111001110
111111111111111111111111111010110111100
111111111111111111111111111010110101010
111111111111111111111111111010110011000
111111111111111111111111111010110000110
111111111111111111111111111010101110100
111111111111111111111111111010101100010
111111111111111111111111111010101010000
111111111111111111111111111010100111110
111111111111111111111111111010100101100
111111111111111111111111111010100011010
111111111111111111111111111010100001000
111111111111111111111111111010011110110
111111111111111111111111111010011100100
111111111111111111111111111010011010010
111111111111111111111111111010011000000
111111111111111111111111111010010101110
111111111111111111111111111010010011100
111111111111111111111111111010010001010
111111111111111111111111111010001111000
111111111111111111111111111010001100110
111111111111111111111111111010001010100
111111111111111111111111111010001000010
111111111111111111111111111010000110000
111111111111111111111111111010000011110
111111111111111111111111111010000001100
111111111111111111111111111001111111010
111111111111111111111111111001111101000
111111111111111111111111111001111010110
111111111111111111111111111001111000100
111111111111111111111111111001110110010
111111111111111111111111111001110100000
111111111111111111111111111001110001110
111111111111111111111111111001101111100
111111111111111111111111111001101101010
111111111111111111111111111001101011000
111111111111111111111111111001101000110
111111111111111111111111111001100110100
111111111111111111111111111001100100010
111111111111111111111111111001100010000
111111111111111111111111111001011111110
111111111111111111111111111001011101100
111111111111111111111111111001011011010
111111111111111111111111111001011001000
111111111111111111111111111001010110110
111111111111111111111111111001010100100
111111111111111111111111111001010010010
111111111111111111111111111001010000000
111111111111111111111111111001001101110
111111111111111111111111111001001011100
111111111111111111111111111001001001010
111111111111111111111111111001000111000
111111111111111111111111111001000100110
111111111111111111111111111001000010100
111111111111111111111111111001000000010
111111111111111111111111111000111110000
111111111111111111111111111000111011110
111111111111111111111111111000111001100
111111111111111111111111111000110111010
111111111111111111111111111000110101000
111111111111111111111111111000110010110
111111111111111111111111111000110000100
111111111111111111111111111000101110010
111111111111111111111111111000101100000
111111111111111111111111111000101001110
111111111111111111111111111000100111100
111111111111111111111111111000100101010
111111111111111111111111111000100011000
111111111111111111111111111000100000110
111111111111111111111111111000011110100
111111111111111111111111111000011100010
111111111111111111111111111000011010000
111111111111111111111111111000010111110
111111111111111111111111111000010101100
111111111111111111111111111000010011010
111111111111111111111111111000010001000
111111111111111111111111111000001110110
111111111111111111111111111000001100100
111111111111111111111111111000001010010
111111111111111111111111111000001000000
111111111111111111111111111000000101110
111111111111111111111111111000000011100
111111111111111111111111111000000001010
111111111111111111111111110111111111000
111111111111111111111111110111111100110
111111111111111111111111110111111010100
111111111111111111111111110111111000010
111111111111111111111111110111110110000
111111111111111111111111110111110011110
111111111111111111111111110111110001100
111111111111111111111111110111101111010
111111111111111111111111110111101101000
111111111111111111111111110111101010110
111111111111111111111111110111101000100
111111111111111111111111110111100110010
111111111111111111111111110111100100000
111111111111111111111111110111100001110
111111111111111111111111110111011111100
111111111111111111111111110111011101010
111111111111111111111111110111011011000
111111111111111111111111110111011000110
111111111111111111111111110111010110100
111111111111111111111111110111010100010
111111111111111111111111110111010010000
111111111111111111111111110111001111110
111111111111111111111111110111001101100
111111111111111111111111110111001011010
111111111111111111111111110111001001000
111111111111111111111111110111000110110
111111111111111111111111110111000100100
111111111111111111111111110111000010010
