000000000000000000000000000000000000000
000000000000000000000000000000011011110
000000000000000000000000000000110111100
000000000000000000000000000001010011010
000000000000000000000000000001101111000
000000000000000000000000000010001010110
000000000000000000000000000010100110100
000000000000000000000000000011000010010
000000000000000000000000000011011110000
000000000000000000000000000011111001110
000000000000000000000000000100010101100
000000000000000000000000000100110001010
000000000000000000000000000101001101000
000000000000000000000000000101101000110
000000000000000000000000000110000100100
000000000000000000000000000110100000010
000000000000000000000000000110111100000
000000000000000000000000000111010111110
000000000000000000000000000111110011100
000000000000000000000000001000001111010
000000000000000000000000001000101011000
000000000000000000000000001001000110110
000000000000000000000000001001100010100
000000000000000000000000001001111110010
000000000000000000000000001010011010000
000000000000000000000000001010110101110
000000000000000000000000001011010001100
000000000000000000000000001011101101010
000000000000000000000000001100001001000
000000000000000000000000001100100100110
000000000000000000000000001101000000100
000000000000000000000000001101011100010
000000000000000000000000001101111000000
000000000000000000000000001110010011110
000000000000000000000000001110101111100
000000000000000000000000001111001011010
000000000000000000000000001111100111000
000000000000000000000000010000000010110
000000000000000000000000010000011110100
000000000000000000000000010000111010010
000000000000000000000000010001010110000
000000000000000000000000010001110001110
000000000000000000000000010010001101100
000000000000000000000000010010101001010
000000000000000000000000010011000101000
000000000000000000000000010011100000110
000000000000000000000000010011111100100
000000000000000000000000010100011000010
000000000000000000000000010100110100000
000000000000000000000000010101001111110
000000000000000000000000010101101011100
000000000000000000000000010110000111010
000000000000000000000000010110100011000
000000000000000000000000010110111110110
000000000000000000000000010111011010100
000000000000000000000000010111110110010
000000000000000000000000011000010010000
000000000000000000000000011000101101110
000000000000000000000000011001001001100
000000000000000000000000011001100101010
000000000000000000000000011010000001000
000000000000000000000000011010011100110
000000000000000000000000011010111000100
000000000000000000000000011011010100010
000000000000000000000000011011110000000
000000000000000000000000011100001011110
000000000000000000000000011100100111100
000000000000000000000000011101000011010
000000000000000000000000011101011111000
000000000000000000000000011101111010110
000000000000000000000000011110010110100
000000000000000000000000011110110010010
000000000000000000000000011111001110000
000000000000000000000000011111101001110
000000000000000000000000100000000101100
000000000000000000000000100000100001010
000000000000000000000000100000111101000
000000000000000000000000100001011000110
000000000000000000000000100001110100100
000000000000000000000000100010010000010
000000000000000000000000100010101100000
000000000000000000000000100011000111110
000000000000000000000000100011100011100
000000000000000000000000100011111111010
000000000000000000000000100100011011000
000000000000000000000000100100110110110
000000000000000000000000100101010010100
000000000000000000000000100101101110010
000000000000000000000000100110001010000
000000000000000000000000100110100101110
000000000000000000000000100111000001100
000000000000000000000000100111011101010
000000000000000000000000100111111001000
000000000000000000000000101000010100110
000000000000000000000000101000110000100
000000000000000000000000101001001100010
000000000000000000000000101001101000000
000000000000000000000000101010000011110
000000000000000000000000101010011111100
000000000000000000000000101010111011010
000000000000000000000000101011010111000
000000000000000000000000101011110010110
000000000000000000000000101100001110100
000000000000000000000000101100101010010
000000000000000000000000101101000110000
000000000000000000000000101101100001110
000000000000000000000000101101111101100
000000000000000000000000101110011001010
000000000000000000000000101110110101000
000000000000000000000000101111010000110
000000000000000000000000101111101100100
000000000000000000000000110000001000010
000000000000000000000000110000100100000
000000000000000000000000110000111111110
000000000000000000000000110001011011100
000000000000000000000000110001110111010
000000000000000000000000110010010011000
000000000000000000000000110010101110110
000000000000000000000000110011001010100
000000000000000000000000110011100110010
000000000000000000000000110100000010000
000000000000000000000000110100011101110
000000000000000000000000110100111001100
000000000000000000000000110101010101010
000000000000000000000000110101110001000
000000000000000000000000110110001100110
000000000000000000000000110110101000100
000000000000000000000000110111000100010
000000000000000000000000110111100000000
000000000000000000000000110111111011110
000000000000000000000000111000010111100
000000000000000000000000111000110011010
000000000000000000000000111001001111000
000000000000000000000000111001101010110
000000000000000000000000111010000110100
000000000000000000000000111010100010010
000000000000000000000000111010111110000
000000000000000000000000111011011001110
000000000000000000000000111011110101100
000000000000000000000000111100010001010
000000000000000000000000111100101101000
000000000000000000000000111101001000110
000000000000000000000000111101100100100
000000000000000000000000111110000000010
000000000000000000000000111110011100000
000000000000000000000000111110110111110
000000000000000000000000111111010011100
000000000000000000000000111111101111010
000000000000000000000001000000001011000
000000000000000000000001000000100110110
000000000000000000000001000001000010100
000000000000000000000001000001011110010
000000000000000000000001000001111010000
000000000000000000000001000010010101110
000000000000000000000001000010110001100
000000000000000000000001000011001101010
000000000000000000000001000011101001000
000000000000000000000001000100000100110
000000000000000000000001000100100000100
000000000000000000000001000100111100010
000000000000000000000001000101011000000
000000000000000000000001000101110011110
000000000000000000000001000110001111100
000000000000000000000001000110101011010
000000000000000000000001000111000111000
000000000000000000000001000111100010110
000000000000000000000001000111111110100
000000000000000000000001001000011010010
000000000000000000000001001000110110000
000000000000000000000001001001010001110
000000000000000000000001001001101101100
000000000000000000000001001010001001010
000000000000000000000001001010100101000
000000000000000000000001001011000000110
000000000000000000000001001011011100100
000000000000000000000001001011111000010
000000000000000000000001001100010100000
000000000000000000000001001100101111110
000000000000000000000001001101001011100
000000000000000000000001001101100111010
000000000000000000000001001110000011000
000000000000000000000001001110011110110
000000000000000000000001001110111010100
000000000000000000000001001111010110010
000000000000000000000001001111110010000
000000000000000000000001010000001101110
000000000000000000000001010000101001100
000000000000000000000001010001000101010
000000000000000000000001010001100001000
000000000000000000000001010001111100110
000000000000000000000001010010011000100
000000000000000000000001010010110100010
000000000000000000000001010011010000000
000000000000000000000001010011101011110
000000000000000000000001010100000111100
000000000000000000000001010100100011010
000000000000000000000001010100111111000
000000000000000000000001010101011010110
000000000000000000000001010101110110100
000000000000000000000001010110010010010
000000000000000000000001010110101110000
000000000000000000000001010111001001110
000000000000000000000001010111100101100
000000000000000000000001011000000001010
000000000000000000000001011000011101000
000000000000000000000001011000111000110
000000000000000000000001011001010100100
000000000000000000000001011001110000010
000000000000000000000001011010001100000
000000000000000000000001011010100111110
000000000000000000000001011011000011100
000000000000000000000001011011011111010
000000000000000000000001011011111011000
000000000000000000000001011100010110110
000000000000000000000001011100110010100
000000000000000000000001011101001110010
000000000000000000000001011101101010000
000000000000000000000001011110000101110
000000000000000000000001011110100001100
000000000000000000000001011110111101010
000000000000000000000001011111011001000
000000000000000000000001011111110100110
000000000000000000000001100000010000100
000000000000000000000001100000101100010
000000000000000000000001100001001000000
000000000000000000000001100001100011110
000000000000000000000001100001111111100
000000000000000000000001100010011011010
000000000000000000000001100010110111000
000000000000000000000001100011010010110
000000000000000000000001100011101110100
000000000000000000000001100100001010010
000000000000000000000001100100100110000
000000000000000000000001100101000001110
000000000000000000000001100101011101100
000000000000000000000001100101111001010
000000000000000000000001100110010101000
000000000000000000000001100110110000110
000000000000000000000001100111001100100
000000000000000000000001100111101000010
000000000000000000000001101000000100000
000000000000000000000001101000011111110
000000000000000000000001101000111011100
000000000000000000000001101001010111010
000000000000000000000001101001110011000
000000000000000000000001101010001110110
000000000000000000000001101010101010100
000000000000000000000001101011000110010
000000000000000000000001101011100010000
000000000000000000000001101011111101110
000000000000000000000001101100011001100
000000000000000000000001101100110101010
000000000000000000000001101101010001000
000000000000000000000001101101101100110
000000000000000000000001101110001000100
000000000000000000000001101110100100010
