000000000000000000000000000000000000000
000000000000000000000000000000000010010
000000000000000000000000000000000100100
000000000000000000000000000000000110110
000000000000000000000000000000001001000
000000000000000000000000000000001011010
000000000000000000000000000000001101100
000000000000000000000000000000001111110
000000000000000000000000000000010010000
000000000000000000000000000000010100010
000000000000000000000000000000010110100
000000000000000000000000000000011000110
000000000000000000000000000000011011000
000000000000000000000000000000011101010
000000000000000000000000000000011111100
000000000000000000000000000000100001110
000000000000000000000000000000100100000
000000000000000000000000000000100110010
000000000000000000000000000000101000100
000000000000000000000000000000101010110
000000000000000000000000000000101101000
000000000000000000000000000000101111010
000000000000000000000000000000110001100
000000000000000000000000000000110011110
000000000000000000000000000000110110000
000000000000000000000000000000111000010
000000000000000000000000000000111010100
000000000000000000000000000000111100110
000000000000000000000000000000111111000
000000000000000000000000000001000001010
000000000000000000000000000001000011100
000000000000000000000000000001000101110
000000000000000000000000000001001000000
000000000000000000000000000001001010010
000000000000000000000000000001001100100
000000000000000000000000000001001110110
000000000000000000000000000001010001000
000000000000000000000000000001010011010
000000000000000000000000000001010101100
000000000000000000000000000001010111110
000000000000000000000000000001011010000
000000000000000000000000000001011100010
000000000000000000000000000001011110100
000000000000000000000000000001100000110
000000000000000000000000000001100011000
000000000000000000000000000001100101010
000000000000000000000000000001100111100
000000000000000000000000000001101001110
000000000000000000000000000001101100000
000000000000000000000000000001101110010
000000000000000000000000000001110000100
000000000000000000000000000001110010110
000000000000000000000000000001110101000
000000000000000000000000000001110111010
000000000000000000000000000001111001100
000000000000000000000000000001111011110
000000000000000000000000000001111110000
000000000000000000000000000010000000010
000000000000000000000000000010000010100
000000000000000000000000000010000100110
000000000000000000000000000010000111000
000000000000000000000000000010001001010
000000000000000000000000000010001011100
000000000000000000000000000010001101110
000000000000000000000000000010010000000
000000000000000000000000000010010010010
000000000000000000000000000010010100100
000000000000000000000000000010010110110
000000000000000000000000000010011001000
000000000000000000000000000010011011010
000000000000000000000000000010011101100
000000000000000000000000000010011111110
000000000000000000000000000010100010000
000000000000000000000000000010100100010
000000000000000000000000000010100110100
000000000000000000000000000010101000110
000000000000000000000000000010101011000
000000000000000000000000000010101101010
000000000000000000000000000010101111100
000000000000000000000000000010110001110
000000000000000000000000000010110100000
000000000000000000000000000010110110010
000000000000000000000000000010111000100
000000000000000000000000000010111010110
000000000000000000000000000010111101000
000000000000000000000000000010111111010
000000000000000000000000000011000001100
000000000000000000000000000011000011110
000000000000000000000000000011000110000
000000000000000000000000000011001000010
000000000000000000000000000011001010100
000000000000000000000000000011001100110
000000000000000000000000000011001111000
000000000000000000000000000011010001010
000000000000000000000000000011010011100
000000000000000000000000000011010101110
000000000000000000000000000011011000000
000000000000000000000000000011011010010
000000000000000000000000000011011100100
000000000000000000000000000011011110110
000000000000000000000000000011100001000
000000000000000000000000000011100011010
000000000000000000000000000011100101100
000000000000000000000000000011100111110
000000000000000000000000000011101010000
000000000000000000000000000011101100010
000000000000000000000000000011101110100
000000000000000000000000000011110000110
000000000000000000000000000011110011000
000000000000000000000000000011110101010
000000000000000000000000000011110111100
000000000000000000000000000011111001110
000000000000000000000000000011111100000
000000000000000000000000000011111110010
000000000000000000000000000100000000100
000000000000000000000000000100000010110
000000000000000000000000000100000101000
000000000000000000000000000100000111010
000000000000000000000000000100001001100
000000000000000000000000000100001011110
000000000000000000000000000100001110000
000000000000000000000000000100010000010
000000000000000000000000000100010010100
000000000000000000000000000100010100110
000000000000000000000000000100010111000
000000000000000000000000000100011001010
000000000000000000000000000100011011100
000000000000000000000000000100011101110
000000000000000000000000000100100000000
000000000000000000000000000100100010010
000000000000000000000000000100100100100
000000000000000000000000000100100110110
000000000000000000000000000100101001000
000000000000000000000000000100101011010
000000000000000000000000000100101101100
000000000000000000000000000100101111110
000000000000000000000000000100110010000
000000000000000000000000000100110100010
000000000000000000000000000100110110100
000000000000000000000000000100111000110
000000000000000000000000000100111011000
000000000000000000000000000100111101010
000000000000000000000000000100111111100
000000000000000000000000000101000001110
000000000000000000000000000101000100000
000000000000000000000000000101000110010
000000000000000000000000000101001000100
000000000000000000000000000101001010110
000000000000000000000000000101001101000
000000000000000000000000000101001111010
000000000000000000000000000101010001100
000000000000000000000000000101010011110
000000000000000000000000000101010110000
000000000000000000000000000101011000010
000000000000000000000000000101011010100
000000000000000000000000000101011100110
000000000000000000000000000101011111000
000000000000000000000000000101100001010
000000000000000000000000000101100011100
000000000000000000000000000101100101110
000000000000000000000000000101101000000
000000000000000000000000000101101010010
000000000000000000000000000101101100100
000000000000000000000000000101101110110
000000000000000000000000000101110001000
000000000000000000000000000101110011010
000000000000000000000000000101110101100
000000000000000000000000000101110111110
000000000000000000000000000101111010000
000000000000000000000000000101111100010
000000000000000000000000000101111110100
000000000000000000000000000110000000110
000000000000000000000000000110000011000
000000000000000000000000000110000101010
000000000000000000000000000110000111100
000000000000000000000000000110001001110
000000000000000000000000000110001100000
000000000000000000000000000110001110010
000000000000000000000000000110010000100
000000000000000000000000000110010010110
000000000000000000000000000110010101000
000000000000000000000000000110010111010
000000000000000000000000000110011001100
000000000000000000000000000110011011110
000000000000000000000000000110011110000
000000000000000000000000000110100000010
000000000000000000000000000110100010100
000000000000000000000000000110100100110
000000000000000000000000000110100111000
000000000000000000000000000110101001010
000000000000000000000000000110101011100
000000000000000000000000000110101101110
000000000000000000000000000110110000000
000000000000000000000000000110110010010
000000000000000000000000000110110100100
000000000000000000000000000110110110110
000000000000000000000000000110111001000
000000000000000000000000000110111011010
000000000000000000000000000110111101100
000000000000000000000000000110111111110
000000000000000000000000000111000010000
000000000000000000000000000111000100010
000000000000000000000000000111000110100
000000000000000000000000000111001000110
000000000000000000000000000111001011000
000000000000000000000000000111001101010
000000000000000000000000000111001111100
000000000000000000000000000111010001110
000000000000000000000000000111010100000
000000000000000000000000000111010110010
000000000000000000000000000111011000100
000000000000000000000000000111011010110
000000000000000000000000000111011101000
000000000000000000000000000111011111010
000000000000000000000000000111100001100
000000000000000000000000000111100011110
000000000000000000000000000111100110000
000000000000000000000000000111101000010
000000000000000000000000000111101010100
000000000000000000000000000111101100110
000000000000000000000000000111101111000
000000000000000000000000000111110001010
000000000000000000000000000111110011100
000000000000000000000000000111110101110
000000000000000000000000000111111000000
000000000000000000000000000111111010010
000000000000000000000000000111111100100
000000000000000000000000000111111110110
000000000000000000000000001000000001000
000000000000000000000000001000000011010
000000000000000000000000001000000101100
000000000000000000000000001000000111110
000000000000000000000000001000001010000
000000000000000000000000001000001100010
000000000000000000000000001000001110100
000000000000000000000000001000010000110
000000000000000000000000001000010011000
000000000000000000000000001000010101010
000000000000000000000000001000010111100
000000000000000000000000001000011001110
000000000000000000000000001000011100000
000000000000000000000000001000011110010
000000000000000000000000001000100000100
000000000000000000000000001000100010110
000000000000000000000000001000100101000
000000000000000000000000001000100111010
000000000000000000000000001000101001100
000000000000000000000000001000101011110
000000000000000000000000001000101110000
000000000000000000000000001000110000010
000000000000000000000000001000110010100
000000000000000000000000001000110100110
000000000000000000000000001000110111000
000000000000000000000000001000111001010
000000000000000000000000001000111011100
000000000000000000000000001000111101110
