000000000000000000000000000000000000000
111111111111111111111111111111101100011
111111111111111111111111111111011000110
111111111111111111111111111111000101001
111111111111111111111111111110110001100
111111111111111111111111111110011101111
111111111111111111111111111110001010010
111111111111111111111111111101110110101
111111111111111111111111111101100011000
111111111111111111111111111101001111011
111111111111111111111111111100111011110
111111111111111111111111111100101000001
111111111111111111111111111100010100100
111111111111111111111111111100000000111
111111111111111111111111111011101101010
111111111111111111111111111011011001101
111111111111111111111111111011000110000
111111111111111111111111111010110010011
111111111111111111111111111010011110110
111111111111111111111111111010001011001
111111111111111111111111111001110111100
111111111111111111111111111001100011111
111111111111111111111111111001010000010
111111111111111111111111111000111100101
111111111111111111111111111000101001000
111111111111111111111111111000010101011
111111111111111111111111111000000001110
111111111111111111111111110111101110001
111111111111111111111111110111011010100
111111111111111111111111110111000110111
111111111111111111111111110110110011010
111111111111111111111111110110011111101
111111111111111111111111110110001100000
111111111111111111111111110101111000011
111111111111111111111111110101100100110
111111111111111111111111110101010001001
111111111111111111111111110100111101100
111111111111111111111111110100101001111
111111111111111111111111110100010110010
111111111111111111111111110100000010101
111111111111111111111111110011101111000
111111111111111111111111110011011011011
111111111111111111111111110011000111110
111111111111111111111111110010110100001
111111111111111111111111110010100000100
111111111111111111111111110010001100111
111111111111111111111111110001111001010
111111111111111111111111110001100101101
111111111111111111111111110001010010000
111111111111111111111111110000111110011
111111111111111111111111110000101010110
111111111111111111111111110000010111001
111111111111111111111111110000000011100
111111111111111111111111101111101111111
111111111111111111111111101111011100010
111111111111111111111111101111001000101
111111111111111111111111101110110101000
111111111111111111111111101110100001011
111111111111111111111111101110001101110
111111111111111111111111101101111010001
111111111111111111111111101101100110100
111111111111111111111111101101010010111
111111111111111111111111101100111111010
111111111111111111111111101100101011101
111111111111111111111111101100011000000
111111111111111111111111101100000100011
111111111111111111111111101011110000110
111111111111111111111111101011011101001
111111111111111111111111101011001001100
111111111111111111111111101010110101111
111111111111111111111111101010100010010
111111111111111111111111101010001110101
111111111111111111111111101001111011000
111111111111111111111111101001100111011
111111111111111111111111101001010011110
111111111111111111111111101001000000001
111111111111111111111111101000101100100
111111111111111111111111101000011000111
111111111111111111111111101000000101010
111111111111111111111111100111110001101
111111111111111111111111100111011110000
111111111111111111111111100111001010011
111111111111111111111111100110110110110
111111111111111111111111100110100011001
111111111111111111111111100110001111100
111111111111111111111111100101111011111
111111111111111111111111100101101000010
111111111111111111111111100101010100101
111111111111111111111111100101000001000
111111111111111111111111100100101101011
111111111111111111111111100100011001110
111111111111111111111111100100000110001
111111111111111111111111100011110010100
111111111111111111111111100011011110111
111111111111111111111111100011001011010
111111111111111111111111100010110111101
111111111111111111111111100010100100000
111111111111111111111111100010010000011
111111111111111111111111100001111100110
111111111111111111111111100001101001001
111111111111111111111111100001010101100
111111111111111111111111100001000001111
111111111111111111111111100000101110010
111111111111111111111111100000011010101
111111111111111111111111100000000111000
111111111111111111111111011111110011011
111111111111111111111111011111011111110
111111111111111111111111011111001100001
111111111111111111111111011110111000100
111111111111111111111111011110100100111
111111111111111111111111011110010001010
111111111111111111111111011101111101101
111111111111111111111111011101101010000
111111111111111111111111011101010110011
111111111111111111111111011101000010110
111111111111111111111111011100101111001
111111111111111111111111011100011011100
111111111111111111111111011100000111111
111111111111111111111111011011110100010
111111111111111111111111011011100000101
111111111111111111111111011011001101000
111111111111111111111111011010111001011
111111111111111111111111011010100101110
111111111111111111111111011010010010001
111111111111111111111111011001111110100
111111111111111111111111011001101010111
111111111111111111111111011001010111010
111111111111111111111111011001000011101
111111111111111111111111011000110000000
111111111111111111111111011000011100011
111111111111111111111111011000001000110
111111111111111111111111010111110101001
111111111111111111111111010111100001100
111111111111111111111111010111001101111
111111111111111111111111010110111010010
111111111111111111111111010110100110101
111111111111111111111111010110010011000
111111111111111111111111010101111111011
111111111111111111111111010101101011110
111111111111111111111111010101011000001
111111111111111111111111010101000100100
111111111111111111111111010100110000111
111111111111111111111111010100011101010
111111111111111111111111010100001001101
111111111111111111111111010011110110000
111111111111111111111111010011100010011
111111111111111111111111010011001110110
111111111111111111111111010010111011001
111111111111111111111111010010100111100
111111111111111111111111010010010011111
111111111111111111111111010010000000010
111111111111111111111111010001101100101
111111111111111111111111010001011001000
111111111111111111111111010001000101011
111111111111111111111111010000110001110
111111111111111111111111010000011110001
111111111111111111111111010000001010100
111111111111111111111111001111110110111
111111111111111111111111001111100011010
111111111111111111111111001111001111101
111111111111111111111111001110111100000
111111111111111111111111001110101000011
111111111111111111111111001110010100110
111111111111111111111111001110000001001
111111111111111111111111001101101101100
111111111111111111111111001101011001111
111111111111111111111111001101000110010
111111111111111111111111001100110010101
111111111111111111111111001100011111000
111111111111111111111111001100001011011
111111111111111111111111001011110111110
111111111111111111111111001011100100001
111111111111111111111111001011010000100
111111111111111111111111001010111100111
111111111111111111111111001010101001010
111111111111111111111111001010010101101
111111111111111111111111001010000010000
111111111111111111111111001001101110011
111111111111111111111111001001011010110
111111111111111111111111001001000111001
111111111111111111111111001000110011100
111111111111111111111111001000011111111
111111111111111111111111001000001100010
111111111111111111111111000111111000101
111111111111111111111111000111100101000
111111111111111111111111000111010001011
111111111111111111111111000110111101110
111111111111111111111111000110101010001
111111111111111111111111000110010110100
111111111111111111111111000110000010111
111111111111111111111111000101101111010
111111111111111111111111000101011011101
111111111111111111111111000101001000000
111111111111111111111111000100110100011
111111111111111111111111000100100000110
111111111111111111111111000100001101001
111111111111111111111111000011111001100
111111111111111111111111000011100101111
111111111111111111111111000011010010010
111111111111111111111111000010111110101
111111111111111111111111000010101011000
111111111111111111111111000010010111011
111111111111111111111111000010000011110
111111111111111111111111000001110000001
111111111111111111111111000001011100100
111111111111111111111111000001001000111
111111111111111111111111000000110101010
111111111111111111111111000000100001101
111111111111111111111111000000001110000
111111111111111111111110111111111010011
111111111111111111111110111111100110110
111111111111111111111110111111010011001
111111111111111111111110111110111111100
111111111111111111111110111110101011111
111111111111111111111110111110011000010
111111111111111111111110111110000100101
111111111111111111111110111101110001000
111111111111111111111110111101011101011
111111111111111111111110111101001001110
111111111111111111111110111100110110001
111111111111111111111110111100100010100
111111111111111111111110111100001110111
111111111111111111111110111011111011010
111111111111111111111110111011100111101
111111111111111111111110111011010100000
111111111111111111111110111011000000011
111111111111111111111110111010101100110
111111111111111111111110111010011001001
111111111111111111111110111010000101100
111111111111111111111110111001110001111
111111111111111111111110111001011110010
111111111111111111111110111001001010101
111111111111111111111110111000110111000
111111111111111111111110111000100011011
111111111111111111111110111000001111110
111111111111111111111110110111111100001
111111111111111111111110110111101000100
111111111111111111111110110111010100111
111111111111111111111110110111000001010
111111111111111111111110110110101101101
111111111111111111111110110110011010000
111111111111111111111110110110000110011
111111111111111111111110110101110010110
111111111111111111111110110101011111001
111111111111111111111110110101001011100
111111111111111111111110110100110111111
111111111111111111111110110100100100010
111111111111111111111110110100010000101
111111111111111111111110110011111101000
111111111111111111111110110011101001011
111111111111111111111110110011010101110
111111111111111111111110110011000010001
111111111111111111111110110010101110100
111111111111111111111110110010011010111
111111111111111111111110110010000111010
111111111111111111111110110001110011101
