000000000000000000000000000000000000000
111111111111111111111111111111101000011
111111111111111111111111111111010000110
111111111111111111111111111110111001001
111111111111111111111111111110100001100
111111111111111111111111111110001001111
111111111111111111111111111101110010010
111111111111111111111111111101011010101
111111111111111111111111111101000011000
111111111111111111111111111100101011011
111111111111111111111111111100010011110
111111111111111111111111111011111100001
111111111111111111111111111011100100100
111111111111111111111111111011001100111
111111111111111111111111111010110101010
111111111111111111111111111010011101101
111111111111111111111111111010000110000
111111111111111111111111111001101110011
111111111111111111111111111001010110110
111111111111111111111111111000111111001
111111111111111111111111111000100111100
111111111111111111111111111000001111111
111111111111111111111111110111111000010
111111111111111111111111110111100000101
111111111111111111111111110111001001000
111111111111111111111111110110110001011
111111111111111111111111110110011001110
111111111111111111111111110110000010001
111111111111111111111111110101101010100
111111111111111111111111110101010010111
111111111111111111111111110100111011010
111111111111111111111111110100100011101
111111111111111111111111110100001100000
111111111111111111111111110011110100011
111111111111111111111111110011011100110
111111111111111111111111110011000101001
111111111111111111111111110010101101100
111111111111111111111111110010010101111
111111111111111111111111110001111110010
111111111111111111111111110001100110101
111111111111111111111111110001001111000
111111111111111111111111110000110111011
111111111111111111111111110000011111110
111111111111111111111111110000001000001
111111111111111111111111101111110000100
111111111111111111111111101111011000111
111111111111111111111111101111000001010
111111111111111111111111101110101001101
111111111111111111111111101110010010000
111111111111111111111111101101111010011
111111111111111111111111101101100010110
111111111111111111111111101101001011001
111111111111111111111111101100110011100
111111111111111111111111101100011011111
111111111111111111111111101100000100010
111111111111111111111111101011101100101
111111111111111111111111101011010101000
111111111111111111111111101010111101011
111111111111111111111111101010100101110
111111111111111111111111101010001110001
111111111111111111111111101001110110100
111111111111111111111111101001011110111
111111111111111111111111101001000111010
111111111111111111111111101000101111101
111111111111111111111111101000011000000
111111111111111111111111101000000000011
111111111111111111111111100111101000110
111111111111111111111111100111010001001
111111111111111111111111100110111001100
111111111111111111111111100110100001111
111111111111111111111111100110001010010
111111111111111111111111100101110010101
111111111111111111111111100101011011000
111111111111111111111111100101000011011
111111111111111111111111100100101011110
111111111111111111111111100100010100001
111111111111111111111111100011111100100
111111111111111111111111100011100100111
111111111111111111111111100011001101010
111111111111111111111111100010110101101
111111111111111111111111100010011110000
111111111111111111111111100010000110011
111111111111111111111111100001101110110
111111111111111111111111100001010111001
111111111111111111111111100000111111100
111111111111111111111111100000100111111
111111111111111111111111100000010000010
111111111111111111111111011111111000101
111111111111111111111111011111100001000
111111111111111111111111011111001001011
111111111111111111111111011110110001110
111111111111111111111111011110011010001
111111111111111111111111011110000010100
111111111111111111111111011101101010111
111111111111111111111111011101010011010
111111111111111111111111011100111011101
111111111111111111111111011100100100000
111111111111111111111111011100001100011
111111111111111111111111011011110100110
111111111111111111111111011011011101001
111111111111111111111111011011000101100
111111111111111111111111011010101101111
111111111111111111111111011010010110010
111111111111111111111111011001111110101
111111111111111111111111011001100111000
111111111111111111111111011001001111011
111111111111111111111111011000110111110
111111111111111111111111011000100000001
111111111111111111111111011000001000100
111111111111111111111111010111110000111
111111111111111111111111010111011001010
111111111111111111111111010111000001101
111111111111111111111111010110101010000
111111111111111111111111010110010010011
111111111111111111111111010101111010110
111111111111111111111111010101100011001
111111111111111111111111010101001011100
111111111111111111111111010100110011111
111111111111111111111111010100011100010
111111111111111111111111010100000100101
111111111111111111111111010011101101000
111111111111111111111111010011010101011
111111111111111111111111010010111101110
111111111111111111111111010010100110001
111111111111111111111111010010001110100
111111111111111111111111010001110110111
111111111111111111111111010001011111010
111111111111111111111111010001000111101
111111111111111111111111010000110000000
111111111111111111111111010000011000011
111111111111111111111111010000000000110
111111111111111111111111001111101001001
111111111111111111111111001111010001100
111111111111111111111111001110111001111
111111111111111111111111001110100010010
111111111111111111111111001110001010101
111111111111111111111111001101110011000
111111111111111111111111001101011011011
111111111111111111111111001101000011110
111111111111111111111111001100101100001
111111111111111111111111001100010100100
111111111111111111111111001011111100111
111111111111111111111111001011100101010
111111111111111111111111001011001101101
111111111111111111111111001010110110000
111111111111111111111111001010011110011
111111111111111111111111001010000110110
111111111111111111111111001001101111001
111111111111111111111111001001010111100
111111111111111111111111001000111111111
111111111111111111111111001000101000010
111111111111111111111111001000010000101
111111111111111111111111000111111001000
111111111111111111111111000111100001011
111111111111111111111111000111001001110
111111111111111111111111000110110010001
111111111111111111111111000110011010100
111111111111111111111111000110000010111
111111111111111111111111000101101011010
111111111111111111111111000101010011101
111111111111111111111111000100111100000
111111111111111111111111000100100100011
111111111111111111111111000100001100110
111111111111111111111111000011110101001
111111111111111111111111000011011101100
111111111111111111111111000011000101111
111111111111111111111111000010101110010
111111111111111111111111000010010110101
111111111111111111111111000001111111000
111111111111111111111111000001100111011
111111111111111111111111000001001111110
111111111111111111111111000000111000001
111111111111111111111111000000100000100
111111111111111111111111000000001000111
111111111111111111111110111111110001010
111111111111111111111110111111011001101
111111111111111111111110111111000010000
111111111111111111111110111110101010011
111111111111111111111110111110010010110
111111111111111111111110111101111011001
111111111111111111111110111101100011100
111111111111111111111110111101001011111
111111111111111111111110111100110100010
111111111111111111111110111100011100101
111111111111111111111110111100000101000
111111111111111111111110111011101101011
111111111111111111111110111011010101110
111111111111111111111110111010111110001
111111111111111111111110111010100110100
111111111111111111111110111010001110111
111111111111111111111110111001110111010
111111111111111111111110111001011111101
111111111111111111111110111001001000000
111111111111111111111110111000110000011
111111111111111111111110111000011000110
111111111111111111111110111000000001001
111111111111111111111110110111101001100
111111111111111111111110110111010001111
111111111111111111111110110110111010010
111111111111111111111110110110100010101
111111111111111111111110110110001011000
111111111111111111111110110101110011011
111111111111111111111110110101011011110
111111111111111111111110110101000100001
111111111111111111111110110100101100100
111111111111111111111110110100010100111
111111111111111111111110110011111101010
111111111111111111111110110011100101101
111111111111111111111110110011001110000
111111111111111111111110110010110110011
111111111111111111111110110010011110110
111111111111111111111110110010000111001
111111111111111111111110110001101111100
111111111111111111111110110001010111111
111111111111111111111110110001000000010
111111111111111111111110110000101000101
111111111111111111111110110000010001000
111111111111111111111110101111111001011
111111111111111111111110101111100001110
111111111111111111111110101111001010001
111111111111111111111110101110110010100
111111111111111111111110101110011010111
111111111111111111111110101110000011010
111111111111111111111110101101101011101
111111111111111111111110101101010100000
111111111111111111111110101100111100011
111111111111111111111110101100100100110
111111111111111111111110101100001101001
111111111111111111111110101011110101100
111111111111111111111110101011011101111
111111111111111111111110101011000110010
111111111111111111111110101010101110101
111111111111111111111110101010010111000
111111111111111111111110101001111111011
111111111111111111111110101001100111110
111111111111111111111110101001010000001
111111111111111111111110101000111000100
111111111111111111111110101000100000111
111111111111111111111110101000001001010
111111111111111111111110100111110001101
111111111111111111111110100111011010000
111111111111111111111110100111000010011
111111111111111111111110100110101010110
111111111111111111111110100110010011001
111111111111111111111110100101111011100
111111111111111111111110100101100011111
111111111111111111111110100101001100010
111111111111111111111110100100110100101
111111111111111111111110100100011101000
111111111111111111111110100100000101011
111111111111111111111110100011101101110
111111111111111111111110100011010110001
111111111111111111111110100010111110100
111111111111111111111110100010100110111
111111111111111111111110100010001111010
111111111111111111111110100001110111101
