000000000000000000000000000000000000000
111111111111111111111111111111110011100
111111111111111111111111111111100111000
111111111111111111111111111111011010100
111111111111111111111111111111001110000
111111111111111111111111111111000001100
111111111111111111111111111110110101000
111111111111111111111111111110101000100
111111111111111111111111111110011100000
111111111111111111111111111110001111100
111111111111111111111111111110000011000
111111111111111111111111111101110110100
111111111111111111111111111101101010000
111111111111111111111111111101011101100
111111111111111111111111111101010001000
111111111111111111111111111101000100100
111111111111111111111111111100111000000
111111111111111111111111111100101011100
111111111111111111111111111100011111000
111111111111111111111111111100010010100
111111111111111111111111111100000110000
111111111111111111111111111011111001100
111111111111111111111111111011101101000
111111111111111111111111111011100000100
111111111111111111111111111011010100000
111111111111111111111111111011000111100
111111111111111111111111111010111011000
111111111111111111111111111010101110100
111111111111111111111111111010100010000
111111111111111111111111111010010101100
111111111111111111111111111010001001000
111111111111111111111111111001111100100
111111111111111111111111111001110000000
111111111111111111111111111001100011100
111111111111111111111111111001010111000
111111111111111111111111111001001010100
111111111111111111111111111000111110000
111111111111111111111111111000110001100
111111111111111111111111111000100101000
111111111111111111111111111000011000100
111111111111111111111111111000001100000
111111111111111111111111110111111111100
111111111111111111111111110111110011000
111111111111111111111111110111100110100
111111111111111111111111110111011010000
111111111111111111111111110111001101100
111111111111111111111111110111000001000
111111111111111111111111110110110100100
111111111111111111111111110110101000000
111111111111111111111111110110011011100
111111111111111111111111110110001111000
111111111111111111111111110110000010100
111111111111111111111111110101110110000
111111111111111111111111110101101001100
111111111111111111111111110101011101000
111111111111111111111111110101010000100
111111111111111111111111110101000100000
111111111111111111111111110100110111100
111111111111111111111111110100101011000
111111111111111111111111110100011110100
111111111111111111111111110100010010000
111111111111111111111111110100000101100
111111111111111111111111110011111001000
111111111111111111111111110011101100100
111111111111111111111111110011100000000
111111111111111111111111110011010011100
111111111111111111111111110011000111000
111111111111111111111111110010111010100
111111111111111111111111110010101110000
111111111111111111111111110010100001100
111111111111111111111111110010010101000
111111111111111111111111110010001000100
111111111111111111111111110001111100000
111111111111111111111111110001101111100
111111111111111111111111110001100011000
111111111111111111111111110001010110100
111111111111111111111111110001001010000
111111111111111111111111110000111101100
111111111111111111111111110000110001000
111111111111111111111111110000100100100
111111111111111111111111110000011000000
111111111111111111111111110000001011100
111111111111111111111111101111111111000
111111111111111111111111101111110010100
111111111111111111111111101111100110000
111111111111111111111111101111011001100
111111111111111111111111101111001101000
111111111111111111111111101111000000100
111111111111111111111111101110110100000
111111111111111111111111101110100111100
111111111111111111111111101110011011000
111111111111111111111111101110001110100
111111111111111111111111101110000010000
111111111111111111111111101101110101100
111111111111111111111111101101101001000
111111111111111111111111101101011100100
111111111111111111111111101101010000000
111111111111111111111111101101000011100
111111111111111111111111101100110111000
111111111111111111111111101100101010100
111111111111111111111111101100011110000
111111111111111111111111101100010001100
111111111111111111111111101100000101000
111111111111111111111111101011111000100
111111111111111111111111101011101100000
111111111111111111111111101011011111100
111111111111111111111111101011010011000
111111111111111111111111101011000110100
111111111111111111111111101010111010000
111111111111111111111111101010101101100
111111111111111111111111101010100001000
111111111111111111111111101010010100100
111111111111111111111111101010001000000
111111111111111111111111101001111011100
111111111111111111111111101001101111000
111111111111111111111111101001100010100
111111111111111111111111101001010110000
111111111111111111111111101001001001100
111111111111111111111111101000111101000
111111111111111111111111101000110000100
111111111111111111111111101000100100000
111111111111111111111111101000010111100
111111111111111111111111101000001011000
111111111111111111111111100111111110100
111111111111111111111111100111110010000
111111111111111111111111100111100101100
111111111111111111111111100111011001000
111111111111111111111111100111001100100
111111111111111111111111100111000000000
111111111111111111111111100110110011100
111111111111111111111111100110100111000
111111111111111111111111100110011010100
111111111111111111111111100110001110000
111111111111111111111111100110000001100
111111111111111111111111100101110101000
111111111111111111111111100101101000100
111111111111111111111111100101011100000
111111111111111111111111100101001111100
111111111111111111111111100101000011000
111111111111111111111111100100110110100
111111111111111111111111100100101010000
111111111111111111111111100100011101100
111111111111111111111111100100010001000
111111111111111111111111100100000100100
111111111111111111111111100011111000000
111111111111111111111111100011101011100
111111111111111111111111100011011111000
111111111111111111111111100011010010100
111111111111111111111111100011000110000
111111111111111111111111100010111001100
111111111111111111111111100010101101000
111111111111111111111111100010100000100
111111111111111111111111100010010100000
111111111111111111111111100010000111100
111111111111111111111111100001111011000
111111111111111111111111100001101110100
111111111111111111111111100001100010000
111111111111111111111111100001010101100
111111111111111111111111100001001001000
111111111111111111111111100000111100100
111111111111111111111111100000110000000
111111111111111111111111100000100011100
111111111111111111111111100000010111000
111111111111111111111111100000001010100
111111111111111111111111011111111110000
111111111111111111111111011111110001100
111111111111111111111111011111100101000
111111111111111111111111011111011000100
111111111111111111111111011111001100000
111111111111111111111111011110111111100
111111111111111111111111011110110011000
111111111111111111111111011110100110100
111111111111111111111111011110011010000
111111111111111111111111011110001101100
111111111111111111111111011110000001000
111111111111111111111111011101110100100
111111111111111111111111011101101000000
111111111111111111111111011101011011100
111111111111111111111111011101001111000
111111111111111111111111011101000010100
111111111111111111111111011100110110000
111111111111111111111111011100101001100
111111111111111111111111011100011101000
111111111111111111111111011100010000100
111111111111111111111111011100000100000
111111111111111111111111011011110111100
111111111111111111111111011011101011000
111111111111111111111111011011011110100
111111111111111111111111011011010010000
111111111111111111111111011011000101100
111111111111111111111111011010111001000
111111111111111111111111011010101100100
111111111111111111111111011010100000000
111111111111111111111111011010010011100
111111111111111111111111011010000111000
111111111111111111111111011001111010100
111111111111111111111111011001101110000
111111111111111111111111011001100001100
111111111111111111111111011001010101000
111111111111111111111111011001001000100
111111111111111111111111011000111100000
111111111111111111111111011000101111100
111111111111111111111111011000100011000
111111111111111111111111011000010110100
111111111111111111111111011000001010000
111111111111111111111111010111111101100
111111111111111111111111010111110001000
111111111111111111111111010111100100100
111111111111111111111111010111011000000
111111111111111111111111010111001011100
111111111111111111111111010110111111000
111111111111111111111111010110110010100
111111111111111111111111010110100110000
111111111111111111111111010110011001100
111111111111111111111111010110001101000
111111111111111111111111010110000000100
111111111111111111111111010101110100000
111111111111111111111111010101100111100
111111111111111111111111010101011011000
111111111111111111111111010101001110100
111111111111111111111111010101000010000
111111111111111111111111010100110101100
111111111111111111111111010100101001000
111111111111111111111111010100011100100
111111111111111111111111010100010000000
111111111111111111111111010100000011100
111111111111111111111111010011110111000
111111111111111111111111010011101010100
111111111111111111111111010011011110000
111111111111111111111111010011010001100
111111111111111111111111010011000101000
111111111111111111111111010010111000100
111111111111111111111111010010101100000
111111111111111111111111010010011111100
111111111111111111111111010010010011000
111111111111111111111111010010000110100
111111111111111111111111010001111010000
111111111111111111111111010001101101100
111111111111111111111111010001100001000
111111111111111111111111010001010100100
111111111111111111111111010001001000000
111111111111111111111111010000111011100
111111111111111111111111010000101111000
111111111111111111111111010000100010100
111111111111111111111111010000010110000
111111111111111111111111010000001001100
111111111111111111111111001111111101000
111111111111111111111111001111110000100
111111111111111111111111001111100100000
111111111111111111111111001111010111100
111111111111111111111111001111001011000
111111111111111111111111001110111110100
111111111111111111111111001110110010000
111111111111111111111111001110100101100
111111111111111111111111001110011001000
111111111111111111111111001110001100100
