000000000000000000000000000000000000000
111111111111111111111111111111110100110
111111111111111111111111111111101001100
111111111111111111111111111111011110010
111111111111111111111111111111010011000
111111111111111111111111111111000111110
111111111111111111111111111110111100100
111111111111111111111111111110110001010
111111111111111111111111111110100110000
111111111111111111111111111110011010110
111111111111111111111111111110001111100
111111111111111111111111111110000100010
111111111111111111111111111101111001000
111111111111111111111111111101101101110
111111111111111111111111111101100010100
111111111111111111111111111101010111010
111111111111111111111111111101001100000
111111111111111111111111111101000000110
111111111111111111111111111100110101100
111111111111111111111111111100101010010
111111111111111111111111111100011111000
111111111111111111111111111100010011110
111111111111111111111111111100001000100
111111111111111111111111111011111101010
111111111111111111111111111011110010000
111111111111111111111111111011100110110
111111111111111111111111111011011011100
111111111111111111111111111011010000010
111111111111111111111111111011000101000
111111111111111111111111111010111001110
111111111111111111111111111010101110100
111111111111111111111111111010100011010
111111111111111111111111111010011000000
111111111111111111111111111010001100110
111111111111111111111111111010000001100
111111111111111111111111111001110110010
111111111111111111111111111001101011000
111111111111111111111111111001011111110
111111111111111111111111111001010100100
111111111111111111111111111001001001010
111111111111111111111111111000111110000
111111111111111111111111111000110010110
111111111111111111111111111000100111100
111111111111111111111111111000011100010
111111111111111111111111111000010001000
111111111111111111111111111000000101110
111111111111111111111111110111111010100
111111111111111111111111110111101111010
111111111111111111111111110111100100000
111111111111111111111111110111011000110
111111111111111111111111110111001101100
111111111111111111111111110111000010010
111111111111111111111111110110110111000
111111111111111111111111110110101011110
111111111111111111111111110110100000100
111111111111111111111111110110010101010
111111111111111111111111110110001010000
111111111111111111111111110101111110110
111111111111111111111111110101110011100
111111111111111111111111110101101000010
111111111111111111111111110101011101000
111111111111111111111111110101010001110
111111111111111111111111110101000110100
111111111111111111111111110100111011010
111111111111111111111111110100110000000
111111111111111111111111110100100100110
111111111111111111111111110100011001100
111111111111111111111111110100001110010
111111111111111111111111110100000011000
111111111111111111111111110011110111110
111111111111111111111111110011101100100
111111111111111111111111110011100001010
111111111111111111111111110011010110000
111111111111111111111111110011001010110
111111111111111111111111110010111111100
111111111111111111111111110010110100010
111111111111111111111111110010101001000
111111111111111111111111110010011101110
111111111111111111111111110010010010100
111111111111111111111111110010000111010
111111111111111111111111110001111100000
111111111111111111111111110001110000110
111111111111111111111111110001100101100
111111111111111111111111110001011010010
111111111111111111111111110001001111000
111111111111111111111111110001000011110
111111111111111111111111110000111000100
111111111111111111111111110000101101010
111111111111111111111111110000100010000
111111111111111111111111110000010110110
111111111111111111111111110000001011100
111111111111111111111111110000000000010
111111111111111111111111101111110101000
111111111111111111111111101111101001110
111111111111111111111111101111011110100
111111111111111111111111101111010011010
111111111111111111111111101111001000000
111111111111111111111111101110111100110
111111111111111111111111101110110001100
111111111111111111111111101110100110010
111111111111111111111111101110011011000
111111111111111111111111101110001111110
111111111111111111111111101110000100100
111111111111111111111111101101111001010
111111111111111111111111101101101110000
111111111111111111111111101101100010110
111111111111111111111111101101010111100
111111111111111111111111101101001100010
111111111111111111111111101101000001000
111111111111111111111111101100110101110
111111111111111111111111101100101010100
111111111111111111111111101100011111010
111111111111111111111111101100010100000
111111111111111111111111101100001000110
111111111111111111111111101011111101100
111111111111111111111111101011110010010
111111111111111111111111101011100111000
111111111111111111111111101011011011110
111111111111111111111111101011010000100
111111111111111111111111101011000101010
111111111111111111111111101010111010000
111111111111111111111111101010101110110
111111111111111111111111101010100011100
111111111111111111111111101010011000010
111111111111111111111111101010001101000
111111111111111111111111101010000001110
111111111111111111111111101001110110100
111111111111111111111111101001101011010
111111111111111111111111101001100000000
111111111111111111111111101001010100110
111111111111111111111111101001001001100
111111111111111111111111101000111110010
111111111111111111111111101000110011000
111111111111111111111111101000100111110
111111111111111111111111101000011100100
111111111111111111111111101000010001010
111111111111111111111111101000000110000
111111111111111111111111100111111010110
111111111111111111111111100111101111100
111111111111111111111111100111100100010
111111111111111111111111100111011001000
111111111111111111111111100111001101110
111111111111111111111111100111000010100
111111111111111111111111100110110111010
111111111111111111111111100110101100000
111111111111111111111111100110100000110
111111111111111111111111100110010101100
111111111111111111111111100110001010010
111111111111111111111111100101111111000
111111111111111111111111100101110011110
111111111111111111111111100101101000100
111111111111111111111111100101011101010
111111111111111111111111100101010010000
111111111111111111111111100101000110110
111111111111111111111111100100111011100
111111111111111111111111100100110000010
111111111111111111111111100100100101000
111111111111111111111111100100011001110
111111111111111111111111100100001110100
111111111111111111111111100100000011010
111111111111111111111111100011111000000
111111111111111111111111100011101100110
111111111111111111111111100011100001100
111111111111111111111111100011010110010
111111111111111111111111100011001011000
111111111111111111111111100010111111110
111111111111111111111111100010110100100
111111111111111111111111100010101001010
111111111111111111111111100010011110000
111111111111111111111111100010010010110
111111111111111111111111100010000111100
111111111111111111111111100001111100010
111111111111111111111111100001110001000
111111111111111111111111100001100101110
111111111111111111111111100001011010100
111111111111111111111111100001001111010
111111111111111111111111100001000100000
111111111111111111111111100000111000110
111111111111111111111111100000101101100
111111111111111111111111100000100010010
111111111111111111111111100000010111000
111111111111111111111111100000001011110
111111111111111111111111100000000000100
111111111111111111111111011111110101010
111111111111111111111111011111101010000
111111111111111111111111011111011110110
111111111111111111111111011111010011100
111111111111111111111111011111001000010
111111111111111111111111011110111101000
111111111111111111111111011110110001110
111111111111111111111111011110100110100
111111111111111111111111011110011011010
111111111111111111111111011110010000000
111111111111111111111111011110000100110
111111111111111111111111011101111001100
111111111111111111111111011101101110010
111111111111111111111111011101100011000
111111111111111111111111011101010111110
111111111111111111111111011101001100100
111111111111111111111111011101000001010
111111111111111111111111011100110110000
111111111111111111111111011100101010110
111111111111111111111111011100011111100
111111111111111111111111011100010100010
111111111111111111111111011100001001000
111111111111111111111111011011111101110
111111111111111111111111011011110010100
111111111111111111111111011011100111010
111111111111111111111111011011011100000
111111111111111111111111011011010000110
111111111111111111111111011011000101100
111111111111111111111111011010111010010
111111111111111111111111011010101111000
111111111111111111111111011010100011110
111111111111111111111111011010011000100
111111111111111111111111011010001101010
111111111111111111111111011010000010000
111111111111111111111111011001110110110
111111111111111111111111011001101011100
111111111111111111111111011001100000010
111111111111111111111111011001010101000
111111111111111111111111011001001001110
111111111111111111111111011000111110100
111111111111111111111111011000110011010
111111111111111111111111011000101000000
111111111111111111111111011000011100110
111111111111111111111111011000010001100
111111111111111111111111011000000110010
111111111111111111111111010111111011000
111111111111111111111111010111101111110
111111111111111111111111010111100100100
111111111111111111111111010111011001010
111111111111111111111111010111001110000
111111111111111111111111010111000010110
111111111111111111111111010110110111100
111111111111111111111111010110101100010
111111111111111111111111010110100001000
111111111111111111111111010110010101110
111111111111111111111111010110001010100
111111111111111111111111010101111111010
111111111111111111111111010101110100000
111111111111111111111111010101101000110
111111111111111111111111010101011101100
111111111111111111111111010101010010010
111111111111111111111111010101000111000
111111111111111111111111010100111011110
111111111111111111111111010100110000100
111111111111111111111111010100100101010
111111111111111111111111010100011010000
111111111111111111111111010100001110110
111111111111111111111111010100000011100
111111111111111111111111010011111000010
111111111111111111111111010011101101000
111111111111111111111111010011100001110
111111111111111111111111010011010110100
111111111111111111111111010011001011010
