000000000000000000000000000000000000000
000000000000000000000000000000011100100
000000000000000000000000000000111001000
000000000000000000000000000001010101100
000000000000000000000000000001110010000
000000000000000000000000000010001110100
000000000000000000000000000010101011000
000000000000000000000000000011000111100
000000000000000000000000000011100100000
000000000000000000000000000100000000100
000000000000000000000000000100011101000
000000000000000000000000000100111001100
000000000000000000000000000101010110000
000000000000000000000000000101110010100
000000000000000000000000000110001111000
000000000000000000000000000110101011100
000000000000000000000000000111001000000
000000000000000000000000000111100100100
000000000000000000000000001000000001000
000000000000000000000000001000011101100
000000000000000000000000001000111010000
000000000000000000000000001001010110100
000000000000000000000000001001110011000
000000000000000000000000001010001111100
000000000000000000000000001010101100000
000000000000000000000000001011001000100
000000000000000000000000001011100101000
000000000000000000000000001100000001100
000000000000000000000000001100011110000
000000000000000000000000001100111010100
000000000000000000000000001101010111000
000000000000000000000000001101110011100
000000000000000000000000001110010000000
000000000000000000000000001110101100100
000000000000000000000000001111001001000
000000000000000000000000001111100101100
000000000000000000000000010000000010000
000000000000000000000000010000011110100
000000000000000000000000010000111011000
000000000000000000000000010001010111100
000000000000000000000000010001110100000
000000000000000000000000010010010000100
000000000000000000000000010010101101000
000000000000000000000000010011001001100
000000000000000000000000010011100110000
000000000000000000000000010100000010100
000000000000000000000000010100011111000
000000000000000000000000010100111011100
000000000000000000000000010101011000000
000000000000000000000000010101110100100
000000000000000000000000010110010001000
000000000000000000000000010110101101100
000000000000000000000000010111001010000
000000000000000000000000010111100110100
000000000000000000000000011000000011000
000000000000000000000000011000011111100
000000000000000000000000011000111100000
000000000000000000000000011001011000100
000000000000000000000000011001110101000
000000000000000000000000011010010001100
000000000000000000000000011010101110000
000000000000000000000000011011001010100
000000000000000000000000011011100111000
000000000000000000000000011100000011100
000000000000000000000000011100100000000
000000000000000000000000011100111100100
000000000000000000000000011101011001000
000000000000000000000000011101110101100
000000000000000000000000011110010010000
000000000000000000000000011110101110100
000000000000000000000000011111001011000
000000000000000000000000011111100111100
000000000000000000000000100000000100000
000000000000000000000000100000100000100
000000000000000000000000100000111101000
000000000000000000000000100001011001100
000000000000000000000000100001110110000
000000000000000000000000100010010010100
000000000000000000000000100010101111000
000000000000000000000000100011001011100
000000000000000000000000100011101000000
000000000000000000000000100100000100100
000000000000000000000000100100100001000
000000000000000000000000100100111101100
000000000000000000000000100101011010000
000000000000000000000000100101110110100
000000000000000000000000100110010011000
000000000000000000000000100110101111100
000000000000000000000000100111001100000
000000000000000000000000100111101000100
000000000000000000000000101000000101000
000000000000000000000000101000100001100
000000000000000000000000101000111110000
000000000000000000000000101001011010100
000000000000000000000000101001110111000
000000000000000000000000101010010011100
000000000000000000000000101010110000000
000000000000000000000000101011001100100
000000000000000000000000101011101001000
000000000000000000000000101100000101100
000000000000000000000000101100100010000
000000000000000000000000101100111110100
000000000000000000000000101101011011000
000000000000000000000000101101110111100
000000000000000000000000101110010100000
000000000000000000000000101110110000100
000000000000000000000000101111001101000
000000000000000000000000101111101001100
000000000000000000000000110000000110000
000000000000000000000000110000100010100
000000000000000000000000110000111111000
000000000000000000000000110001011011100
000000000000000000000000110001111000000
000000000000000000000000110010010100100
000000000000000000000000110010110001000
000000000000000000000000110011001101100
000000000000000000000000110011101010000
000000000000000000000000110100000110100
000000000000000000000000110100100011000
000000000000000000000000110100111111100
000000000000000000000000110101011100000
000000000000000000000000110101111000100
000000000000000000000000110110010101000
000000000000000000000000110110110001100
000000000000000000000000110111001110000
000000000000000000000000110111101010100
000000000000000000000000111000000111000
000000000000000000000000111000100011100
000000000000000000000000111001000000000
000000000000000000000000111001011100100
000000000000000000000000111001111001000
000000000000000000000000111010010101100
000000000000000000000000111010110010000
000000000000000000000000111011001110100
000000000000000000000000111011101011000
000000000000000000000000111100000111100
000000000000000000000000111100100100000
000000000000000000000000111101000000100
000000000000000000000000111101011101000
000000000000000000000000111101111001100
000000000000000000000000111110010110000
000000000000000000000000111110110010100
000000000000000000000000111111001111000
000000000000000000000000111111101011100
000000000000000000000001000000001000000
000000000000000000000001000000100100100
000000000000000000000001000001000001000
000000000000000000000001000001011101100
000000000000000000000001000001111010000
000000000000000000000001000010010110100
000000000000000000000001000010110011000
000000000000000000000001000011001111100
000000000000000000000001000011101100000
000000000000000000000001000100001000100
000000000000000000000001000100100101000
000000000000000000000001000101000001100
000000000000000000000001000101011110000
000000000000000000000001000101111010100
000000000000000000000001000110010111000
000000000000000000000001000110110011100
000000000000000000000001000111010000000
000000000000000000000001000111101100100
000000000000000000000001001000001001000
000000000000000000000001001000100101100
000000000000000000000001001001000010000
000000000000000000000001001001011110100
000000000000000000000001001001111011000
000000000000000000000001001010010111100
000000000000000000000001001010110100000
000000000000000000000001001011010000100
000000000000000000000001001011101101000
000000000000000000000001001100001001100
000000000000000000000001001100100110000
000000000000000000000001001101000010100
000000000000000000000001001101011111000
000000000000000000000001001101111011100
000000000000000000000001001110011000000
000000000000000000000001001110110100100
000000000000000000000001001111010001000
000000000000000000000001001111101101100
000000000000000000000001010000001010000
000000000000000000000001010000100110100
000000000000000000000001010001000011000
000000000000000000000001010001011111100
000000000000000000000001010001111100000
000000000000000000000001010010011000100
000000000000000000000001010010110101000
000000000000000000000001010011010001100
000000000000000000000001010011101110000
000000000000000000000001010100001010100
000000000000000000000001010100100111000
000000000000000000000001010101000011100
000000000000000000000001010101100000000
000000000000000000000001010101111100100
000000000000000000000001010110011001000
000000000000000000000001010110110101100
000000000000000000000001010111010010000
000000000000000000000001010111101110100
000000000000000000000001011000001011000
000000000000000000000001011000100111100
000000000000000000000001011001000100000
000000000000000000000001011001100000100
000000000000000000000001011001111101000
000000000000000000000001011010011001100
000000000000000000000001011010110110000
000000000000000000000001011011010010100
000000000000000000000001011011101111000
000000000000000000000001011100001011100
000000000000000000000001011100101000000
000000000000000000000001011101000100100
000000000000000000000001011101100001000
000000000000000000000001011101111101100
000000000000000000000001011110011010000
000000000000000000000001011110110110100
000000000000000000000001011111010011000
000000000000000000000001011111101111100
000000000000000000000001100000001100000
000000000000000000000001100000101000100
000000000000000000000001100001000101000
000000000000000000000001100001100001100
000000000000000000000001100001111110000
000000000000000000000001100010011010100
000000000000000000000001100010110111000
000000000000000000000001100011010011100
000000000000000000000001100011110000000
000000000000000000000001100100001100100
000000000000000000000001100100101001000
000000000000000000000001100101000101100
000000000000000000000001100101100010000
000000000000000000000001100101111110100
000000000000000000000001100110011011000
000000000000000000000001100110110111100
000000000000000000000001100111010100000
000000000000000000000001100111110000100
000000000000000000000001101000001101000
000000000000000000000001101000101001100
000000000000000000000001101001000110000
000000000000000000000001101001100010100
000000000000000000000001101001111111000
000000000000000000000001101010011011100
000000000000000000000001101010111000000
000000000000000000000001101011010100100
000000000000000000000001101011110001000
000000000000000000000001101100001101100
000000000000000000000001101100101010000
000000000000000000000001101101000110100
000000000000000000000001101101100011000
000000000000000000000001101101111111100
000000000000000000000001101110011100000
000000000000000000000001101110111000100
000000000000000000000001101111010101000
000000000000000000000001101111110001100
000000000000000000000001110000001110000
000000000000000000000001110000101010100
000000000000000000000001110001000111000
000000000000000000000001110001100011100
