000000000000000000000000000000000000000
000000000000000000000000000000011001100
000000000000000000000000000000110011000
000000000000000000000000000001001100100
000000000000000000000000000001100110000
000000000000000000000000000001111111100
000000000000000000000000000010011001000
000000000000000000000000000010110010100
000000000000000000000000000011001100000
000000000000000000000000000011100101100
000000000000000000000000000011111111000
000000000000000000000000000100011000100
000000000000000000000000000100110010000
000000000000000000000000000101001011100
000000000000000000000000000101100101000
000000000000000000000000000101111110100
000000000000000000000000000110011000000
000000000000000000000000000110110001100
000000000000000000000000000111001011000
000000000000000000000000000111100100100
000000000000000000000000000111111110000
000000000000000000000000001000010111100
000000000000000000000000001000110001000
000000000000000000000000001001001010100
000000000000000000000000001001100100000
000000000000000000000000001001111101100
000000000000000000000000001010010111000
000000000000000000000000001010110000100
000000000000000000000000001011001010000
000000000000000000000000001011100011100
000000000000000000000000001011111101000
000000000000000000000000001100010110100
000000000000000000000000001100110000000
000000000000000000000000001101001001100
000000000000000000000000001101100011000
000000000000000000000000001101111100100
000000000000000000000000001110010110000
000000000000000000000000001110101111100
000000000000000000000000001111001001000
000000000000000000000000001111100010100
000000000000000000000000001111111100000
000000000000000000000000010000010101100
000000000000000000000000010000101111000
000000000000000000000000010001001000100
000000000000000000000000010001100010000
000000000000000000000000010001111011100
000000000000000000000000010010010101000
000000000000000000000000010010101110100
000000000000000000000000010011001000000
000000000000000000000000010011100001100
000000000000000000000000010011111011000
000000000000000000000000010100010100100
000000000000000000000000010100101110000
000000000000000000000000010101000111100
000000000000000000000000010101100001000
000000000000000000000000010101111010100
000000000000000000000000010110010100000
000000000000000000000000010110101101100
000000000000000000000000010111000111000
000000000000000000000000010111100000100
000000000000000000000000010111111010000
000000000000000000000000011000010011100
000000000000000000000000011000101101000
000000000000000000000000011001000110100
000000000000000000000000011001100000000
000000000000000000000000011001111001100
000000000000000000000000011010010011000
000000000000000000000000011010101100100
000000000000000000000000011011000110000
000000000000000000000000011011011111100
000000000000000000000000011011111001000
000000000000000000000000011100010010100
000000000000000000000000011100101100000
000000000000000000000000011101000101100
000000000000000000000000011101011111000
000000000000000000000000011101111000100
000000000000000000000000011110010010000
000000000000000000000000011110101011100
000000000000000000000000011111000101000
000000000000000000000000011111011110100
000000000000000000000000011111111000000
000000000000000000000000100000010001100
000000000000000000000000100000101011000
000000000000000000000000100001000100100
000000000000000000000000100001011110000
000000000000000000000000100001110111100
000000000000000000000000100010010001000
000000000000000000000000100010101010100
000000000000000000000000100011000100000
000000000000000000000000100011011101100
000000000000000000000000100011110111000
000000000000000000000000100100010000100
000000000000000000000000100100101010000
000000000000000000000000100101000011100
000000000000000000000000100101011101000
000000000000000000000000100101110110100
000000000000000000000000100110010000000
000000000000000000000000100110101001100
000000000000000000000000100111000011000
000000000000000000000000100111011100100
000000000000000000000000100111110110000
000000000000000000000000101000001111100
000000000000000000000000101000101001000
000000000000000000000000101001000010100
000000000000000000000000101001011100000
000000000000000000000000101001110101100
000000000000000000000000101010001111000
000000000000000000000000101010101000100
000000000000000000000000101011000010000
000000000000000000000000101011011011100
000000000000000000000000101011110101000
000000000000000000000000101100001110100
000000000000000000000000101100101000000
000000000000000000000000101101000001100
000000000000000000000000101101011011000
000000000000000000000000101101110100100
000000000000000000000000101110001110000
000000000000000000000000101110100111100
000000000000000000000000101111000001000
000000000000000000000000101111011010100
000000000000000000000000101111110100000
000000000000000000000000110000001101100
000000000000000000000000110000100111000
000000000000000000000000110001000000100
000000000000000000000000110001011010000
000000000000000000000000110001110011100
000000000000000000000000110010001101000
000000000000000000000000110010100110100
000000000000000000000000110011000000000
000000000000000000000000110011011001100
000000000000000000000000110011110011000
000000000000000000000000110100001100100
000000000000000000000000110100100110000
000000000000000000000000110100111111100
000000000000000000000000110101011001000
000000000000000000000000110101110010100
000000000000000000000000110110001100000
000000000000000000000000110110100101100
000000000000000000000000110110111111000
000000000000000000000000110111011000100
000000000000000000000000110111110010000
000000000000000000000000111000001011100
000000000000000000000000111000100101000
000000000000000000000000111000111110100
000000000000000000000000111001011000000
000000000000000000000000111001110001100
000000000000000000000000111010001011000
000000000000000000000000111010100100100
000000000000000000000000111010111110000
000000000000000000000000111011010111100
000000000000000000000000111011110001000
000000000000000000000000111100001010100
000000000000000000000000111100100100000
000000000000000000000000111100111101100
000000000000000000000000111101010111000
000000000000000000000000111101110000100
000000000000000000000000111110001010000
000000000000000000000000111110100011100
000000000000000000000000111110111101000
000000000000000000000000111111010110100
000000000000000000000000111111110000000
000000000000000000000001000000001001100
000000000000000000000001000000100011000
000000000000000000000001000000111100100
000000000000000000000001000001010110000
000000000000000000000001000001101111100
000000000000000000000001000010001001000
000000000000000000000001000010100010100
000000000000000000000001000010111100000
000000000000000000000001000011010101100
000000000000000000000001000011101111000
000000000000000000000001000100001000100
000000000000000000000001000100100010000
000000000000000000000001000100111011100
000000000000000000000001000101010101000
000000000000000000000001000101101110100
000000000000000000000001000110001000000
000000000000000000000001000110100001100
000000000000000000000001000110111011000
000000000000000000000001000111010100100
000000000000000000000001000111101110000
000000000000000000000001001000000111100
000000000000000000000001001000100001000
000000000000000000000001001000111010100
000000000000000000000001001001010100000
000000000000000000000001001001101101100
000000000000000000000001001010000111000
000000000000000000000001001010100000100
000000000000000000000001001010111010000
000000000000000000000001001011010011100
000000000000000000000001001011101101000
000000000000000000000001001100000110100
000000000000000000000001001100100000000
000000000000000000000001001100111001100
000000000000000000000001001101010011000
000000000000000000000001001101101100100
000000000000000000000001001110000110000
000000000000000000000001001110011111100
000000000000000000000001001110111001000
000000000000000000000001001111010010100
000000000000000000000001001111101100000
000000000000000000000001010000000101100
000000000000000000000001010000011111000
000000000000000000000001010000111000100
000000000000000000000001010001010010000
000000000000000000000001010001101011100
000000000000000000000001010010000101000
000000000000000000000001010010011110100
000000000000000000000001010010111000000
000000000000000000000001010011010001100
000000000000000000000001010011101011000
000000000000000000000001010100000100100
000000000000000000000001010100011110000
000000000000000000000001010100110111100
000000000000000000000001010101010001000
000000000000000000000001010101101010100
000000000000000000000001010110000100000
000000000000000000000001010110011101100
000000000000000000000001010110110111000
000000000000000000000001010111010000100
000000000000000000000001010111101010000
000000000000000000000001011000000011100
000000000000000000000001011000011101000
000000000000000000000001011000110110100
000000000000000000000001011001010000000
000000000000000000000001011001101001100
000000000000000000000001011010000011000
000000000000000000000001011010011100100
000000000000000000000001011010110110000
000000000000000000000001011011001111100
000000000000000000000001011011101001000
000000000000000000000001011100000010100
000000000000000000000001011100011100000
000000000000000000000001011100110101100
000000000000000000000001011101001111000
000000000000000000000001011101101000100
000000000000000000000001011110000010000
000000000000000000000001011110011011100
000000000000000000000001011110110101000
000000000000000000000001011111001110100
000000000000000000000001011111101000000
000000000000000000000001100000000001100
000000000000000000000001100000011011000
000000000000000000000001100000110100100
000000000000000000000001100001001110000
000000000000000000000001100001100111100
000000000000000000000001100010000001000
000000000000000000000001100010011010100
000000000000000000000001100010110100000
000000000000000000000001100011001101100
000000000000000000000001100011100111000
000000000000000000000001100100000000100
000000000000000000000001100100011010000
000000000000000000000001100100110011100
000000000000000000000001100101001101000
000000000000000000000001100101100110100
