000000000000000000000000000000000000000
000000000000000000000000000000000110010
000000000000000000000000000000001100100
000000000000000000000000000000010010110
000000000000000000000000000000011001000
000000000000000000000000000000011111010
000000000000000000000000000000100101100
000000000000000000000000000000101011110
000000000000000000000000000000110010000
000000000000000000000000000000111000010
000000000000000000000000000000111110100
000000000000000000000000000001000100110
000000000000000000000000000001001011000
000000000000000000000000000001010001010
000000000000000000000000000001010111100
000000000000000000000000000001011101110
000000000000000000000000000001100100000
000000000000000000000000000001101010010
000000000000000000000000000001110000100
000000000000000000000000000001110110110
000000000000000000000000000001111101000
000000000000000000000000000010000011010
000000000000000000000000000010001001100
000000000000000000000000000010001111110
000000000000000000000000000010010110000
000000000000000000000000000010011100010
000000000000000000000000000010100010100
000000000000000000000000000010101000110
000000000000000000000000000010101111000
000000000000000000000000000010110101010
000000000000000000000000000010111011100
000000000000000000000000000011000001110
000000000000000000000000000011001000000
000000000000000000000000000011001110010
000000000000000000000000000011010100100
000000000000000000000000000011011010110
000000000000000000000000000011100001000
000000000000000000000000000011100111010
000000000000000000000000000011101101100
000000000000000000000000000011110011110
000000000000000000000000000011111010000
000000000000000000000000000100000000010
000000000000000000000000000100000110100
000000000000000000000000000100001100110
000000000000000000000000000100010011000
000000000000000000000000000100011001010
000000000000000000000000000100011111100
000000000000000000000000000100100101110
000000000000000000000000000100101100000
000000000000000000000000000100110010010
000000000000000000000000000100111000100
000000000000000000000000000100111110110
000000000000000000000000000101000101000
000000000000000000000000000101001011010
000000000000000000000000000101010001100
000000000000000000000000000101010111110
000000000000000000000000000101011110000
000000000000000000000000000101100100010
000000000000000000000000000101101010100
000000000000000000000000000101110000110
000000000000000000000000000101110111000
000000000000000000000000000101111101010
000000000000000000000000000110000011100
000000000000000000000000000110001001110
000000000000000000000000000110010000000
000000000000000000000000000110010110010
000000000000000000000000000110011100100
000000000000000000000000000110100010110
000000000000000000000000000110101001000
000000000000000000000000000110101111010
000000000000000000000000000110110101100
000000000000000000000000000110111011110
000000000000000000000000000111000010000
000000000000000000000000000111001000010
000000000000000000000000000111001110100
000000000000000000000000000111010100110
000000000000000000000000000111011011000
000000000000000000000000000111100001010
000000000000000000000000000111100111100
000000000000000000000000000111101101110
000000000000000000000000000111110100000
000000000000000000000000000111111010010
000000000000000000000000001000000000100
000000000000000000000000001000000110110
000000000000000000000000001000001101000
000000000000000000000000001000010011010
000000000000000000000000001000011001100
000000000000000000000000001000011111110
000000000000000000000000001000100110000
000000000000000000000000001000101100010
000000000000000000000000001000110010100
000000000000000000000000001000111000110
000000000000000000000000001000111111000
000000000000000000000000001001000101010
000000000000000000000000001001001011100
000000000000000000000000001001010001110
000000000000000000000000001001011000000
000000000000000000000000001001011110010
000000000000000000000000001001100100100
000000000000000000000000001001101010110
000000000000000000000000001001110001000
000000000000000000000000001001110111010
000000000000000000000000001001111101100
000000000000000000000000001010000011110
000000000000000000000000001010001010000
000000000000000000000000001010010000010
000000000000000000000000001010010110100
000000000000000000000000001010011100110
000000000000000000000000001010100011000
000000000000000000000000001010101001010
000000000000000000000000001010101111100
000000000000000000000000001010110101110
000000000000000000000000001010111100000
000000000000000000000000001011000010010
000000000000000000000000001011001000100
000000000000000000000000001011001110110
000000000000000000000000001011010101000
000000000000000000000000001011011011010
000000000000000000000000001011100001100
000000000000000000000000001011100111110
000000000000000000000000001011101110000
000000000000000000000000001011110100010
000000000000000000000000001011111010100
000000000000000000000000001100000000110
000000000000000000000000001100000111000
000000000000000000000000001100001101010
000000000000000000000000001100010011100
000000000000000000000000001100011001110
000000000000000000000000001100100000000
000000000000000000000000001100100110010
000000000000000000000000001100101100100
000000000000000000000000001100110010110
000000000000000000000000001100111001000
000000000000000000000000001100111111010
000000000000000000000000001101000101100
000000000000000000000000001101001011110
000000000000000000000000001101010010000
000000000000000000000000001101011000010
000000000000000000000000001101011110100
000000000000000000000000001101100100110
000000000000000000000000001101101011000
000000000000000000000000001101110001010
000000000000000000000000001101110111100
000000000000000000000000001101111101110
000000000000000000000000001110000100000
000000000000000000000000001110001010010
000000000000000000000000001110010000100
000000000000000000000000001110010110110
000000000000000000000000001110011101000
000000000000000000000000001110100011010
000000000000000000000000001110101001100
000000000000000000000000001110101111110
000000000000000000000000001110110110000
000000000000000000000000001110111100010
000000000000000000000000001111000010100
000000000000000000000000001111001000110
000000000000000000000000001111001111000
000000000000000000000000001111010101010
000000000000000000000000001111011011100
000000000000000000000000001111100001110
000000000000000000000000001111101000000
000000000000000000000000001111101110010
000000000000000000000000001111110100100
000000000000000000000000001111111010110
000000000000000000000000010000000001000
000000000000000000000000010000000111010
000000000000000000000000010000001101100
000000000000000000000000010000010011110
000000000000000000000000010000011010000
000000000000000000000000010000100000010
000000000000000000000000010000100110100
000000000000000000000000010000101100110
000000000000000000000000010000110011000
000000000000000000000000010000111001010
000000000000000000000000010000111111100
000000000000000000000000010001000101110
000000000000000000000000010001001100000
000000000000000000000000010001010010010
000000000000000000000000010001011000100
000000000000000000000000010001011110110
000000000000000000000000010001100101000
000000000000000000000000010001101011010
000000000000000000000000010001110001100
000000000000000000000000010001110111110
000000000000000000000000010001111110000
000000000000000000000000010010000100010
000000000000000000000000010010001010100
000000000000000000000000010010010000110
000000000000000000000000010010010111000
000000000000000000000000010010011101010
000000000000000000000000010010100011100
000000000000000000000000010010101001110
000000000000000000000000010010110000000
000000000000000000000000010010110110010
000000000000000000000000010010111100100
000000000000000000000000010011000010110
000000000000000000000000010011001001000
000000000000000000000000010011001111010
000000000000000000000000010011010101100
000000000000000000000000010011011011110
000000000000000000000000010011100010000
000000000000000000000000010011101000010
000000000000000000000000010011101110100
000000000000000000000000010011110100110
000000000000000000000000010011111011000
000000000000000000000000010100000001010
000000000000000000000000010100000111100
000000000000000000000000010100001101110
000000000000000000000000010100010100000
000000000000000000000000010100011010010
000000000000000000000000010100100000100
000000000000000000000000010100100110110
000000000000000000000000010100101101000
000000000000000000000000010100110011010
000000000000000000000000010100111001100
000000000000000000000000010100111111110
000000000000000000000000010101000110000
000000000000000000000000010101001100010
000000000000000000000000010101010010100
000000000000000000000000010101011000110
000000000000000000000000010101011111000
000000000000000000000000010101100101010
000000000000000000000000010101101011100
000000000000000000000000010101110001110
000000000000000000000000010101111000000
000000000000000000000000010101111110010
000000000000000000000000010110000100100
000000000000000000000000010110001010110
000000000000000000000000010110010001000
000000000000000000000000010110010111010
000000000000000000000000010110011101100
000000000000000000000000010110100011110
000000000000000000000000010110101010000
000000000000000000000000010110110000010
000000000000000000000000010110110110100
000000000000000000000000010110111100110
000000000000000000000000010111000011000
000000000000000000000000010111001001010
000000000000000000000000010111001111100
000000000000000000000000010111010101110
000000000000000000000000010111011100000
000000000000000000000000010111100010010
000000000000000000000000010111101000100
000000000000000000000000010111101110110
000000000000000000000000010111110101000
000000000000000000000000010111111011010
000000000000000000000000011000000001100
000000000000000000000000011000000111110
000000000000000000000000011000001110000
000000000000000000000000011000010100010
000000000000000000000000011000011010100
000000000000000000000000011000100000110
000000000000000000000000011000100111000
000000000000000000000000011000101101010
000000000000000000000000011000110011100
000000000000000000000000011000111001110
