000000000000000000000000000000000000000
111111111111111111111111111111111011110
111111111111111111111111111111110111100
111111111111111111111111111111110011010
111111111111111111111111111111101111000
111111111111111111111111111111101010110
111111111111111111111111111111100110100
111111111111111111111111111111100010010
111111111111111111111111111111011110000
111111111111111111111111111111011001110
111111111111111111111111111111010101100
111111111111111111111111111111010001010
111111111111111111111111111111001101000
111111111111111111111111111111001000110
111111111111111111111111111111000100100
111111111111111111111111111111000000010
111111111111111111111111111110111100000
111111111111111111111111111110110111110
111111111111111111111111111110110011100
111111111111111111111111111110101111010
111111111111111111111111111110101011000
111111111111111111111111111110100110110
111111111111111111111111111110100010100
111111111111111111111111111110011110010
111111111111111111111111111110011010000
111111111111111111111111111110010101110
111111111111111111111111111110010001100
111111111111111111111111111110001101010
111111111111111111111111111110001001000
111111111111111111111111111110000100110
111111111111111111111111111110000000100
111111111111111111111111111101111100010
111111111111111111111111111101111000000
111111111111111111111111111101110011110
111111111111111111111111111101101111100
111111111111111111111111111101101011010
111111111111111111111111111101100111000
111111111111111111111111111101100010110
111111111111111111111111111101011110100
111111111111111111111111111101011010010
111111111111111111111111111101010110000
111111111111111111111111111101010001110
111111111111111111111111111101001101100
111111111111111111111111111101001001010
111111111111111111111111111101000101000
111111111111111111111111111101000000110
111111111111111111111111111100111100100
111111111111111111111111111100111000010
111111111111111111111111111100110100000
111111111111111111111111111100101111110
111111111111111111111111111100101011100
111111111111111111111111111100100111010
111111111111111111111111111100100011000
111111111111111111111111111100011110110
111111111111111111111111111100011010100
111111111111111111111111111100010110010
111111111111111111111111111100010010000
111111111111111111111111111100001101110
111111111111111111111111111100001001100
111111111111111111111111111100000101010
111111111111111111111111111100000001000
111111111111111111111111111011111100110
111111111111111111111111111011111000100
111111111111111111111111111011110100010
111111111111111111111111111011110000000
111111111111111111111111111011101011110
111111111111111111111111111011100111100
111111111111111111111111111011100011010
111111111111111111111111111011011111000
111111111111111111111111111011011010110
111111111111111111111111111011010110100
111111111111111111111111111011010010010
111111111111111111111111111011001110000
111111111111111111111111111011001001110
111111111111111111111111111011000101100
111111111111111111111111111011000001010
111111111111111111111111111010111101000
111111111111111111111111111010111000110
111111111111111111111111111010110100100
111111111111111111111111111010110000010
111111111111111111111111111010101100000
111111111111111111111111111010100111110
111111111111111111111111111010100011100
111111111111111111111111111010011111010
111111111111111111111111111010011011000
111111111111111111111111111010010110110
111111111111111111111111111010010010100
111111111111111111111111111010001110010
111111111111111111111111111010001010000
111111111111111111111111111010000101110
111111111111111111111111111010000001100
111111111111111111111111111001111101010
111111111111111111111111111001111001000
111111111111111111111111111001110100110
111111111111111111111111111001110000100
111111111111111111111111111001101100010
111111111111111111111111111001101000000
111111111111111111111111111001100011110
111111111111111111111111111001011111100
111111111111111111111111111001011011010
111111111111111111111111111001010111000
111111111111111111111111111001010010110
111111111111111111111111111001001110100
111111111111111111111111111001001010010
111111111111111111111111111001000110000
111111111111111111111111111001000001110
111111111111111111111111111000111101100
111111111111111111111111111000111001010
111111111111111111111111111000110101000
111111111111111111111111111000110000110
111111111111111111111111111000101100100
111111111111111111111111111000101000010
111111111111111111111111111000100100000
111111111111111111111111111000011111110
111111111111111111111111111000011011100
111111111111111111111111111000010111010
111111111111111111111111111000010011000
111111111111111111111111111000001110110
111111111111111111111111111000001010100
111111111111111111111111111000000110010
111111111111111111111111111000000010000
111111111111111111111111110111111101110
111111111111111111111111110111111001100
111111111111111111111111110111110101010
111111111111111111111111110111110001000
111111111111111111111111110111101100110
111111111111111111111111110111101000100
111111111111111111111111110111100100010
111111111111111111111111110111100000000
111111111111111111111111110111011011110
111111111111111111111111110111010111100
111111111111111111111111110111010011010
111111111111111111111111110111001111000
111111111111111111111111110111001010110
111111111111111111111111110111000110100
111111111111111111111111110111000010010
111111111111111111111111110110111110000
111111111111111111111111110110111001110
111111111111111111111111110110110101100
111111111111111111111111110110110001010
111111111111111111111111110110101101000
111111111111111111111111110110101000110
111111111111111111111111110110100100100
111111111111111111111111110110100000010
111111111111111111111111110110011100000
111111111111111111111111110110010111110
111111111111111111111111110110010011100
111111111111111111111111110110001111010
111111111111111111111111110110001011000
111111111111111111111111110110000110110
111111111111111111111111110110000010100
111111111111111111111111110101111110010
111111111111111111111111110101111010000
111111111111111111111111110101110101110
111111111111111111111111110101110001100
111111111111111111111111110101101101010
111111111111111111111111110101101001000
111111111111111111111111110101100100110
111111111111111111111111110101100000100
111111111111111111111111110101011100010
111111111111111111111111110101011000000
111111111111111111111111110101010011110
111111111111111111111111110101001111100
111111111111111111111111110101001011010
111111111111111111111111110101000111000
111111111111111111111111110101000010110
111111111111111111111111110100111110100
111111111111111111111111110100111010010
111111111111111111111111110100110110000
111111111111111111111111110100110001110
111111111111111111111111110100101101100
111111111111111111111111110100101001010
111111111111111111111111110100100101000
111111111111111111111111110100100000110
111111111111111111111111110100011100100
111111111111111111111111110100011000010
111111111111111111111111110100010100000
111111111111111111111111110100001111110
111111111111111111111111110100001011100
111111111111111111111111110100000111010
111111111111111111111111110100000011000
111111111111111111111111110011111110110
111111111111111111111111110011111010100
111111111111111111111111110011110110010
111111111111111111111111110011110010000
111111111111111111111111110011101101110
111111111111111111111111110011101001100
111111111111111111111111110011100101010
111111111111111111111111110011100001000
111111111111111111111111110011011100110
111111111111111111111111110011011000100
111111111111111111111111110011010100010
111111111111111111111111110011010000000
111111111111111111111111110011001011110
111111111111111111111111110011000111100
111111111111111111111111110011000011010
111111111111111111111111110010111111000
111111111111111111111111110010111010110
111111111111111111111111110010110110100
111111111111111111111111110010110010010
111111111111111111111111110010101110000
111111111111111111111111110010101001110
111111111111111111111111110010100101100
111111111111111111111111110010100001010
111111111111111111111111110010011101000
111111111111111111111111110010011000110
111111111111111111111111110010010100100
111111111111111111111111110010010000010
111111111111111111111111110010001100000
111111111111111111111111110010000111110
111111111111111111111111110010000011100
111111111111111111111111110001111111010
111111111111111111111111110001111011000
111111111111111111111111110001110110110
111111111111111111111111110001110010100
111111111111111111111111110001101110010
111111111111111111111111110001101010000
111111111111111111111111110001100101110
111111111111111111111111110001100001100
111111111111111111111111110001011101010
111111111111111111111111110001011001000
111111111111111111111111110001010100110
111111111111111111111111110001010000100
111111111111111111111111110001001100010
111111111111111111111111110001001000000
111111111111111111111111110001000011110
111111111111111111111111110000111111100
111111111111111111111111110000111011010
111111111111111111111111110000110111000
111111111111111111111111110000110010110
111111111111111111111111110000101110100
111111111111111111111111110000101010010
111111111111111111111111110000100110000
111111111111111111111111110000100001110
111111111111111111111111110000011101100
111111111111111111111111110000011001010
111111111111111111111111110000010101000
111111111111111111111111110000010000110
111111111111111111111111110000001100100
111111111111111111111111110000001000010
111111111111111111111111110000000100000
111111111111111111111111101111111111110
111111111111111111111111101111111011100
111111111111111111111111101111110111010
111111111111111111111111101111110011000
111111111111111111111111101111101110110
111111111111111111111111101111101010100
111111111111111111111111101111100110010
111111111111111111111111101111100010000
111111111111111111111111101111011101110
111111111111111111111111101111011001100
111111111111111111111111101111010101010
111111111111111111111111101111010001000
111111111111111111111111101111001100110
111111111111111111111111101111001000100
111111111111111111111111101111000100010
