000000000000000000000000000000000000000
000000000000000000000000000000001010100
000000000000000000000000000000010101000
000000000000000000000000000000011111100
000000000000000000000000000000101010000
000000000000000000000000000000110100100
000000000000000000000000000000111111000
000000000000000000000000000001001001100
000000000000000000000000000001010100000
000000000000000000000000000001011110100
000000000000000000000000000001101001000
000000000000000000000000000001110011100
000000000000000000000000000001111110000
000000000000000000000000000010001000100
000000000000000000000000000010010011000
000000000000000000000000000010011101100
000000000000000000000000000010101000000
000000000000000000000000000010110010100
000000000000000000000000000010111101000
000000000000000000000000000011000111100
000000000000000000000000000011010010000
000000000000000000000000000011011100100
000000000000000000000000000011100111000
000000000000000000000000000011110001100
000000000000000000000000000011111100000
000000000000000000000000000100000110100
000000000000000000000000000100010001000
000000000000000000000000000100011011100
000000000000000000000000000100100110000
000000000000000000000000000100110000100
000000000000000000000000000100111011000
000000000000000000000000000101000101100
000000000000000000000000000101010000000
000000000000000000000000000101011010100
000000000000000000000000000101100101000
000000000000000000000000000101101111100
000000000000000000000000000101111010000
000000000000000000000000000110000100100
000000000000000000000000000110001111000
000000000000000000000000000110011001100
000000000000000000000000000110100100000
000000000000000000000000000110101110100
000000000000000000000000000110111001000
000000000000000000000000000111000011100
000000000000000000000000000111001110000
000000000000000000000000000111011000100
000000000000000000000000000111100011000
000000000000000000000000000111101101100
000000000000000000000000000111111000000
000000000000000000000000001000000010100
000000000000000000000000001000001101000
000000000000000000000000001000010111100
000000000000000000000000001000100010000
000000000000000000000000001000101100100
000000000000000000000000001000110111000
000000000000000000000000001001000001100
000000000000000000000000001001001100000
000000000000000000000000001001010110100
000000000000000000000000001001100001000
000000000000000000000000001001101011100
000000000000000000000000001001110110000
000000000000000000000000001010000000100
000000000000000000000000001010001011000
000000000000000000000000001010010101100
000000000000000000000000001010100000000
000000000000000000000000001010101010100
000000000000000000000000001010110101000
000000000000000000000000001010111111100
000000000000000000000000001011001010000
000000000000000000000000001011010100100
000000000000000000000000001011011111000
000000000000000000000000001011101001100
000000000000000000000000001011110100000
000000000000000000000000001011111110100
000000000000000000000000001100001001000
000000000000000000000000001100010011100
000000000000000000000000001100011110000
000000000000000000000000001100101000100
000000000000000000000000001100110011000
000000000000000000000000001100111101100
000000000000000000000000001101001000000
000000000000000000000000001101010010100
000000000000000000000000001101011101000
000000000000000000000000001101100111100
000000000000000000000000001101110010000
000000000000000000000000001101111100100
000000000000000000000000001110000111000
000000000000000000000000001110010001100
000000000000000000000000001110011100000
000000000000000000000000001110100110100
000000000000000000000000001110110001000
000000000000000000000000001110111011100
000000000000000000000000001111000110000
000000000000000000000000001111010000100
000000000000000000000000001111011011000
000000000000000000000000001111100101100
000000000000000000000000001111110000000
000000000000000000000000001111111010100
000000000000000000000000010000000101000
000000000000000000000000010000001111100
000000000000000000000000010000011010000
000000000000000000000000010000100100100
000000000000000000000000010000101111000
000000000000000000000000010000111001100
000000000000000000000000010001000100000
000000000000000000000000010001001110100
000000000000000000000000010001011001000
000000000000000000000000010001100011100
000000000000000000000000010001101110000
000000000000000000000000010001111000100
000000000000000000000000010010000011000
000000000000000000000000010010001101100
000000000000000000000000010010011000000
000000000000000000000000010010100010100
000000000000000000000000010010101101000
000000000000000000000000010010110111100
000000000000000000000000010011000010000
000000000000000000000000010011001100100
000000000000000000000000010011010111000
000000000000000000000000010011100001100
000000000000000000000000010011101100000
000000000000000000000000010011110110100
000000000000000000000000010100000001000
000000000000000000000000010100001011100
000000000000000000000000010100010110000
000000000000000000000000010100100000100
000000000000000000000000010100101011000
000000000000000000000000010100110101100
000000000000000000000000010101000000000
000000000000000000000000010101001010100
000000000000000000000000010101010101000
000000000000000000000000010101011111100
000000000000000000000000010101101010000
000000000000000000000000010101110100100
000000000000000000000000010101111111000
000000000000000000000000010110001001100
000000000000000000000000010110010100000
000000000000000000000000010110011110100
000000000000000000000000010110101001000
000000000000000000000000010110110011100
000000000000000000000000010110111110000
000000000000000000000000010111001000100
000000000000000000000000010111010011000
000000000000000000000000010111011101100
000000000000000000000000010111101000000
000000000000000000000000010111110010100
000000000000000000000000010111111101000
000000000000000000000000011000000111100
000000000000000000000000011000010010000
000000000000000000000000011000011100100
000000000000000000000000011000100111000
000000000000000000000000011000110001100
000000000000000000000000011000111100000
000000000000000000000000011001000110100
000000000000000000000000011001010001000
000000000000000000000000011001011011100
000000000000000000000000011001100110000
000000000000000000000000011001110000100
000000000000000000000000011001111011000
000000000000000000000000011010000101100
000000000000000000000000011010010000000
000000000000000000000000011010011010100
000000000000000000000000011010100101000
000000000000000000000000011010101111100
000000000000000000000000011010111010000
000000000000000000000000011011000100100
000000000000000000000000011011001111000
000000000000000000000000011011011001100
000000000000000000000000011011100100000
000000000000000000000000011011101110100
000000000000000000000000011011111001000
000000000000000000000000011100000011100
000000000000000000000000011100001110000
000000000000000000000000011100011000100
000000000000000000000000011100100011000
000000000000000000000000011100101101100
000000000000000000000000011100111000000
000000000000000000000000011101000010100
000000000000000000000000011101001101000
000000000000000000000000011101010111100
000000000000000000000000011101100010000
000000000000000000000000011101101100100
000000000000000000000000011101110111000
000000000000000000000000011110000001100
000000000000000000000000011110001100000
000000000000000000000000011110010110100
000000000000000000000000011110100001000
000000000000000000000000011110101011100
000000000000000000000000011110110110000
000000000000000000000000011111000000100
000000000000000000000000011111001011000
000000000000000000000000011111010101100
000000000000000000000000011111100000000
000000000000000000000000011111101010100
000000000000000000000000011111110101000
000000000000000000000000011111111111100
000000000000000000000000100000001010000
000000000000000000000000100000010100100
000000000000000000000000100000011111000
000000000000000000000000100000101001100
000000000000000000000000100000110100000
000000000000000000000000100000111110100
000000000000000000000000100001001001000
000000000000000000000000100001010011100
000000000000000000000000100001011110000
000000000000000000000000100001101000100
000000000000000000000000100001110011000
000000000000000000000000100001111101100
000000000000000000000000100010001000000
000000000000000000000000100010010010100
000000000000000000000000100010011101000
000000000000000000000000100010100111100
000000000000000000000000100010110010000
000000000000000000000000100010111100100
000000000000000000000000100011000111000
000000000000000000000000100011010001100
000000000000000000000000100011011100000
000000000000000000000000100011100110100
000000000000000000000000100011110001000
000000000000000000000000100011111011100
000000000000000000000000100100000110000
000000000000000000000000100100010000100
000000000000000000000000100100011011000
000000000000000000000000100100100101100
000000000000000000000000100100110000000
000000000000000000000000100100111010100
000000000000000000000000100101000101000
000000000000000000000000100101001111100
000000000000000000000000100101011010000
000000000000000000000000100101100100100
000000000000000000000000100101101111000
000000000000000000000000100101111001100
000000000000000000000000100110000100000
000000000000000000000000100110001110100
000000000000000000000000100110011001000
000000000000000000000000100110100011100
000000000000000000000000100110101110000
000000000000000000000000100110111000100
000000000000000000000000100111000011000
000000000000000000000000100111001101100
000000000000000000000000100111011000000
000000000000000000000000100111100010100
000000000000000000000000100111101101000
000000000000000000000000100111110111100
000000000000000000000000101000000010000
000000000000000000000000101000001100100
000000000000000000000000101000010111000
000000000000000000000000101000100001100
000000000000000000000000101000101100000
000000000000000000000000101000110110100
000000000000000000000000101001000001000
000000000000000000000000101001001011100
000000000000000000000000101001010110000
000000000000000000000000101001100000100
000000000000000000000000101001101011000
000000000000000000000000101001110101100
