000000000000000000000000000000000000000
000000000000000000000000000000010000001
000000000000000000000000000000100000010
000000000000000000000000000000110000011
000000000000000000000000000001000000100
000000000000000000000000000001010000101
000000000000000000000000000001100000110
000000000000000000000000000001110000111
000000000000000000000000000010000001000
000000000000000000000000000010010001001
000000000000000000000000000010100001010
000000000000000000000000000010110001011
000000000000000000000000000011000001100
000000000000000000000000000011010001101
000000000000000000000000000011100001110
000000000000000000000000000011110001111
000000000000000000000000000100000010000
000000000000000000000000000100010010001
000000000000000000000000000100100010010
000000000000000000000000000100110010011
000000000000000000000000000101000010100
000000000000000000000000000101010010101
000000000000000000000000000101100010110
000000000000000000000000000101110010111
000000000000000000000000000110000011000
000000000000000000000000000110010011001
000000000000000000000000000110100011010
000000000000000000000000000110110011011
000000000000000000000000000111000011100
000000000000000000000000000111010011101
000000000000000000000000000111100011110
000000000000000000000000000111110011111
000000000000000000000000001000000100000
000000000000000000000000001000010100001
000000000000000000000000001000100100010
000000000000000000000000001000110100011
000000000000000000000000001001000100100
000000000000000000000000001001010100101
000000000000000000000000001001100100110
000000000000000000000000001001110100111
000000000000000000000000001010000101000
000000000000000000000000001010010101001
000000000000000000000000001010100101010
000000000000000000000000001010110101011
000000000000000000000000001011000101100
000000000000000000000000001011010101101
000000000000000000000000001011100101110
000000000000000000000000001011110101111
000000000000000000000000001100000110000
000000000000000000000000001100010110001
000000000000000000000000001100100110010
000000000000000000000000001100110110011
000000000000000000000000001101000110100
000000000000000000000000001101010110101
000000000000000000000000001101100110110
000000000000000000000000001101110110111
000000000000000000000000001110000111000
000000000000000000000000001110010111001
000000000000000000000000001110100111010
000000000000000000000000001110110111011
000000000000000000000000001111000111100
000000000000000000000000001111010111101
000000000000000000000000001111100111110
000000000000000000000000001111110111111
000000000000000000000000010000001000000
000000000000000000000000010000011000001
000000000000000000000000010000101000010
000000000000000000000000010000111000011
000000000000000000000000010001001000100
000000000000000000000000010001011000101
000000000000000000000000010001101000110
000000000000000000000000010001111000111
000000000000000000000000010010001001000
000000000000000000000000010010011001001
000000000000000000000000010010101001010
000000000000000000000000010010111001011
000000000000000000000000010011001001100
000000000000000000000000010011011001101
000000000000000000000000010011101001110
000000000000000000000000010011111001111
000000000000000000000000010100001010000
000000000000000000000000010100011010001
000000000000000000000000010100101010010
000000000000000000000000010100111010011
000000000000000000000000010101001010100
000000000000000000000000010101011010101
000000000000000000000000010101101010110
000000000000000000000000010101111010111
000000000000000000000000010110001011000
000000000000000000000000010110011011001
000000000000000000000000010110101011010
000000000000000000000000010110111011011
000000000000000000000000010111001011100
000000000000000000000000010111011011101
000000000000000000000000010111101011110
000000000000000000000000010111111011111
000000000000000000000000011000001100000
000000000000000000000000011000011100001
000000000000000000000000011000101100010
000000000000000000000000011000111100011
000000000000000000000000011001001100100
000000000000000000000000011001011100101
000000000000000000000000011001101100110
000000000000000000000000011001111100111
000000000000000000000000011010001101000
000000000000000000000000011010011101001
000000000000000000000000011010101101010
000000000000000000000000011010111101011
000000000000000000000000011011001101100
000000000000000000000000011011011101101
000000000000000000000000011011101101110
000000000000000000000000011011111101111
000000000000000000000000011100001110000
000000000000000000000000011100011110001
000000000000000000000000011100101110010
000000000000000000000000011100111110011
000000000000000000000000011101001110100
000000000000000000000000011101011110101
000000000000000000000000011101101110110
000000000000000000000000011101111110111
000000000000000000000000011110001111000
000000000000000000000000011110011111001
000000000000000000000000011110101111010
000000000000000000000000011110111111011
000000000000000000000000011111001111100
000000000000000000000000011111011111101
000000000000000000000000011111101111110
000000000000000000000000011111111111111
000000000000000000000000100000010000000
000000000000000000000000100000100000001
000000000000000000000000100000110000010
000000000000000000000000100001000000011
000000000000000000000000100001010000100
000000000000000000000000100001100000101
000000000000000000000000100001110000110
000000000000000000000000100010000000111
000000000000000000000000100010010001000
000000000000000000000000100010100001001
000000000000000000000000100010110001010
000000000000000000000000100011000001011
000000000000000000000000100011010001100
000000000000000000000000100011100001101
000000000000000000000000100011110001110
000000000000000000000000100100000001111
000000000000000000000000100100010010000
000000000000000000000000100100100010001
000000000000000000000000100100110010010
000000000000000000000000100101000010011
000000000000000000000000100101010010100
000000000000000000000000100101100010101
000000000000000000000000100101110010110
000000000000000000000000100110000010111
000000000000000000000000100110010011000
000000000000000000000000100110100011001
000000000000000000000000100110110011010
000000000000000000000000100111000011011
000000000000000000000000100111010011100
000000000000000000000000100111100011101
000000000000000000000000100111110011110
000000000000000000000000101000000011111
000000000000000000000000101000010100000
000000000000000000000000101000100100001
000000000000000000000000101000110100010
000000000000000000000000101001000100011
000000000000000000000000101001010100100
000000000000000000000000101001100100101
000000000000000000000000101001110100110
000000000000000000000000101010000100111
000000000000000000000000101010010101000
000000000000000000000000101010100101001
000000000000000000000000101010110101010
000000000000000000000000101011000101011
000000000000000000000000101011010101100
000000000000000000000000101011100101101
000000000000000000000000101011110101110
000000000000000000000000101100000101111
000000000000000000000000101100010110000
000000000000000000000000101100100110001
000000000000000000000000101100110110010
000000000000000000000000101101000110011
000000000000000000000000101101010110100
000000000000000000000000101101100110101
000000000000000000000000101101110110110
000000000000000000000000101110000110111
000000000000000000000000101110010111000
000000000000000000000000101110100111001
000000000000000000000000101110110111010
000000000000000000000000101111000111011
000000000000000000000000101111010111100
000000000000000000000000101111100111101
000000000000000000000000101111110111110
000000000000000000000000110000000111111
000000000000000000000000110000011000000
000000000000000000000000110000101000001
000000000000000000000000110000111000010
000000000000000000000000110001001000011
000000000000000000000000110001011000100
000000000000000000000000110001101000101
000000000000000000000000110001111000110
000000000000000000000000110010001000111
000000000000000000000000110010011001000
000000000000000000000000110010101001001
000000000000000000000000110010111001010
000000000000000000000000110011001001011
000000000000000000000000110011011001100
000000000000000000000000110011101001101
000000000000000000000000110011111001110
000000000000000000000000110100001001111
000000000000000000000000110100011010000
000000000000000000000000110100101010001
000000000000000000000000110100111010010
000000000000000000000000110101001010011
000000000000000000000000110101011010100
000000000000000000000000110101101010101
000000000000000000000000110101111010110
000000000000000000000000110110001010111
000000000000000000000000110110011011000
000000000000000000000000110110101011001
000000000000000000000000110110111011010
000000000000000000000000110111001011011
000000000000000000000000110111011011100
000000000000000000000000110111101011101
000000000000000000000000110111111011110
000000000000000000000000111000001011111
000000000000000000000000111000011100000
000000000000000000000000111000101100001
000000000000000000000000111000111100010
000000000000000000000000111001001100011
000000000000000000000000111001011100100
000000000000000000000000111001101100101
000000000000000000000000111001111100110
000000000000000000000000111010001100111
000000000000000000000000111010011101000
000000000000000000000000111010101101001
000000000000000000000000111010111101010
000000000000000000000000111011001101011
000000000000000000000000111011011101100
000000000000000000000000111011101101101
000000000000000000000000111011111101110
000000000000000000000000111100001101111
000000000000000000000000111100011110000
000000000000000000000000111100101110001
000000000000000000000000111100111110010
000000000000000000000000111101001110011
000000000000000000000000111101011110100
000000000000000000000000111101101110101
000000000000000000000000111101111110110
000000000000000000000000111110001110111
000000000000000000000000111110011111000
000000000000000000000000111110101111001
000000000000000000000000111110111111010
000000000000000000000000111111001111011
000000000000000000000000111111011111100
000000000000000000000000111111101111101
000000000000000000000000111111111111110
000000000000000000000001000000001111111
