000000000000000000000000000000000000000
111111111111111111111111111111100100010
111111111111111111111111111111001000100
111111111111111111111111111110101100110
111111111111111111111111111110010001000
111111111111111111111111111101110101010
111111111111111111111111111101011001100
111111111111111111111111111100111101110
111111111111111111111111111100100010000
111111111111111111111111111100000110010
111111111111111111111111111011101010100
111111111111111111111111111011001110110
111111111111111111111111111010110011000
111111111111111111111111111010010111010
111111111111111111111111111001111011100
111111111111111111111111111001011111110
111111111111111111111111111001000100000
111111111111111111111111111000101000010
111111111111111111111111111000001100100
111111111111111111111111110111110000110
111111111111111111111111110111010101000
111111111111111111111111110110111001010
111111111111111111111111110110011101100
111111111111111111111111110110000001110
111111111111111111111111110101100110000
111111111111111111111111110101001010010
111111111111111111111111110100101110100
111111111111111111111111110100010010110
111111111111111111111111110011110111000
111111111111111111111111110011011011010
111111111111111111111111110010111111100
111111111111111111111111110010100011110
111111111111111111111111110010001000000
111111111111111111111111110001101100010
111111111111111111111111110001010000100
111111111111111111111111110000110100110
111111111111111111111111110000011001000
111111111111111111111111101111111101010
111111111111111111111111101111100001100
111111111111111111111111101111000101110
111111111111111111111111101110101010000
111111111111111111111111101110001110010
111111111111111111111111101101110010100
111111111111111111111111101101010110110
111111111111111111111111101100111011000
111111111111111111111111101100011111010
111111111111111111111111101100000011100
111111111111111111111111101011100111110
111111111111111111111111101011001100000
111111111111111111111111101010110000010
111111111111111111111111101010010100100
111111111111111111111111101001111000110
111111111111111111111111101001011101000
111111111111111111111111101001000001010
111111111111111111111111101000100101100
111111111111111111111111101000001001110
111111111111111111111111100111101110000
111111111111111111111111100111010010010
111111111111111111111111100110110110100
111111111111111111111111100110011010110
111111111111111111111111100101111111000
111111111111111111111111100101100011010
111111111111111111111111100101000111100
111111111111111111111111100100101011110
111111111111111111111111100100010000000
111111111111111111111111100011110100010
111111111111111111111111100011011000100
111111111111111111111111100010111100110
111111111111111111111111100010100001000
111111111111111111111111100010000101010
111111111111111111111111100001101001100
111111111111111111111111100001001101110
111111111111111111111111100000110010000
111111111111111111111111100000010110010
111111111111111111111111011111111010100
111111111111111111111111011111011110110
111111111111111111111111011111000011000
111111111111111111111111011110100111010
111111111111111111111111011110001011100
111111111111111111111111011101101111110
111111111111111111111111011101010100000
111111111111111111111111011100111000010
111111111111111111111111011100011100100
111111111111111111111111011100000000110
111111111111111111111111011011100101000
111111111111111111111111011011001001010
111111111111111111111111011010101101100
111111111111111111111111011010010001110
111111111111111111111111011001110110000
111111111111111111111111011001011010010
111111111111111111111111011000111110100
111111111111111111111111011000100010110
111111111111111111111111011000000111000
111111111111111111111111010111101011010
111111111111111111111111010111001111100
111111111111111111111111010110110011110
111111111111111111111111010110011000000
111111111111111111111111010101111100010
111111111111111111111111010101100000100
111111111111111111111111010101000100110
111111111111111111111111010100101001000
111111111111111111111111010100001101010
111111111111111111111111010011110001100
111111111111111111111111010011010101110
111111111111111111111111010010111010000
111111111111111111111111010010011110010
111111111111111111111111010010000010100
111111111111111111111111010001100110110
111111111111111111111111010001001011000
111111111111111111111111010000101111010
111111111111111111111111010000010011100
111111111111111111111111001111110111110
111111111111111111111111001111011100000
111111111111111111111111001111000000010
111111111111111111111111001110100100100
111111111111111111111111001110001000110
111111111111111111111111001101101101000
111111111111111111111111001101010001010
111111111111111111111111001100110101100
111111111111111111111111001100011001110
111111111111111111111111001011111110000
111111111111111111111111001011100010010
111111111111111111111111001011000110100
111111111111111111111111001010101010110
111111111111111111111111001010001111000
111111111111111111111111001001110011010
111111111111111111111111001001010111100
111111111111111111111111001000111011110
111111111111111111111111001000100000000
111111111111111111111111001000000100010
111111111111111111111111000111101000100
111111111111111111111111000111001100110
111111111111111111111111000110110001000
111111111111111111111111000110010101010
111111111111111111111111000101111001100
111111111111111111111111000101011101110
111111111111111111111111000101000010000
111111111111111111111111000100100110010
111111111111111111111111000100001010100
111111111111111111111111000011101110110
111111111111111111111111000011010011000
111111111111111111111111000010110111010
111111111111111111111111000010011011100
111111111111111111111111000001111111110
111111111111111111111111000001100100000
111111111111111111111111000001001000010
111111111111111111111111000000101100100
111111111111111111111111000000010000110
111111111111111111111110111111110101000
111111111111111111111110111111011001010
111111111111111111111110111110111101100
111111111111111111111110111110100001110
111111111111111111111110111110000110000
111111111111111111111110111101101010010
111111111111111111111110111101001110100
111111111111111111111110111100110010110
111111111111111111111110111100010111000
111111111111111111111110111011111011010
111111111111111111111110111011011111100
111111111111111111111110111011000011110
111111111111111111111110111010101000000
111111111111111111111110111010001100010
111111111111111111111110111001110000100
111111111111111111111110111001010100110
111111111111111111111110111000111001000
111111111111111111111110111000011101010
111111111111111111111110111000000001100
111111111111111111111110110111100101110
111111111111111111111110110111001010000
111111111111111111111110110110101110010
111111111111111111111110110110010010100
111111111111111111111110110101110110110
111111111111111111111110110101011011000
111111111111111111111110110100111111010
111111111111111111111110110100100011100
111111111111111111111110110100000111110
111111111111111111111110110011101100000
111111111111111111111110110011010000010
111111111111111111111110110010110100100
111111111111111111111110110010011000110
111111111111111111111110110001111101000
111111111111111111111110110001100001010
111111111111111111111110110001000101100
111111111111111111111110110000101001110
111111111111111111111110110000001110000
111111111111111111111110101111110010010
111111111111111111111110101111010110100
111111111111111111111110101110111010110
111111111111111111111110101110011111000
111111111111111111111110101110000011010
111111111111111111111110101101100111100
111111111111111111111110101101001011110
111111111111111111111110101100110000000
111111111111111111111110101100010100010
111111111111111111111110101011111000100
111111111111111111111110101011011100110
111111111111111111111110101011000001000
111111111111111111111110101010100101010
111111111111111111111110101010001001100
111111111111111111111110101001101101110
111111111111111111111110101001010010000
111111111111111111111110101000110110010
111111111111111111111110101000011010100
111111111111111111111110100111111110110
111111111111111111111110100111100011000
111111111111111111111110100111000111010
111111111111111111111110100110101011100
111111111111111111111110100110001111110
111111111111111111111110100101110100000
111111111111111111111110100101011000010
111111111111111111111110100100111100100
111111111111111111111110100100100000110
111111111111111111111110100100000101000
111111111111111111111110100011101001010
111111111111111111111110100011001101100
111111111111111111111110100010110001110
111111111111111111111110100010010110000
111111111111111111111110100001111010010
111111111111111111111110100001011110100
111111111111111111111110100001000010110
111111111111111111111110100000100111000
111111111111111111111110100000001011010
111111111111111111111110011111101111100
111111111111111111111110011111010011110
111111111111111111111110011110111000000
111111111111111111111110011110011100010
111111111111111111111110011110000000100
111111111111111111111110011101100100110
111111111111111111111110011101001001000
111111111111111111111110011100101101010
111111111111111111111110011100010001100
111111111111111111111110011011110101110
111111111111111111111110011011011010000
111111111111111111111110011010111110010
111111111111111111111110011010100010100
111111111111111111111110011010000110110
111111111111111111111110011001101011000
111111111111111111111110011001001111010
111111111111111111111110011000110011100
111111111111111111111110011000010111110
111111111111111111111110010111111100000
111111111111111111111110010111100000010
111111111111111111111110010111000100100
111111111111111111111110010110101000110
111111111111111111111110010110001101000
111111111111111111111110010101110001010
111111111111111111111110010101010101100
111111111111111111111110010100111001110
111111111111111111111110010100011110000
111111111111111111111110010100000010010
111111111111111111111110010011100110100
111111111111111111111110010011001010110
111111111111111111111110010010101111000
111111111111111111111110010010010011010
111111111111111111111110010001110111100
111111111111111111111110010001011011110
