000000000000000000000000000000000000000
111111111111111111111111111111100100000
111111111111111111111111111111001000000
111111111111111111111111111110101100000
111111111111111111111111111110010000000
111111111111111111111111111101110100000
111111111111111111111111111101011000000
111111111111111111111111111100111100000
111111111111111111111111111100100000000
111111111111111111111111111100000100000
111111111111111111111111111011101000000
111111111111111111111111111011001100000
111111111111111111111111111010110000000
111111111111111111111111111010010100000
111111111111111111111111111001111000000
111111111111111111111111111001011100000
111111111111111111111111111001000000000
111111111111111111111111111000100100000
111111111111111111111111111000001000000
111111111111111111111111110111101100000
111111111111111111111111110111010000000
111111111111111111111111110110110100000
111111111111111111111111110110011000000
111111111111111111111111110101111100000
111111111111111111111111110101100000000
111111111111111111111111110101000100000
111111111111111111111111110100101000000
111111111111111111111111110100001100000
111111111111111111111111110011110000000
111111111111111111111111110011010100000
111111111111111111111111110010111000000
111111111111111111111111110010011100000
111111111111111111111111110010000000000
111111111111111111111111110001100100000
111111111111111111111111110001001000000
111111111111111111111111110000101100000
111111111111111111111111110000010000000
111111111111111111111111101111110100000
111111111111111111111111101111011000000
111111111111111111111111101110111100000
111111111111111111111111101110100000000
111111111111111111111111101110000100000
111111111111111111111111101101101000000
111111111111111111111111101101001100000
111111111111111111111111101100110000000
111111111111111111111111101100010100000
111111111111111111111111101011111000000
111111111111111111111111101011011100000
111111111111111111111111101011000000000
111111111111111111111111101010100100000
111111111111111111111111101010001000000
111111111111111111111111101001101100000
111111111111111111111111101001010000000
111111111111111111111111101000110100000
111111111111111111111111101000011000000
111111111111111111111111100111111100000
111111111111111111111111100111100000000
111111111111111111111111100111000100000
111111111111111111111111100110101000000
111111111111111111111111100110001100000
111111111111111111111111100101110000000
111111111111111111111111100101010100000
111111111111111111111111100100111000000
111111111111111111111111100100011100000
111111111111111111111111100100000000000
111111111111111111111111100011100100000
111111111111111111111111100011001000000
111111111111111111111111100010101100000
111111111111111111111111100010010000000
111111111111111111111111100001110100000
111111111111111111111111100001011000000
111111111111111111111111100000111100000
111111111111111111111111100000100000000
111111111111111111111111100000000100000
111111111111111111111111011111101000000
111111111111111111111111011111001100000
111111111111111111111111011110110000000
111111111111111111111111011110010100000
111111111111111111111111011101111000000
111111111111111111111111011101011100000
111111111111111111111111011101000000000
111111111111111111111111011100100100000
111111111111111111111111011100001000000
111111111111111111111111011011101100000
111111111111111111111111011011010000000
111111111111111111111111011010110100000
111111111111111111111111011010011000000
111111111111111111111111011001111100000
111111111111111111111111011001100000000
111111111111111111111111011001000100000
111111111111111111111111011000101000000
111111111111111111111111011000001100000
111111111111111111111111010111110000000
111111111111111111111111010111010100000
111111111111111111111111010110111000000
111111111111111111111111010110011100000
111111111111111111111111010110000000000
111111111111111111111111010101100100000
111111111111111111111111010101001000000
111111111111111111111111010100101100000
111111111111111111111111010100010000000
111111111111111111111111010011110100000
111111111111111111111111010011011000000
111111111111111111111111010010111100000
111111111111111111111111010010100000000
111111111111111111111111010010000100000
111111111111111111111111010001101000000
111111111111111111111111010001001100000
111111111111111111111111010000110000000
111111111111111111111111010000010100000
111111111111111111111111001111111000000
111111111111111111111111001111011100000
111111111111111111111111001111000000000
111111111111111111111111001110100100000
111111111111111111111111001110001000000
111111111111111111111111001101101100000
111111111111111111111111001101010000000
111111111111111111111111001100110100000
111111111111111111111111001100011000000
111111111111111111111111001011111100000
111111111111111111111111001011100000000
111111111111111111111111001011000100000
111111111111111111111111001010101000000
111111111111111111111111001010001100000
111111111111111111111111001001110000000
111111111111111111111111001001010100000
111111111111111111111111001000111000000
111111111111111111111111001000011100000
111111111111111111111111001000000000000
111111111111111111111111000111100100000
111111111111111111111111000111001000000
111111111111111111111111000110101100000
111111111111111111111111000110010000000
111111111111111111111111000101110100000
111111111111111111111111000101011000000
111111111111111111111111000100111100000
111111111111111111111111000100100000000
111111111111111111111111000100000100000
111111111111111111111111000011101000000
111111111111111111111111000011001100000
111111111111111111111111000010110000000
111111111111111111111111000010010100000
111111111111111111111111000001111000000
111111111111111111111111000001011100000
111111111111111111111111000001000000000
111111111111111111111111000000100100000
111111111111111111111111000000001000000
111111111111111111111110111111101100000
111111111111111111111110111111010000000
111111111111111111111110111110110100000
111111111111111111111110111110011000000
111111111111111111111110111101111100000
111111111111111111111110111101100000000
111111111111111111111110111101000100000
111111111111111111111110111100101000000
111111111111111111111110111100001100000
111111111111111111111110111011110000000
111111111111111111111110111011010100000
111111111111111111111110111010111000000
111111111111111111111110111010011100000
111111111111111111111110111010000000000
111111111111111111111110111001100100000
111111111111111111111110111001001000000
111111111111111111111110111000101100000
111111111111111111111110111000010000000
111111111111111111111110110111110100000
111111111111111111111110110111011000000
111111111111111111111110110110111100000
111111111111111111111110110110100000000
111111111111111111111110110110000100000
111111111111111111111110110101101000000
111111111111111111111110110101001100000
111111111111111111111110110100110000000
111111111111111111111110110100010100000
111111111111111111111110110011111000000
111111111111111111111110110011011100000
111111111111111111111110110011000000000
111111111111111111111110110010100100000
111111111111111111111110110010001000000
111111111111111111111110110001101100000
111111111111111111111110110001010000000
111111111111111111111110110000110100000
111111111111111111111110110000011000000
111111111111111111111110101111111100000
111111111111111111111110101111100000000
111111111111111111111110101111000100000
111111111111111111111110101110101000000
111111111111111111111110101110001100000
111111111111111111111110101101110000000
111111111111111111111110101101010100000
111111111111111111111110101100111000000
111111111111111111111110101100011100000
111111111111111111111110101100000000000
111111111111111111111110101011100100000
111111111111111111111110101011001000000
111111111111111111111110101010101100000
111111111111111111111110101010010000000
111111111111111111111110101001110100000
111111111111111111111110101001011000000
111111111111111111111110101000111100000
111111111111111111111110101000100000000
111111111111111111111110101000000100000
111111111111111111111110100111101000000
111111111111111111111110100111001100000
111111111111111111111110100110110000000
111111111111111111111110100110010100000
111111111111111111111110100101111000000
111111111111111111111110100101011100000
111111111111111111111110100101000000000
111111111111111111111110100100100100000
111111111111111111111110100100001000000
111111111111111111111110100011101100000
111111111111111111111110100011010000000
111111111111111111111110100010110100000
111111111111111111111110100010011000000
111111111111111111111110100001111100000
111111111111111111111110100001100000000
111111111111111111111110100001000100000
111111111111111111111110100000101000000
111111111111111111111110100000001100000
111111111111111111111110011111110000000
111111111111111111111110011111010100000
111111111111111111111110011110111000000
111111111111111111111110011110011100000
111111111111111111111110011110000000000
111111111111111111111110011101100100000
111111111111111111111110011101001000000
111111111111111111111110011100101100000
111111111111111111111110011100010000000
111111111111111111111110011011110100000
111111111111111111111110011011011000000
111111111111111111111110011010111100000
111111111111111111111110011010100000000
111111111111111111111110011010000100000
111111111111111111111110011001101000000
111111111111111111111110011001001100000
111111111111111111111110011000110000000
111111111111111111111110011000010100000
111111111111111111111110010111111000000
111111111111111111111110010111011100000
111111111111111111111110010111000000000
111111111111111111111110010110100100000
111111111111111111111110010110001000000
111111111111111111111110010101101100000
111111111111111111111110010101010000000
111111111111111111111110010100110100000
111111111111111111111110010100011000000
111111111111111111111110010011111100000
111111111111111111111110010011100000000
111111111111111111111110010011000100000
111111111111111111111110010010101000000
111111111111111111111110010010001100000
111111111111111111111110010001110000000
111111111111111111111110010001010100000
111111111111111111111110010000111000000
111111111111111111111110010000011100000
