000000000000000000000000000000000000000
111111111111111111111111111111101000010
111111111111111111111111111111010000100
111111111111111111111111111110111000110
111111111111111111111111111110100001000
111111111111111111111111111110001001010
111111111111111111111111111101110001100
111111111111111111111111111101011001110
111111111111111111111111111101000010000
111111111111111111111111111100101010010
111111111111111111111111111100010010100
111111111111111111111111111011111010110
111111111111111111111111111011100011000
111111111111111111111111111011001011010
111111111111111111111111111010110011100
111111111111111111111111111010011011110
111111111111111111111111111010000100000
111111111111111111111111111001101100010
111111111111111111111111111001010100100
111111111111111111111111111000111100110
111111111111111111111111111000100101000
111111111111111111111111111000001101010
111111111111111111111111110111110101100
111111111111111111111111110111011101110
111111111111111111111111110111000110000
111111111111111111111111110110101110010
111111111111111111111111110110010110100
111111111111111111111111110101111110110
111111111111111111111111110101100111000
111111111111111111111111110101001111010
111111111111111111111111110100110111100
111111111111111111111111110100011111110
111111111111111111111111110100001000000
111111111111111111111111110011110000010
111111111111111111111111110011011000100
111111111111111111111111110011000000110
111111111111111111111111110010101001000
111111111111111111111111110010010001010
111111111111111111111111110001111001100
111111111111111111111111110001100001110
111111111111111111111111110001001010000
111111111111111111111111110000110010010
111111111111111111111111110000011010100
111111111111111111111111110000000010110
111111111111111111111111101111101011000
111111111111111111111111101111010011010
111111111111111111111111101110111011100
111111111111111111111111101110100011110
111111111111111111111111101110001100000
111111111111111111111111101101110100010
111111111111111111111111101101011100100
111111111111111111111111101101000100110
111111111111111111111111101100101101000
111111111111111111111111101100010101010
111111111111111111111111101011111101100
111111111111111111111111101011100101110
111111111111111111111111101011001110000
111111111111111111111111101010110110010
111111111111111111111111101010011110100
111111111111111111111111101010000110110
111111111111111111111111101001101111000
111111111111111111111111101001010111010
111111111111111111111111101000111111100
111111111111111111111111101000100111110
111111111111111111111111101000010000000
111111111111111111111111100111111000010
111111111111111111111111100111100000100
111111111111111111111111100111001000110
111111111111111111111111100110110001000
111111111111111111111111100110011001010
111111111111111111111111100110000001100
111111111111111111111111100101101001110
111111111111111111111111100101010010000
111111111111111111111111100100111010010
111111111111111111111111100100100010100
111111111111111111111111100100001010110
111111111111111111111111100011110011000
111111111111111111111111100011011011010
111111111111111111111111100011000011100
111111111111111111111111100010101011110
111111111111111111111111100010010100000
111111111111111111111111100001111100010
111111111111111111111111100001100100100
111111111111111111111111100001001100110
111111111111111111111111100000110101000
111111111111111111111111100000011101010
111111111111111111111111100000000101100
111111111111111111111111011111101101110
111111111111111111111111011111010110000
111111111111111111111111011110111110010
111111111111111111111111011110100110100
111111111111111111111111011110001110110
111111111111111111111111011101110111000
111111111111111111111111011101011111010
111111111111111111111111011101000111100
111111111111111111111111011100101111110
111111111111111111111111011100011000000
111111111111111111111111011100000000010
111111111111111111111111011011101000100
111111111111111111111111011011010000110
111111111111111111111111011010111001000
111111111111111111111111011010100001010
111111111111111111111111011010001001100
111111111111111111111111011001110001110
111111111111111111111111011001011010000
111111111111111111111111011001000010010
111111111111111111111111011000101010100
111111111111111111111111011000010010110
111111111111111111111111010111111011000
111111111111111111111111010111100011010
111111111111111111111111010111001011100
111111111111111111111111010110110011110
111111111111111111111111010110011100000
111111111111111111111111010110000100010
111111111111111111111111010101101100100
111111111111111111111111010101010100110
111111111111111111111111010100111101000
111111111111111111111111010100100101010
111111111111111111111111010100001101100
111111111111111111111111010011110101110
111111111111111111111111010011011110000
111111111111111111111111010011000110010
111111111111111111111111010010101110100
111111111111111111111111010010010110110
111111111111111111111111010001111111000
111111111111111111111111010001100111010
111111111111111111111111010001001111100
111111111111111111111111010000110111110
111111111111111111111111010000100000000
111111111111111111111111010000001000010
111111111111111111111111001111110000100
111111111111111111111111001111011000110
111111111111111111111111001111000001000
111111111111111111111111001110101001010
111111111111111111111111001110010001100
111111111111111111111111001101111001110
111111111111111111111111001101100010000
111111111111111111111111001101001010010
111111111111111111111111001100110010100
111111111111111111111111001100011010110
111111111111111111111111001100000011000
111111111111111111111111001011101011010
111111111111111111111111001011010011100
111111111111111111111111001010111011110
111111111111111111111111001010100100000
111111111111111111111111001010001100010
111111111111111111111111001001110100100
111111111111111111111111001001011100110
111111111111111111111111001001000101000
111111111111111111111111001000101101010
111111111111111111111111001000010101100
111111111111111111111111000111111101110
111111111111111111111111000111100110000
111111111111111111111111000111001110010
111111111111111111111111000110110110100
111111111111111111111111000110011110110
111111111111111111111111000110000111000
111111111111111111111111000101101111010
111111111111111111111111000101010111100
111111111111111111111111000100111111110
111111111111111111111111000100101000000
111111111111111111111111000100010000010
111111111111111111111111000011111000100
111111111111111111111111000011100000110
111111111111111111111111000011001001000
111111111111111111111111000010110001010
111111111111111111111111000010011001100
111111111111111111111111000010000001110
111111111111111111111111000001101010000
111111111111111111111111000001010010010
111111111111111111111111000000111010100
111111111111111111111111000000100010110
111111111111111111111111000000001011000
111111111111111111111110111111110011010
111111111111111111111110111111011011100
111111111111111111111110111111000011110
111111111111111111111110111110101100000
111111111111111111111110111110010100010
111111111111111111111110111101111100100
111111111111111111111110111101100100110
111111111111111111111110111101001101000
111111111111111111111110111100110101010
111111111111111111111110111100011101100
111111111111111111111110111100000101110
111111111111111111111110111011101110000
111111111111111111111110111011010110010
111111111111111111111110111010111110100
111111111111111111111110111010100110110
111111111111111111111110111010001111000
111111111111111111111110111001110111010
111111111111111111111110111001011111100
111111111111111111111110111001000111110
111111111111111111111110111000110000000
111111111111111111111110111000011000010
111111111111111111111110111000000000100
111111111111111111111110110111101000110
111111111111111111111110110111010001000
111111111111111111111110110110111001010
111111111111111111111110110110100001100
111111111111111111111110110110001001110
111111111111111111111110110101110010000
111111111111111111111110110101011010010
111111111111111111111110110101000010100
111111111111111111111110110100101010110
111111111111111111111110110100010011000
111111111111111111111110110011111011010
111111111111111111111110110011100011100
111111111111111111111110110011001011110
111111111111111111111110110010110100000
111111111111111111111110110010011100010
111111111111111111111110110010000100100
111111111111111111111110110001101100110
111111111111111111111110110001010101000
111111111111111111111110110000111101010
111111111111111111111110110000100101100
111111111111111111111110110000001101110
111111111111111111111110101111110110000
111111111111111111111110101111011110010
111111111111111111111110101111000110100
111111111111111111111110101110101110110
111111111111111111111110101110010111000
111111111111111111111110101101111111010
111111111111111111111110101101100111100
111111111111111111111110101101001111110
111111111111111111111110101100111000000
111111111111111111111110101100100000010
111111111111111111111110101100001000100
111111111111111111111110101011110000110
111111111111111111111110101011011001000
111111111111111111111110101011000001010
111111111111111111111110101010101001100
111111111111111111111110101010010001110
111111111111111111111110101001111010000
111111111111111111111110101001100010010
111111111111111111111110101001001010100
111111111111111111111110101000110010110
111111111111111111111110101000011011000
111111111111111111111110101000000011010
111111111111111111111110100111101011100
111111111111111111111110100111010011110
111111111111111111111110100110111100000
111111111111111111111110100110100100010
111111111111111111111110100110001100100
111111111111111111111110100101110100110
111111111111111111111110100101011101000
111111111111111111111110100101000101010
111111111111111111111110100100101101100
111111111111111111111110100100010101110
111111111111111111111110100011111110000
111111111111111111111110100011100110010
111111111111111111111110100011001110100
111111111111111111111110100010110110110
111111111111111111111110100010011111000
111111111111111111111110100010000111010
111111111111111111111110100001101111100
111111111111111111111110100001010111110
