000000000000000000000000000000000000000
000000000000000000000000000000000001110
000000000000000000000000000000000011100
000000000000000000000000000000000101010
000000000000000000000000000000000111000
000000000000000000000000000000001000110
000000000000000000000000000000001010100
000000000000000000000000000000001100010
000000000000000000000000000000001110000
000000000000000000000000000000001111110
000000000000000000000000000000010001100
000000000000000000000000000000010011010
000000000000000000000000000000010101000
000000000000000000000000000000010110110
000000000000000000000000000000011000100
000000000000000000000000000000011010010
000000000000000000000000000000011100000
000000000000000000000000000000011101110
000000000000000000000000000000011111100
000000000000000000000000000000100001010
000000000000000000000000000000100011000
000000000000000000000000000000100100110
000000000000000000000000000000100110100
000000000000000000000000000000101000010
000000000000000000000000000000101010000
000000000000000000000000000000101011110
000000000000000000000000000000101101100
000000000000000000000000000000101111010
000000000000000000000000000000110001000
000000000000000000000000000000110010110
000000000000000000000000000000110100100
000000000000000000000000000000110110010
000000000000000000000000000000111000000
000000000000000000000000000000111001110
000000000000000000000000000000111011100
000000000000000000000000000000111101010
000000000000000000000000000000111111000
000000000000000000000000000001000000110
000000000000000000000000000001000010100
000000000000000000000000000001000100010
000000000000000000000000000001000110000
000000000000000000000000000001000111110
000000000000000000000000000001001001100
000000000000000000000000000001001011010
000000000000000000000000000001001101000
000000000000000000000000000001001110110
000000000000000000000000000001010000100
000000000000000000000000000001010010010
000000000000000000000000000001010100000
000000000000000000000000000001010101110
000000000000000000000000000001010111100
000000000000000000000000000001011001010
000000000000000000000000000001011011000
000000000000000000000000000001011100110
000000000000000000000000000001011110100
000000000000000000000000000001100000010
000000000000000000000000000001100010000
000000000000000000000000000001100011110
000000000000000000000000000001100101100
000000000000000000000000000001100111010
000000000000000000000000000001101001000
000000000000000000000000000001101010110
000000000000000000000000000001101100100
000000000000000000000000000001101110010
000000000000000000000000000001110000000
000000000000000000000000000001110001110
000000000000000000000000000001110011100
000000000000000000000000000001110101010
000000000000000000000000000001110111000
000000000000000000000000000001111000110
000000000000000000000000000001111010100
000000000000000000000000000001111100010
000000000000000000000000000001111110000
000000000000000000000000000001111111110
000000000000000000000000000010000001100
000000000000000000000000000010000011010
000000000000000000000000000010000101000
000000000000000000000000000010000110110
000000000000000000000000000010001000100
000000000000000000000000000010001010010
000000000000000000000000000010001100000
000000000000000000000000000010001101110
000000000000000000000000000010001111100
000000000000000000000000000010010001010
000000000000000000000000000010010011000
000000000000000000000000000010010100110
000000000000000000000000000010010110100
000000000000000000000000000010011000010
000000000000000000000000000010011010000
000000000000000000000000000010011011110
000000000000000000000000000010011101100
000000000000000000000000000010011111010
000000000000000000000000000010100001000
000000000000000000000000000010100010110
000000000000000000000000000010100100100
000000000000000000000000000010100110010
000000000000000000000000000010101000000
000000000000000000000000000010101001110
000000000000000000000000000010101011100
000000000000000000000000000010101101010
000000000000000000000000000010101111000
000000000000000000000000000010110000110
000000000000000000000000000010110010100
000000000000000000000000000010110100010
000000000000000000000000000010110110000
000000000000000000000000000010110111110
000000000000000000000000000010111001100
000000000000000000000000000010111011010
000000000000000000000000000010111101000
000000000000000000000000000010111110110
000000000000000000000000000011000000100
000000000000000000000000000011000010010
000000000000000000000000000011000100000
000000000000000000000000000011000101110
000000000000000000000000000011000111100
000000000000000000000000000011001001010
000000000000000000000000000011001011000
000000000000000000000000000011001100110
000000000000000000000000000011001110100
000000000000000000000000000011010000010
000000000000000000000000000011010010000
000000000000000000000000000011010011110
000000000000000000000000000011010101100
000000000000000000000000000011010111010
000000000000000000000000000011011001000
000000000000000000000000000011011010110
000000000000000000000000000011011100100
000000000000000000000000000011011110010
000000000000000000000000000011100000000
000000000000000000000000000011100001110
000000000000000000000000000011100011100
000000000000000000000000000011100101010
000000000000000000000000000011100111000
000000000000000000000000000011101000110
000000000000000000000000000011101010100
000000000000000000000000000011101100010
000000000000000000000000000011101110000
000000000000000000000000000011101111110
000000000000000000000000000011110001100
000000000000000000000000000011110011010
000000000000000000000000000011110101000
000000000000000000000000000011110110110
000000000000000000000000000011111000100
000000000000000000000000000011111010010
000000000000000000000000000011111100000
000000000000000000000000000011111101110
000000000000000000000000000011111111100
000000000000000000000000000100000001010
000000000000000000000000000100000011000
000000000000000000000000000100000100110
000000000000000000000000000100000110100
000000000000000000000000000100001000010
000000000000000000000000000100001010000
000000000000000000000000000100001011110
000000000000000000000000000100001101100
000000000000000000000000000100001111010
000000000000000000000000000100010001000
000000000000000000000000000100010010110
000000000000000000000000000100010100100
000000000000000000000000000100010110010
000000000000000000000000000100011000000
000000000000000000000000000100011001110
000000000000000000000000000100011011100
000000000000000000000000000100011101010
000000000000000000000000000100011111000
000000000000000000000000000100100000110
000000000000000000000000000100100010100
000000000000000000000000000100100100010
000000000000000000000000000100100110000
000000000000000000000000000100100111110
000000000000000000000000000100101001100
000000000000000000000000000100101011010
000000000000000000000000000100101101000
000000000000000000000000000100101110110
000000000000000000000000000100110000100
000000000000000000000000000100110010010
000000000000000000000000000100110100000
000000000000000000000000000100110101110
000000000000000000000000000100110111100
000000000000000000000000000100111001010
000000000000000000000000000100111011000
000000000000000000000000000100111100110
000000000000000000000000000100111110100
000000000000000000000000000101000000010
000000000000000000000000000101000010000
000000000000000000000000000101000011110
000000000000000000000000000101000101100
000000000000000000000000000101000111010
000000000000000000000000000101001001000
000000000000000000000000000101001010110
000000000000000000000000000101001100100
000000000000000000000000000101001110010
000000000000000000000000000101010000000
000000000000000000000000000101010001110
000000000000000000000000000101010011100
000000000000000000000000000101010101010
000000000000000000000000000101010111000
000000000000000000000000000101011000110
000000000000000000000000000101011010100
000000000000000000000000000101011100010
000000000000000000000000000101011110000
000000000000000000000000000101011111110
000000000000000000000000000101100001100
000000000000000000000000000101100011010
000000000000000000000000000101100101000
000000000000000000000000000101100110110
000000000000000000000000000101101000100
000000000000000000000000000101101010010
000000000000000000000000000101101100000
000000000000000000000000000101101101110
000000000000000000000000000101101111100
000000000000000000000000000101110001010
000000000000000000000000000101110011000
000000000000000000000000000101110100110
000000000000000000000000000101110110100
000000000000000000000000000101111000010
000000000000000000000000000101111010000
000000000000000000000000000101111011110
000000000000000000000000000101111101100
000000000000000000000000000101111111010
000000000000000000000000000110000001000
000000000000000000000000000110000010110
000000000000000000000000000110000100100
000000000000000000000000000110000110010
000000000000000000000000000110001000000
000000000000000000000000000110001001110
000000000000000000000000000110001011100
000000000000000000000000000110001101010
000000000000000000000000000110001111000
000000000000000000000000000110010000110
000000000000000000000000000110010010100
000000000000000000000000000110010100010
000000000000000000000000000110010110000
000000000000000000000000000110010111110
000000000000000000000000000110011001100
000000000000000000000000000110011011010
000000000000000000000000000110011101000
000000000000000000000000000110011110110
000000000000000000000000000110100000100
000000000000000000000000000110100010010
000000000000000000000000000110100100000
000000000000000000000000000110100101110
000000000000000000000000000110100111100
000000000000000000000000000110101001010
000000000000000000000000000110101011000
000000000000000000000000000110101100110
000000000000000000000000000110101110100
000000000000000000000000000110110000010
000000000000000000000000000110110010000
000000000000000000000000000110110011110
000000000000000000000000000110110101100
000000000000000000000000000110110111010
000000000000000000000000000110111001000
000000000000000000000000000110111010110
000000000000000000000000000110111100100
000000000000000000000000000110111110010
