000000000000000000000000000000000000000
111111111111111111111111111111111010111
111111111111111111111111111111110101110
111111111111111111111111111111110000101
111111111111111111111111111111101011100
111111111111111111111111111111100110011
111111111111111111111111111111100001010
111111111111111111111111111111011100001
111111111111111111111111111111010111000
111111111111111111111111111111010001111
111111111111111111111111111111001100110
111111111111111111111111111111000111101
111111111111111111111111111111000010100
111111111111111111111111111110111101011
111111111111111111111111111110111000010
111111111111111111111111111110110011001
111111111111111111111111111110101110000
111111111111111111111111111110101000111
111111111111111111111111111110100011110
111111111111111111111111111110011110101
111111111111111111111111111110011001100
111111111111111111111111111110010100011
111111111111111111111111111110001111010
111111111111111111111111111110001010001
111111111111111111111111111110000101000
111111111111111111111111111101111111111
111111111111111111111111111101111010110
111111111111111111111111111101110101101
111111111111111111111111111101110000100
111111111111111111111111111101101011011
111111111111111111111111111101100110010
111111111111111111111111111101100001001
111111111111111111111111111101011100000
111111111111111111111111111101010110111
111111111111111111111111111101010001110
111111111111111111111111111101001100101
111111111111111111111111111101000111100
111111111111111111111111111101000010011
111111111111111111111111111100111101010
111111111111111111111111111100111000001
111111111111111111111111111100110011000
111111111111111111111111111100101101111
111111111111111111111111111100101000110
111111111111111111111111111100100011101
111111111111111111111111111100011110100
111111111111111111111111111100011001011
111111111111111111111111111100010100010
111111111111111111111111111100001111001
111111111111111111111111111100001010000
111111111111111111111111111100000100111
111111111111111111111111111011111111110
111111111111111111111111111011111010101
111111111111111111111111111011110101100
111111111111111111111111111011110000011
111111111111111111111111111011101011010
111111111111111111111111111011100110001
111111111111111111111111111011100001000
111111111111111111111111111011011011111
111111111111111111111111111011010110110
111111111111111111111111111011010001101
111111111111111111111111111011001100100
111111111111111111111111111011000111011
111111111111111111111111111011000010010
111111111111111111111111111010111101001
111111111111111111111111111010111000000
111111111111111111111111111010110010111
111111111111111111111111111010101101110
111111111111111111111111111010101000101
111111111111111111111111111010100011100
111111111111111111111111111010011110011
111111111111111111111111111010011001010
111111111111111111111111111010010100001
111111111111111111111111111010001111000
111111111111111111111111111010001001111
111111111111111111111111111010000100110
111111111111111111111111111001111111101
111111111111111111111111111001111010100
111111111111111111111111111001110101011
111111111111111111111111111001110000010
111111111111111111111111111001101011001
111111111111111111111111111001100110000
111111111111111111111111111001100000111
111111111111111111111111111001011011110
111111111111111111111111111001010110101
111111111111111111111111111001010001100
111111111111111111111111111001001100011
111111111111111111111111111001000111010
111111111111111111111111111001000010001
111111111111111111111111111000111101000
111111111111111111111111111000110111111
111111111111111111111111111000110010110
111111111111111111111111111000101101101
111111111111111111111111111000101000100
111111111111111111111111111000100011011
111111111111111111111111111000011110010
111111111111111111111111111000011001001
111111111111111111111111111000010100000
111111111111111111111111111000001110111
111111111111111111111111111000001001110
111111111111111111111111111000000100101
111111111111111111111111110111111111100
111111111111111111111111110111111010011
111111111111111111111111110111110101010
111111111111111111111111110111110000001
111111111111111111111111110111101011000
111111111111111111111111110111100101111
111111111111111111111111110111100000110
111111111111111111111111110111011011101
111111111111111111111111110111010110100
111111111111111111111111110111010001011
111111111111111111111111110111001100010
111111111111111111111111110111000111001
111111111111111111111111110111000010000
111111111111111111111111110110111100111
111111111111111111111111110110110111110
111111111111111111111111110110110010101
111111111111111111111111110110101101100
111111111111111111111111110110101000011
111111111111111111111111110110100011010
111111111111111111111111110110011110001
111111111111111111111111110110011001000
111111111111111111111111110110010011111
111111111111111111111111110110001110110
111111111111111111111111110110001001101
111111111111111111111111110110000100100
111111111111111111111111110101111111011
111111111111111111111111110101111010010
111111111111111111111111110101110101001
111111111111111111111111110101110000000
111111111111111111111111110101101010111
111111111111111111111111110101100101110
111111111111111111111111110101100000101
111111111111111111111111110101011011100
111111111111111111111111110101010110011
111111111111111111111111110101010001010
111111111111111111111111110101001100001
111111111111111111111111110101000111000
111111111111111111111111110101000001111
111111111111111111111111110100111100110
111111111111111111111111110100110111101
111111111111111111111111110100110010100
111111111111111111111111110100101101011
111111111111111111111111110100101000010
111111111111111111111111110100100011001
111111111111111111111111110100011110000
111111111111111111111111110100011000111
111111111111111111111111110100010011110
111111111111111111111111110100001110101
111111111111111111111111110100001001100
111111111111111111111111110100000100011
111111111111111111111111110011111111010
111111111111111111111111110011111010001
111111111111111111111111110011110101000
111111111111111111111111110011101111111
111111111111111111111111110011101010110
111111111111111111111111110011100101101
111111111111111111111111110011100000100
111111111111111111111111110011011011011
111111111111111111111111110011010110010
111111111111111111111111110011010001001
111111111111111111111111110011001100000
111111111111111111111111110011000110111
111111111111111111111111110011000001110
111111111111111111111111110010111100101
111111111111111111111111110010110111100
111111111111111111111111110010110010011
111111111111111111111111110010101101010
111111111111111111111111110010101000001
111111111111111111111111110010100011000
111111111111111111111111110010011101111
111111111111111111111111110010011000110
111111111111111111111111110010010011101
111111111111111111111111110010001110100
111111111111111111111111110010001001011
111111111111111111111111110010000100010
111111111111111111111111110001111111001
111111111111111111111111110001111010000
111111111111111111111111110001110100111
111111111111111111111111110001101111110
111111111111111111111111110001101010101
111111111111111111111111110001100101100
111111111111111111111111110001100000011
111111111111111111111111110001011011010
111111111111111111111111110001010110001
111111111111111111111111110001010001000
111111111111111111111111110001001011111
111111111111111111111111110001000110110
111111111111111111111111110001000001101
111111111111111111111111110000111100100
111111111111111111111111110000110111011
111111111111111111111111110000110010010
111111111111111111111111110000101101001
111111111111111111111111110000101000000
111111111111111111111111110000100010111
111111111111111111111111110000011101110
111111111111111111111111110000011000101
111111111111111111111111110000010011100
111111111111111111111111110000001110011
111111111111111111111111110000001001010
111111111111111111111111110000000100001
111111111111111111111111101111111111000
111111111111111111111111101111111001111
111111111111111111111111101111110100110
111111111111111111111111101111101111101
111111111111111111111111101111101010100
111111111111111111111111101111100101011
111111111111111111111111101111100000010
111111111111111111111111101111011011001
111111111111111111111111101111010110000
111111111111111111111111101111010000111
111111111111111111111111101111001011110
111111111111111111111111101111000110101
111111111111111111111111101111000001100
111111111111111111111111101110111100011
111111111111111111111111101110110111010
111111111111111111111111101110110010001
111111111111111111111111101110101101000
111111111111111111111111101110100111111
111111111111111111111111101110100010110
111111111111111111111111101110011101101
111111111111111111111111101110011000100
111111111111111111111111101110010011011
111111111111111111111111101110001110010
111111111111111111111111101110001001001
111111111111111111111111101110000100000
111111111111111111111111101101111110111
111111111111111111111111101101111001110
111111111111111111111111101101110100101
111111111111111111111111101101101111100
111111111111111111111111101101101010011
111111111111111111111111101101100101010
111111111111111111111111101101100000001
111111111111111111111111101101011011000
111111111111111111111111101101010101111
111111111111111111111111101101010000110
111111111111111111111111101101001011101
111111111111111111111111101101000110100
111111111111111111111111101101000001011
111111111111111111111111101100111100010
111111111111111111111111101100110111001
111111111111111111111111101100110010000
111111111111111111111111101100101100111
111111111111111111111111101100100111110
111111111111111111111111101100100010101
111111111111111111111111101100011101100
111111111111111111111111101100011000011
111111111111111111111111101100010011010
111111111111111111111111101100001110001
111111111111111111111111101100001001000
111111111111111111111111101100000011111
111111111111111111111111101011111110110
111111111111111111111111101011111001101
111111111111111111111111101011110100100
111111111111111111111111101011101111011
111111111111111111111111101011101010010
111111111111111111111111101011100101001
