000000000000000000000000000000000000000
111111111111111111111111111111111110001
111111111111111111111111111111111100010
111111111111111111111111111111111010011
111111111111111111111111111111111000100
111111111111111111111111111111110110101
111111111111111111111111111111110100110
111111111111111111111111111111110010111
111111111111111111111111111111110001000
111111111111111111111111111111101111001
111111111111111111111111111111101101010
111111111111111111111111111111101011011
111111111111111111111111111111101001100
111111111111111111111111111111100111101
111111111111111111111111111111100101110
111111111111111111111111111111100011111
111111111111111111111111111111100010000
111111111111111111111111111111100000001
111111111111111111111111111111011110010
111111111111111111111111111111011100011
111111111111111111111111111111011010100
111111111111111111111111111111011000101
111111111111111111111111111111010110110
111111111111111111111111111111010100111
111111111111111111111111111111010011000
111111111111111111111111111111010001001
111111111111111111111111111111001111010
111111111111111111111111111111001101011
111111111111111111111111111111001011100
111111111111111111111111111111001001101
111111111111111111111111111111000111110
111111111111111111111111111111000101111
111111111111111111111111111111000100000
111111111111111111111111111111000010001
111111111111111111111111111111000000010
111111111111111111111111111110111110011
111111111111111111111111111110111100100
111111111111111111111111111110111010101
111111111111111111111111111110111000110
111111111111111111111111111110110110111
111111111111111111111111111110110101000
111111111111111111111111111110110011001
111111111111111111111111111110110001010
111111111111111111111111111110101111011
111111111111111111111111111110101101100
111111111111111111111111111110101011101
111111111111111111111111111110101001110
111111111111111111111111111110100111111
111111111111111111111111111110100110000
111111111111111111111111111110100100001
111111111111111111111111111110100010010
111111111111111111111111111110100000011
111111111111111111111111111110011110100
111111111111111111111111111110011100101
111111111111111111111111111110011010110
111111111111111111111111111110011000111
111111111111111111111111111110010111000
111111111111111111111111111110010101001
111111111111111111111111111110010011010
111111111111111111111111111110010001011
111111111111111111111111111110001111100
111111111111111111111111111110001101101
111111111111111111111111111110001011110
111111111111111111111111111110001001111
111111111111111111111111111110001000000
111111111111111111111111111110000110001
111111111111111111111111111110000100010
111111111111111111111111111110000010011
111111111111111111111111111110000000100
111111111111111111111111111101111110101
111111111111111111111111111101111100110
111111111111111111111111111101111010111
111111111111111111111111111101111001000
111111111111111111111111111101110111001
111111111111111111111111111101110101010
111111111111111111111111111101110011011
111111111111111111111111111101110001100
111111111111111111111111111101101111101
111111111111111111111111111101101101110
111111111111111111111111111101101011111
111111111111111111111111111101101010000
111111111111111111111111111101101000001
111111111111111111111111111101100110010
111111111111111111111111111101100100011
111111111111111111111111111101100010100
111111111111111111111111111101100000101
111111111111111111111111111101011110110
111111111111111111111111111101011100111
111111111111111111111111111101011011000
111111111111111111111111111101011001001
111111111111111111111111111101010111010
111111111111111111111111111101010101011
111111111111111111111111111101010011100
111111111111111111111111111101010001101
111111111111111111111111111101001111110
111111111111111111111111111101001101111
111111111111111111111111111101001100000
111111111111111111111111111101001010001
111111111111111111111111111101001000010
111111111111111111111111111101000110011
111111111111111111111111111101000100100
111111111111111111111111111101000010101
111111111111111111111111111101000000110
111111111111111111111111111100111110111
111111111111111111111111111100111101000
111111111111111111111111111100111011001
111111111111111111111111111100111001010
111111111111111111111111111100110111011
111111111111111111111111111100110101100
111111111111111111111111111100110011101
111111111111111111111111111100110001110
111111111111111111111111111100101111111
111111111111111111111111111100101110000
111111111111111111111111111100101100001
111111111111111111111111111100101010010
111111111111111111111111111100101000011
111111111111111111111111111100100110100
111111111111111111111111111100100100101
111111111111111111111111111100100010110
111111111111111111111111111100100000111
111111111111111111111111111100011111000
111111111111111111111111111100011101001
111111111111111111111111111100011011010
111111111111111111111111111100011001011
111111111111111111111111111100010111100
111111111111111111111111111100010101101
111111111111111111111111111100010011110
111111111111111111111111111100010001111
111111111111111111111111111100010000000
111111111111111111111111111100001110001
111111111111111111111111111100001100010
111111111111111111111111111100001010011
111111111111111111111111111100001000100
111111111111111111111111111100000110101
111111111111111111111111111100000100110
111111111111111111111111111100000010111
111111111111111111111111111100000001000
111111111111111111111111111011111111001
111111111111111111111111111011111101010
111111111111111111111111111011111011011
111111111111111111111111111011111001100
111111111111111111111111111011110111101
111111111111111111111111111011110101110
111111111111111111111111111011110011111
111111111111111111111111111011110010000
111111111111111111111111111011110000001
111111111111111111111111111011101110010
111111111111111111111111111011101100011
111111111111111111111111111011101010100
111111111111111111111111111011101000101
111111111111111111111111111011100110110
111111111111111111111111111011100100111
111111111111111111111111111011100011000
111111111111111111111111111011100001001
111111111111111111111111111011011111010
111111111111111111111111111011011101011
111111111111111111111111111011011011100
111111111111111111111111111011011001101
111111111111111111111111111011010111110
111111111111111111111111111011010101111
111111111111111111111111111011010100000
111111111111111111111111111011010010001
111111111111111111111111111011010000010
111111111111111111111111111011001110011
111111111111111111111111111011001100100
111111111111111111111111111011001010101
111111111111111111111111111011001000110
111111111111111111111111111011000110111
111111111111111111111111111011000101000
111111111111111111111111111011000011001
111111111111111111111111111011000001010
111111111111111111111111111010111111011
111111111111111111111111111010111101100
111111111111111111111111111010111011101
111111111111111111111111111010111001110
111111111111111111111111111010110111111
111111111111111111111111111010110110000
111111111111111111111111111010110100001
111111111111111111111111111010110010010
111111111111111111111111111010110000011
111111111111111111111111111010101110100
111111111111111111111111111010101100101
111111111111111111111111111010101010110
111111111111111111111111111010101000111
111111111111111111111111111010100111000
111111111111111111111111111010100101001
111111111111111111111111111010100011010
111111111111111111111111111010100001011
111111111111111111111111111010011111100
111111111111111111111111111010011101101
111111111111111111111111111010011011110
111111111111111111111111111010011001111
111111111111111111111111111010011000000
111111111111111111111111111010010110001
111111111111111111111111111010010100010
111111111111111111111111111010010010011
111111111111111111111111111010010000100
111111111111111111111111111010001110101
111111111111111111111111111010001100110
111111111111111111111111111010001010111
111111111111111111111111111010001001000
111111111111111111111111111010000111001
111111111111111111111111111010000101010
111111111111111111111111111010000011011
111111111111111111111111111010000001100
111111111111111111111111111001111111101
111111111111111111111111111001111101110
111111111111111111111111111001111011111
111111111111111111111111111001111010000
111111111111111111111111111001111000001
111111111111111111111111111001110110010
111111111111111111111111111001110100011
111111111111111111111111111001110010100
111111111111111111111111111001110000101
111111111111111111111111111001101110110
111111111111111111111111111001101100111
111111111111111111111111111001101011000
111111111111111111111111111001101001001
111111111111111111111111111001100111010
111111111111111111111111111001100101011
111111111111111111111111111001100011100
111111111111111111111111111001100001101
111111111111111111111111111001011111110
111111111111111111111111111001011101111
111111111111111111111111111001011100000
111111111111111111111111111001011010001
111111111111111111111111111001011000010
111111111111111111111111111001010110011
111111111111111111111111111001010100100
111111111111111111111111111001010010101
111111111111111111111111111001010000110
111111111111111111111111111001001110111
111111111111111111111111111001001101000
111111111111111111111111111001001011001
111111111111111111111111111001001001010
111111111111111111111111111001000111011
111111111111111111111111111001000101100
111111111111111111111111111001000011101
111111111111111111111111111001000001110
111111111111111111111111111000111111111
111111111111111111111111111000111110000
111111111111111111111111111000111100001
111111111111111111111111111000111010010
111111111111111111111111111000111000011
111111111111111111111111111000110110100
111111111111111111111111111000110100101
111111111111111111111111111000110010110
111111111111111111111111111000110000111
111111111111111111111111111000101111000
111111111111111111111111111000101101001
111111111111111111111111111000101011010
111111111111111111111111111000101001011
111111111111111111111111111000100111100
111111111111111111111111111000100101101
111111111111111111111111111000100011110
111111111111111111111111111000100001111
