000000000000000000000000000000000000000
000000000000000000000000000000011101001
000000000000000000000000000000111010010
000000000000000000000000000001010111011
000000000000000000000000000001110100100
000000000000000000000000000010010001101
000000000000000000000000000010101110110
000000000000000000000000000011001011111
000000000000000000000000000011101001000
000000000000000000000000000100000110001
000000000000000000000000000100100011010
000000000000000000000000000101000000011
000000000000000000000000000101011101100
000000000000000000000000000101111010101
000000000000000000000000000110010111110
000000000000000000000000000110110100111
000000000000000000000000000111010010000
000000000000000000000000000111101111001
000000000000000000000000001000001100010
000000000000000000000000001000101001011
000000000000000000000000001001000110100
000000000000000000000000001001100011101
000000000000000000000000001010000000110
000000000000000000000000001010011101111
000000000000000000000000001010111011000
000000000000000000000000001011011000001
000000000000000000000000001011110101010
000000000000000000000000001100010010011
000000000000000000000000001100101111100
000000000000000000000000001101001100101
000000000000000000000000001101101001110
000000000000000000000000001110000110111
000000000000000000000000001110100100000
000000000000000000000000001111000001001
000000000000000000000000001111011110010
000000000000000000000000001111111011011
000000000000000000000000010000011000100
000000000000000000000000010000110101101
000000000000000000000000010001010010110
000000000000000000000000010001101111111
000000000000000000000000010010001101000
000000000000000000000000010010101010001
000000000000000000000000010011000111010
000000000000000000000000010011100100011
000000000000000000000000010100000001100
000000000000000000000000010100011110101
000000000000000000000000010100111011110
000000000000000000000000010101011000111
000000000000000000000000010101110110000
000000000000000000000000010110010011001
000000000000000000000000010110110000010
000000000000000000000000010111001101011
000000000000000000000000010111101010100
000000000000000000000000011000000111101
000000000000000000000000011000100100110
000000000000000000000000011001000001111
000000000000000000000000011001011111000
000000000000000000000000011001111100001
000000000000000000000000011010011001010
000000000000000000000000011010110110011
000000000000000000000000011011010011100
000000000000000000000000011011110000101
000000000000000000000000011100001101110
000000000000000000000000011100101010111
000000000000000000000000011101001000000
000000000000000000000000011101100101001
000000000000000000000000011110000010010
000000000000000000000000011110011111011
000000000000000000000000011110111100100
000000000000000000000000011111011001101
000000000000000000000000011111110110110
000000000000000000000000100000010011111
000000000000000000000000100000110001000
000000000000000000000000100001001110001
000000000000000000000000100001101011010
000000000000000000000000100010001000011
000000000000000000000000100010100101100
000000000000000000000000100011000010101
000000000000000000000000100011011111110
000000000000000000000000100011111100111
000000000000000000000000100100011010000
000000000000000000000000100100110111001
000000000000000000000000100101010100010
000000000000000000000000100101110001011
000000000000000000000000100110001110100
000000000000000000000000100110101011101
000000000000000000000000100111001000110
000000000000000000000000100111100101111
000000000000000000000000101000000011000
000000000000000000000000101000100000001
000000000000000000000000101000111101010
000000000000000000000000101001011010011
000000000000000000000000101001110111100
000000000000000000000000101010010100101
000000000000000000000000101010110001110
000000000000000000000000101011001110111
000000000000000000000000101011101100000
000000000000000000000000101100001001001
000000000000000000000000101100100110010
000000000000000000000000101101000011011
000000000000000000000000101101100000100
000000000000000000000000101101111101101
000000000000000000000000101110011010110
000000000000000000000000101110110111111
000000000000000000000000101111010101000
000000000000000000000000101111110010001
000000000000000000000000110000001111010
000000000000000000000000110000101100011
000000000000000000000000110001001001100
000000000000000000000000110001100110101
000000000000000000000000110010000011110
000000000000000000000000110010100000111
000000000000000000000000110010111110000
000000000000000000000000110011011011001
000000000000000000000000110011111000010
000000000000000000000000110100010101011
000000000000000000000000110100110010100
000000000000000000000000110101001111101
000000000000000000000000110101101100110
000000000000000000000000110110001001111
000000000000000000000000110110100111000
000000000000000000000000110111000100001
000000000000000000000000110111100001010
000000000000000000000000110111111110011
000000000000000000000000111000011011100
000000000000000000000000111000111000101
000000000000000000000000111001010101110
000000000000000000000000111001110010111
000000000000000000000000111010010000000
000000000000000000000000111010101101001
000000000000000000000000111011001010010
000000000000000000000000111011100111011
000000000000000000000000111100000100100
000000000000000000000000111100100001101
000000000000000000000000111100111110110
000000000000000000000000111101011011111
000000000000000000000000111101111001000
000000000000000000000000111110010110001
000000000000000000000000111110110011010
000000000000000000000000111111010000011
000000000000000000000000111111101101100
000000000000000000000001000000001010101
000000000000000000000001000000100111110
000000000000000000000001000001000100111
000000000000000000000001000001100010000
000000000000000000000001000001111111001
000000000000000000000001000010011100010
000000000000000000000001000010111001011
000000000000000000000001000011010110100
000000000000000000000001000011110011101
000000000000000000000001000100010000110
000000000000000000000001000100101101111
000000000000000000000001000101001011000
000000000000000000000001000101101000001
000000000000000000000001000110000101010
000000000000000000000001000110100010011
000000000000000000000001000110111111100
000000000000000000000001000111011100101
000000000000000000000001000111111001110
000000000000000000000001001000010110111
000000000000000000000001001000110100000
000000000000000000000001001001010001001
000000000000000000000001001001101110010
000000000000000000000001001010001011011
000000000000000000000001001010101000100
000000000000000000000001001011000101101
000000000000000000000001001011100010110
000000000000000000000001001011111111111
000000000000000000000001001100011101000
000000000000000000000001001100111010001
000000000000000000000001001101010111010
000000000000000000000001001101110100011
000000000000000000000001001110010001100
000000000000000000000001001110101110101
000000000000000000000001001111001011110
000000000000000000000001001111101000111
000000000000000000000001010000000110000
000000000000000000000001010000100011001
000000000000000000000001010001000000010
000000000000000000000001010001011101011
000000000000000000000001010001111010100
000000000000000000000001010010010111101
000000000000000000000001010010110100110
000000000000000000000001010011010001111
000000000000000000000001010011101111000
000000000000000000000001010100001100001
000000000000000000000001010100101001010
000000000000000000000001010101000110011
000000000000000000000001010101100011100
000000000000000000000001010110000000101
000000000000000000000001010110011101110
000000000000000000000001010110111010111
000000000000000000000001010111011000000
000000000000000000000001010111110101001
000000000000000000000001011000010010010
000000000000000000000001011000101111011
000000000000000000000001011001001100100
000000000000000000000001011001101001101
000000000000000000000001011010000110110
000000000000000000000001011010100011111
000000000000000000000001011011000001000
000000000000000000000001011011011110001
000000000000000000000001011011111011010
000000000000000000000001011100011000011
000000000000000000000001011100110101100
000000000000000000000001011101010010101
000000000000000000000001011101101111110
000000000000000000000001011110001100111
000000000000000000000001011110101010000
000000000000000000000001011111000111001
000000000000000000000001011111100100010
000000000000000000000001100000000001011
000000000000000000000001100000011110100
000000000000000000000001100000111011101
000000000000000000000001100001011000110
000000000000000000000001100001110101111
000000000000000000000001100010010011000
000000000000000000000001100010110000001
000000000000000000000001100011001101010
000000000000000000000001100011101010011
000000000000000000000001100100000111100
000000000000000000000001100100100100101
000000000000000000000001100101000001110
000000000000000000000001100101011110111
000000000000000000000001100101111100000
000000000000000000000001100110011001001
000000000000000000000001100110110110010
000000000000000000000001100111010011011
000000000000000000000001100111110000100
000000000000000000000001101000001101101
000000000000000000000001101000101010110
000000000000000000000001101001000111111
000000000000000000000001101001100101000
000000000000000000000001101010000010001
000000000000000000000001101010011111010
000000000000000000000001101010111100011
000000000000000000000001101011011001100
000000000000000000000001101011110110101
000000000000000000000001101100010011110
000000000000000000000001101100110000111
000000000000000000000001101101001110000
000000000000000000000001101101101011001
000000000000000000000001101110001000010
000000000000000000000001101110100101011
000000000000000000000001101111000010100
000000000000000000000001101111011111101
000000000000000000000001101111111100110
000000000000000000000001110000011001111
000000000000000000000001110000110111000
000000000000000000000001110001010100001
000000000000000000000001110001110001010
000000000000000000000001110010001110011
000000000000000000000001110010101011100
000000000000000000000001110011001000101
000000000000000000000001110011100101110
000000000000000000000001110100000010111
