000000000000000000000000000000000000000
000000000000000000000000000000001101010
000000000000000000000000000000011010100
000000000000000000000000000000100111110
000000000000000000000000000000110101000
000000000000000000000000000001000010010
000000000000000000000000000001001111100
000000000000000000000000000001011100110
000000000000000000000000000001101010000
000000000000000000000000000001110111010
000000000000000000000000000010000100100
000000000000000000000000000010010001110
000000000000000000000000000010011111000
000000000000000000000000000010101100010
000000000000000000000000000010111001100
000000000000000000000000000011000110110
000000000000000000000000000011010100000
000000000000000000000000000011100001010
000000000000000000000000000011101110100
000000000000000000000000000011111011110
000000000000000000000000000100001001000
000000000000000000000000000100010110010
000000000000000000000000000100100011100
000000000000000000000000000100110000110
000000000000000000000000000100111110000
000000000000000000000000000101001011010
000000000000000000000000000101011000100
000000000000000000000000000101100101110
000000000000000000000000000101110011000
000000000000000000000000000110000000010
000000000000000000000000000110001101100
000000000000000000000000000110011010110
000000000000000000000000000110101000000
000000000000000000000000000110110101010
000000000000000000000000000111000010100
000000000000000000000000000111001111110
000000000000000000000000000111011101000
000000000000000000000000000111101010010
000000000000000000000000000111110111100
000000000000000000000000001000000100110
000000000000000000000000001000010010000
000000000000000000000000001000011111010
000000000000000000000000001000101100100
000000000000000000000000001000111001110
000000000000000000000000001001000111000
000000000000000000000000001001010100010
000000000000000000000000001001100001100
000000000000000000000000001001101110110
000000000000000000000000001001111100000
000000000000000000000000001010001001010
000000000000000000000000001010010110100
000000000000000000000000001010100011110
000000000000000000000000001010110001000
000000000000000000000000001010111110010
000000000000000000000000001011001011100
000000000000000000000000001011011000110
000000000000000000000000001011100110000
000000000000000000000000001011110011010
000000000000000000000000001100000000100
000000000000000000000000001100001101110
000000000000000000000000001100011011000
000000000000000000000000001100101000010
000000000000000000000000001100110101100
000000000000000000000000001101000010110
000000000000000000000000001101010000000
000000000000000000000000001101011101010
000000000000000000000000001101101010100
000000000000000000000000001101110111110
000000000000000000000000001110000101000
000000000000000000000000001110010010010
000000000000000000000000001110011111100
000000000000000000000000001110101100110
000000000000000000000000001110111010000
000000000000000000000000001111000111010
000000000000000000000000001111010100100
000000000000000000000000001111100001110
000000000000000000000000001111101111000
000000000000000000000000001111111100010
000000000000000000000000010000001001100
000000000000000000000000010000010110110
000000000000000000000000010000100100000
000000000000000000000000010000110001010
000000000000000000000000010000111110100
000000000000000000000000010001001011110
000000000000000000000000010001011001000
000000000000000000000000010001100110010
000000000000000000000000010001110011100
000000000000000000000000010010000000110
000000000000000000000000010010001110000
000000000000000000000000010010011011010
000000000000000000000000010010101000100
000000000000000000000000010010110101110
000000000000000000000000010011000011000
000000000000000000000000010011010000010
000000000000000000000000010011011101100
000000000000000000000000010011101010110
000000000000000000000000010011111000000
000000000000000000000000010100000101010
000000000000000000000000010100010010100
000000000000000000000000010100011111110
000000000000000000000000010100101101000
000000000000000000000000010100111010010
000000000000000000000000010101000111100
000000000000000000000000010101010100110
000000000000000000000000010101100010000
000000000000000000000000010101101111010
000000000000000000000000010101111100100
000000000000000000000000010110001001110
000000000000000000000000010110010111000
000000000000000000000000010110100100010
000000000000000000000000010110110001100
000000000000000000000000010110111110110
000000000000000000000000010111001100000
000000000000000000000000010111011001010
000000000000000000000000010111100110100
000000000000000000000000010111110011110
000000000000000000000000011000000001000
000000000000000000000000011000001110010
000000000000000000000000011000011011100
000000000000000000000000011000101000110
000000000000000000000000011000110110000
000000000000000000000000011001000011010
000000000000000000000000011001010000100
000000000000000000000000011001011101110
000000000000000000000000011001101011000
000000000000000000000000011001111000010
000000000000000000000000011010000101100
000000000000000000000000011010010010110
000000000000000000000000011010100000000
000000000000000000000000011010101101010
000000000000000000000000011010111010100
000000000000000000000000011011000111110
000000000000000000000000011011010101000
000000000000000000000000011011100010010
000000000000000000000000011011101111100
000000000000000000000000011011111100110
000000000000000000000000011100001010000
000000000000000000000000011100010111010
000000000000000000000000011100100100100
000000000000000000000000011100110001110
000000000000000000000000011100111111000
000000000000000000000000011101001100010
000000000000000000000000011101011001100
000000000000000000000000011101100110110
000000000000000000000000011101110100000
000000000000000000000000011110000001010
000000000000000000000000011110001110100
000000000000000000000000011110011011110
000000000000000000000000011110101001000
000000000000000000000000011110110110010
000000000000000000000000011111000011100
000000000000000000000000011111010000110
000000000000000000000000011111011110000
000000000000000000000000011111101011010
000000000000000000000000011111111000100
000000000000000000000000100000000101110
000000000000000000000000100000010011000
000000000000000000000000100000100000010
000000000000000000000000100000101101100
000000000000000000000000100000111010110
000000000000000000000000100001001000000
000000000000000000000000100001010101010
000000000000000000000000100001100010100
000000000000000000000000100001101111110
000000000000000000000000100001111101000
000000000000000000000000100010001010010
000000000000000000000000100010010111100
000000000000000000000000100010100100110
000000000000000000000000100010110010000
000000000000000000000000100010111111010
000000000000000000000000100011001100100
000000000000000000000000100011011001110
000000000000000000000000100011100111000
000000000000000000000000100011110100010
000000000000000000000000100100000001100
000000000000000000000000100100001110110
000000000000000000000000100100011100000
000000000000000000000000100100101001010
000000000000000000000000100100110110100
000000000000000000000000100101000011110
000000000000000000000000100101010001000
000000000000000000000000100101011110010
000000000000000000000000100101101011100
000000000000000000000000100101111000110
000000000000000000000000100110000110000
000000000000000000000000100110010011010
000000000000000000000000100110100000100
000000000000000000000000100110101101110
000000000000000000000000100110111011000
000000000000000000000000100111001000010
000000000000000000000000100111010101100
000000000000000000000000100111100010110
000000000000000000000000100111110000000
000000000000000000000000100111111101010
000000000000000000000000101000001010100
000000000000000000000000101000010111110
000000000000000000000000101000100101000
000000000000000000000000101000110010010
000000000000000000000000101000111111100
000000000000000000000000101001001100110
000000000000000000000000101001011010000
000000000000000000000000101001100111010
000000000000000000000000101001110100100
000000000000000000000000101010000001110
000000000000000000000000101010001111000
000000000000000000000000101010011100010
000000000000000000000000101010101001100
000000000000000000000000101010110110110
000000000000000000000000101011000100000
000000000000000000000000101011010001010
000000000000000000000000101011011110100
000000000000000000000000101011101011110
000000000000000000000000101011111001000
000000000000000000000000101100000110010
000000000000000000000000101100010011100
000000000000000000000000101100100000110
000000000000000000000000101100101110000
000000000000000000000000101100111011010
000000000000000000000000101101001000100
000000000000000000000000101101010101110
000000000000000000000000101101100011000
000000000000000000000000101101110000010
000000000000000000000000101101111101100
000000000000000000000000101110001010110
000000000000000000000000101110011000000
000000000000000000000000101110100101010
000000000000000000000000101110110010100
000000000000000000000000101110111111110
000000000000000000000000101111001101000
000000000000000000000000101111011010010
000000000000000000000000101111100111100
000000000000000000000000101111110100110
000000000000000000000000110000000010000
000000000000000000000000110000001111010
000000000000000000000000110000011100100
000000000000000000000000110000101001110
000000000000000000000000110000110111000
000000000000000000000000110001000100010
000000000000000000000000110001010001100
000000000000000000000000110001011110110
000000000000000000000000110001101100000
000000000000000000000000110001111001010
000000000000000000000000110010000110100
000000000000000000000000110010010011110
000000000000000000000000110010100001000
000000000000000000000000110010101110010
000000000000000000000000110010111011100
000000000000000000000000110011001000110
000000000000000000000000110011010110000
000000000000000000000000110011100011010
000000000000000000000000110011110000100
000000000000000000000000110011111101110
000000000000000000000000110100001011000
000000000000000000000000110100011000010
000000000000000000000000110100100101100
000000000000000000000000110100110010110
