000000000000000000000000000000000000000
000000000000000000000000000000011101111
000000000000000000000000000000111011110
000000000000000000000000000001011001101
000000000000000000000000000001110111100
000000000000000000000000000010010101011
000000000000000000000000000010110011010
000000000000000000000000000011010001001
000000000000000000000000000011101111000
000000000000000000000000000100001100111
000000000000000000000000000100101010110
000000000000000000000000000101001000101
000000000000000000000000000101100110100
000000000000000000000000000110000100011
000000000000000000000000000110100010010
000000000000000000000000000111000000001
000000000000000000000000000111011110000
000000000000000000000000000111111011111
000000000000000000000000001000011001110
000000000000000000000000001000110111101
000000000000000000000000001001010101100
000000000000000000000000001001110011011
000000000000000000000000001010010001010
000000000000000000000000001010101111001
000000000000000000000000001011001101000
000000000000000000000000001011101010111
000000000000000000000000001100001000110
000000000000000000000000001100100110101
000000000000000000000000001101000100100
000000000000000000000000001101100010011
000000000000000000000000001110000000010
000000000000000000000000001110011110001
000000000000000000000000001110111100000
000000000000000000000000001111011001111
000000000000000000000000001111110111110
000000000000000000000000010000010101101
000000000000000000000000010000110011100
000000000000000000000000010001010001011
000000000000000000000000010001101111010
000000000000000000000000010010001101001
000000000000000000000000010010101011000
000000000000000000000000010011001000111
000000000000000000000000010011100110110
000000000000000000000000010100000100101
000000000000000000000000010100100010100
000000000000000000000000010101000000011
000000000000000000000000010101011110010
000000000000000000000000010101111100001
000000000000000000000000010110011010000
000000000000000000000000010110110111111
000000000000000000000000010111010101110
000000000000000000000000010111110011101
000000000000000000000000011000010001100
000000000000000000000000011000101111011
000000000000000000000000011001001101010
000000000000000000000000011001101011001
000000000000000000000000011010001001000
000000000000000000000000011010100110111
000000000000000000000000011011000100110
000000000000000000000000011011100010101
000000000000000000000000011100000000100
000000000000000000000000011100011110011
000000000000000000000000011100111100010
000000000000000000000000011101011010001
000000000000000000000000011101111000000
000000000000000000000000011110010101111
000000000000000000000000011110110011110
000000000000000000000000011111010001101
000000000000000000000000011111101111100
000000000000000000000000100000001101011
000000000000000000000000100000101011010
000000000000000000000000100001001001001
000000000000000000000000100001100111000
000000000000000000000000100010000100111
000000000000000000000000100010100010110
000000000000000000000000100011000000101
000000000000000000000000100011011110100
000000000000000000000000100011111100011
000000000000000000000000100100011010010
000000000000000000000000100100111000001
000000000000000000000000100101010110000
000000000000000000000000100101110011111
000000000000000000000000100110010001110
000000000000000000000000100110101111101
000000000000000000000000100111001101100
000000000000000000000000100111101011011
000000000000000000000000101000001001010
000000000000000000000000101000100111001
000000000000000000000000101001000101000
000000000000000000000000101001100010111
000000000000000000000000101010000000110
000000000000000000000000101010011110101
000000000000000000000000101010111100100
000000000000000000000000101011011010011
000000000000000000000000101011111000010
000000000000000000000000101100010110001
000000000000000000000000101100110100000
000000000000000000000000101101010001111
000000000000000000000000101101101111110
000000000000000000000000101110001101101
000000000000000000000000101110101011100
000000000000000000000000101111001001011
000000000000000000000000101111100111010
000000000000000000000000110000000101001
000000000000000000000000110000100011000
000000000000000000000000110001000000111
000000000000000000000000110001011110110
000000000000000000000000110001111100101
000000000000000000000000110010011010100
000000000000000000000000110010111000011
000000000000000000000000110011010110010
000000000000000000000000110011110100001
000000000000000000000000110100010010000
000000000000000000000000110100101111111
000000000000000000000000110101001101110
000000000000000000000000110101101011101
000000000000000000000000110110001001100
000000000000000000000000110110100111011
000000000000000000000000110111000101010
000000000000000000000000110111100011001
000000000000000000000000111000000001000
000000000000000000000000111000011110111
000000000000000000000000111000111100110
000000000000000000000000111001011010101
000000000000000000000000111001111000100
000000000000000000000000111010010110011
000000000000000000000000111010110100010
000000000000000000000000111011010010001
000000000000000000000000111011110000000
000000000000000000000000111100001101111
000000000000000000000000111100101011110
000000000000000000000000111101001001101
000000000000000000000000111101100111100
000000000000000000000000111110000101011
000000000000000000000000111110100011010
000000000000000000000000111111000001001
000000000000000000000000111111011111000
000000000000000000000000111111111100111
000000000000000000000001000000011010110
000000000000000000000001000000111000101
000000000000000000000001000001010110100
000000000000000000000001000001110100011
000000000000000000000001000010010010010
000000000000000000000001000010110000001
000000000000000000000001000011001110000
000000000000000000000001000011101011111
000000000000000000000001000100001001110
000000000000000000000001000100100111101
000000000000000000000001000101000101100
000000000000000000000001000101100011011
000000000000000000000001000110000001010
000000000000000000000001000110011111001
000000000000000000000001000110111101000
000000000000000000000001000111011010111
000000000000000000000001000111111000110
000000000000000000000001001000010110101
000000000000000000000001001000110100100
000000000000000000000001001001010010011
000000000000000000000001001001110000010
000000000000000000000001001010001110001
000000000000000000000001001010101100000
000000000000000000000001001011001001111
000000000000000000000001001011100111110
000000000000000000000001001100000101101
000000000000000000000001001100100011100
000000000000000000000001001101000001011
000000000000000000000001001101011111010
000000000000000000000001001101111101001
000000000000000000000001001110011011000
000000000000000000000001001110111000111
000000000000000000000001001111010110110
000000000000000000000001001111110100101
000000000000000000000001010000010010100
000000000000000000000001010000110000011
000000000000000000000001010001001110010
000000000000000000000001010001101100001
000000000000000000000001010010001010000
000000000000000000000001010010100111111
000000000000000000000001010011000101110
000000000000000000000001010011100011101
000000000000000000000001010100000001100
000000000000000000000001010100011111011
000000000000000000000001010100111101010
000000000000000000000001010101011011001
000000000000000000000001010101111001000
000000000000000000000001010110010110111
000000000000000000000001010110110100110
000000000000000000000001010111010010101
000000000000000000000001010111110000100
000000000000000000000001011000001110011
000000000000000000000001011000101100010
000000000000000000000001011001001010001
000000000000000000000001011001101000000
000000000000000000000001011010000101111
000000000000000000000001011010100011110
000000000000000000000001011011000001101
000000000000000000000001011011011111100
000000000000000000000001011011111101011
000000000000000000000001011100011011010
000000000000000000000001011100111001001
000000000000000000000001011101010111000
000000000000000000000001011101110100111
000000000000000000000001011110010010110
000000000000000000000001011110110000101
000000000000000000000001011111001110100
000000000000000000000001011111101100011
000000000000000000000001100000001010010
000000000000000000000001100000101000001
000000000000000000000001100001000110000
000000000000000000000001100001100011111
000000000000000000000001100010000001110
000000000000000000000001100010011111101
000000000000000000000001100010111101100
000000000000000000000001100011011011011
000000000000000000000001100011111001010
000000000000000000000001100100010111001
000000000000000000000001100100110101000
000000000000000000000001100101010010111
000000000000000000000001100101110000110
000000000000000000000001100110001110101
000000000000000000000001100110101100100
000000000000000000000001100111001010011
000000000000000000000001100111101000010
000000000000000000000001101000000110001
000000000000000000000001101000100100000
000000000000000000000001101001000001111
000000000000000000000001101001011111110
000000000000000000000001101001111101101
000000000000000000000001101010011011100
000000000000000000000001101010111001011
000000000000000000000001101011010111010
000000000000000000000001101011110101001
000000000000000000000001101100010011000
000000000000000000000001101100110000111
000000000000000000000001101101001110110
000000000000000000000001101101101100101
000000000000000000000001101110001010100
000000000000000000000001101110101000011
000000000000000000000001101111000110010
000000000000000000000001101111100100001
000000000000000000000001110000000010000
000000000000000000000001110000011111111
000000000000000000000001110000111101110
000000000000000000000001110001011011101
000000000000000000000001110001111001100
000000000000000000000001110010010111011
000000000000000000000001110010110101010
000000000000000000000001110011010011001
000000000000000000000001110011110001000
000000000000000000000001110100001110111
000000000000000000000001110100101100110
000000000000000000000001110101001010101
000000000000000000000001110101101000100
000000000000000000000001110110000110011
000000000000000000000001110110100100010
000000000000000000000001110111000010001
