000000000000000000000000000000000000000
000000000000000000000000000000000000010
000000000000000000000000000000000000100
000000000000000000000000000000000000110
000000000000000000000000000000000001000
000000000000000000000000000000000001010
000000000000000000000000000000000001100
000000000000000000000000000000000001110
000000000000000000000000000000000010000
000000000000000000000000000000000010010
000000000000000000000000000000000010100
000000000000000000000000000000000010110
000000000000000000000000000000000011000
000000000000000000000000000000000011010
000000000000000000000000000000000011100
000000000000000000000000000000000011110
000000000000000000000000000000000100000
000000000000000000000000000000000100010
000000000000000000000000000000000100100
000000000000000000000000000000000100110
000000000000000000000000000000000101000
000000000000000000000000000000000101010
000000000000000000000000000000000101100
000000000000000000000000000000000101110
000000000000000000000000000000000110000
000000000000000000000000000000000110010
000000000000000000000000000000000110100
000000000000000000000000000000000110110
000000000000000000000000000000000111000
000000000000000000000000000000000111010
000000000000000000000000000000000111100
000000000000000000000000000000000111110
000000000000000000000000000000001000000
000000000000000000000000000000001000010
000000000000000000000000000000001000100
000000000000000000000000000000001000110
000000000000000000000000000000001001000
000000000000000000000000000000001001010
000000000000000000000000000000001001100
000000000000000000000000000000001001110
000000000000000000000000000000001010000
000000000000000000000000000000001010010
000000000000000000000000000000001010100
000000000000000000000000000000001010110
000000000000000000000000000000001011000
000000000000000000000000000000001011010
000000000000000000000000000000001011100
000000000000000000000000000000001011110
000000000000000000000000000000001100000
000000000000000000000000000000001100010
000000000000000000000000000000001100100
000000000000000000000000000000001100110
000000000000000000000000000000001101000
000000000000000000000000000000001101010
000000000000000000000000000000001101100
000000000000000000000000000000001101110
000000000000000000000000000000001110000
000000000000000000000000000000001110010
000000000000000000000000000000001110100
000000000000000000000000000000001110110
000000000000000000000000000000001111000
000000000000000000000000000000001111010
000000000000000000000000000000001111100
000000000000000000000000000000001111110
000000000000000000000000000000010000000
000000000000000000000000000000010000010
000000000000000000000000000000010000100
000000000000000000000000000000010000110
000000000000000000000000000000010001000
000000000000000000000000000000010001010
000000000000000000000000000000010001100
000000000000000000000000000000010001110
000000000000000000000000000000010010000
000000000000000000000000000000010010010
000000000000000000000000000000010010100
000000000000000000000000000000010010110
000000000000000000000000000000010011000
000000000000000000000000000000010011010
000000000000000000000000000000010011100
000000000000000000000000000000010011110
000000000000000000000000000000010100000
000000000000000000000000000000010100010
000000000000000000000000000000010100100
000000000000000000000000000000010100110
000000000000000000000000000000010101000
000000000000000000000000000000010101010
000000000000000000000000000000010101100
000000000000000000000000000000010101110
000000000000000000000000000000010110000
000000000000000000000000000000010110010
000000000000000000000000000000010110100
000000000000000000000000000000010110110
000000000000000000000000000000010111000
000000000000000000000000000000010111010
000000000000000000000000000000010111100
000000000000000000000000000000010111110
000000000000000000000000000000011000000
000000000000000000000000000000011000010
000000000000000000000000000000011000100
000000000000000000000000000000011000110
000000000000000000000000000000011001000
000000000000000000000000000000011001010
000000000000000000000000000000011001100
000000000000000000000000000000011001110
000000000000000000000000000000011010000
000000000000000000000000000000011010010
000000000000000000000000000000011010100
000000000000000000000000000000011010110
000000000000000000000000000000011011000
000000000000000000000000000000011011010
000000000000000000000000000000011011100
000000000000000000000000000000011011110
000000000000000000000000000000011100000
000000000000000000000000000000011100010
000000000000000000000000000000011100100
000000000000000000000000000000011100110
000000000000000000000000000000011101000
000000000000000000000000000000011101010
000000000000000000000000000000011101100
000000000000000000000000000000011101110
000000000000000000000000000000011110000
000000000000000000000000000000011110010
000000000000000000000000000000011110100
000000000000000000000000000000011110110
000000000000000000000000000000011111000
000000000000000000000000000000011111010
000000000000000000000000000000011111100
000000000000000000000000000000011111110
000000000000000000000000000000100000000
000000000000000000000000000000100000010
000000000000000000000000000000100000100
000000000000000000000000000000100000110
000000000000000000000000000000100001000
000000000000000000000000000000100001010
000000000000000000000000000000100001100
000000000000000000000000000000100001110
000000000000000000000000000000100010000
000000000000000000000000000000100010010
000000000000000000000000000000100010100
000000000000000000000000000000100010110
000000000000000000000000000000100011000
000000000000000000000000000000100011010
000000000000000000000000000000100011100
000000000000000000000000000000100011110
000000000000000000000000000000100100000
000000000000000000000000000000100100010
000000000000000000000000000000100100100
000000000000000000000000000000100100110
000000000000000000000000000000100101000
000000000000000000000000000000100101010
000000000000000000000000000000100101100
000000000000000000000000000000100101110
000000000000000000000000000000100110000
000000000000000000000000000000100110010
000000000000000000000000000000100110100
000000000000000000000000000000100110110
000000000000000000000000000000100111000
000000000000000000000000000000100111010
000000000000000000000000000000100111100
000000000000000000000000000000100111110
000000000000000000000000000000101000000
000000000000000000000000000000101000010
000000000000000000000000000000101000100
000000000000000000000000000000101000110
000000000000000000000000000000101001000
000000000000000000000000000000101001010
000000000000000000000000000000101001100
000000000000000000000000000000101001110
000000000000000000000000000000101010000
000000000000000000000000000000101010010
000000000000000000000000000000101010100
000000000000000000000000000000101010110
000000000000000000000000000000101011000
000000000000000000000000000000101011010
000000000000000000000000000000101011100
000000000000000000000000000000101011110
000000000000000000000000000000101100000
000000000000000000000000000000101100010
000000000000000000000000000000101100100
000000000000000000000000000000101100110
000000000000000000000000000000101101000
000000000000000000000000000000101101010
000000000000000000000000000000101101100
000000000000000000000000000000101101110
000000000000000000000000000000101110000
000000000000000000000000000000101110010
000000000000000000000000000000101110100
000000000000000000000000000000101110110
000000000000000000000000000000101111000
000000000000000000000000000000101111010
000000000000000000000000000000101111100
000000000000000000000000000000101111110
000000000000000000000000000000110000000
000000000000000000000000000000110000010
000000000000000000000000000000110000100
000000000000000000000000000000110000110
000000000000000000000000000000110001000
000000000000000000000000000000110001010
000000000000000000000000000000110001100
000000000000000000000000000000110001110
000000000000000000000000000000110010000
000000000000000000000000000000110010010
000000000000000000000000000000110010100
000000000000000000000000000000110010110
000000000000000000000000000000110011000
000000000000000000000000000000110011010
000000000000000000000000000000110011100
000000000000000000000000000000110011110
000000000000000000000000000000110100000
000000000000000000000000000000110100010
000000000000000000000000000000110100100
000000000000000000000000000000110100110
000000000000000000000000000000110101000
000000000000000000000000000000110101010
000000000000000000000000000000110101100
000000000000000000000000000000110101110
000000000000000000000000000000110110000
000000000000000000000000000000110110010
000000000000000000000000000000110110100
000000000000000000000000000000110110110
000000000000000000000000000000110111000
000000000000000000000000000000110111010
000000000000000000000000000000110111100
000000000000000000000000000000110111110
000000000000000000000000000000111000000
000000000000000000000000000000111000010
000000000000000000000000000000111000100
000000000000000000000000000000111000110
000000000000000000000000000000111001000
000000000000000000000000000000111001010
000000000000000000000000000000111001100
000000000000000000000000000000111001110
000000000000000000000000000000111010000
000000000000000000000000000000111010010
000000000000000000000000000000111010100
000000000000000000000000000000111010110
000000000000000000000000000000111011000
000000000000000000000000000000111011010
000000000000000000000000000000111011100
000000000000000000000000000000111011110
000000000000000000000000000000111100000
000000000000000000000000000000111100010
000000000000000000000000000000111100100
000000000000000000000000000000111100110
000000000000000000000000000000111101000
000000000000000000000000000000111101010
000000000000000000000000000000111101100
000000000000000000000000000000111101110
000000000000000000000000000000111110000
000000000000000000000000000000111110010
000000000000000000000000000000111110100
000000000000000000000000000000111110110
000000000000000000000000000000111111000
000000000000000000000000000000111111010
000000000000000000000000000000111111100
000000000000000000000000000000111111110
