000000000000000000000000000000000000000
000000000000000000000000000000000010111
000000000000000000000000000000000101110
000000000000000000000000000000001000101
000000000000000000000000000000001011100
000000000000000000000000000000001110011
000000000000000000000000000000010001010
000000000000000000000000000000010100001
000000000000000000000000000000010111000
000000000000000000000000000000011001111
000000000000000000000000000000011100110
000000000000000000000000000000011111101
000000000000000000000000000000100010100
000000000000000000000000000000100101011
000000000000000000000000000000101000010
000000000000000000000000000000101011001
000000000000000000000000000000101110000
000000000000000000000000000000110000111
000000000000000000000000000000110011110
000000000000000000000000000000110110101
000000000000000000000000000000111001100
000000000000000000000000000000111100011
000000000000000000000000000000111111010
000000000000000000000000000001000010001
000000000000000000000000000001000101000
000000000000000000000000000001000111111
000000000000000000000000000001001010110
000000000000000000000000000001001101101
000000000000000000000000000001010000100
000000000000000000000000000001010011011
000000000000000000000000000001010110010
000000000000000000000000000001011001001
000000000000000000000000000001011100000
000000000000000000000000000001011110111
000000000000000000000000000001100001110
000000000000000000000000000001100100101
000000000000000000000000000001100111100
000000000000000000000000000001101010011
000000000000000000000000000001101101010
000000000000000000000000000001110000001
000000000000000000000000000001110011000
000000000000000000000000000001110101111
000000000000000000000000000001111000110
000000000000000000000000000001111011101
000000000000000000000000000001111110100
000000000000000000000000000010000001011
000000000000000000000000000010000100010
000000000000000000000000000010000111001
000000000000000000000000000010001010000
000000000000000000000000000010001100111
000000000000000000000000000010001111110
000000000000000000000000000010010010101
000000000000000000000000000010010101100
000000000000000000000000000010011000011
000000000000000000000000000010011011010
000000000000000000000000000010011110001
000000000000000000000000000010100001000
000000000000000000000000000010100011111
000000000000000000000000000010100110110
000000000000000000000000000010101001101
000000000000000000000000000010101100100
000000000000000000000000000010101111011
000000000000000000000000000010110010010
000000000000000000000000000010110101001
000000000000000000000000000010111000000
000000000000000000000000000010111010111
000000000000000000000000000010111101110
000000000000000000000000000011000000101
000000000000000000000000000011000011100
000000000000000000000000000011000110011
000000000000000000000000000011001001010
000000000000000000000000000011001100001
000000000000000000000000000011001111000
000000000000000000000000000011010001111
000000000000000000000000000011010100110
000000000000000000000000000011010111101
000000000000000000000000000011011010100
000000000000000000000000000011011101011
000000000000000000000000000011100000010
000000000000000000000000000011100011001
000000000000000000000000000011100110000
000000000000000000000000000011101000111
000000000000000000000000000011101011110
000000000000000000000000000011101110101
000000000000000000000000000011110001100
000000000000000000000000000011110100011
000000000000000000000000000011110111010
000000000000000000000000000011111010001
000000000000000000000000000011111101000
000000000000000000000000000011111111111
000000000000000000000000000100000010110
000000000000000000000000000100000101101
000000000000000000000000000100001000100
000000000000000000000000000100001011011
000000000000000000000000000100001110010
000000000000000000000000000100010001001
000000000000000000000000000100010100000
000000000000000000000000000100010110111
000000000000000000000000000100011001110
000000000000000000000000000100011100101
000000000000000000000000000100011111100
000000000000000000000000000100100010011
000000000000000000000000000100100101010
000000000000000000000000000100101000001
000000000000000000000000000100101011000
000000000000000000000000000100101101111
000000000000000000000000000100110000110
000000000000000000000000000100110011101
000000000000000000000000000100110110100
000000000000000000000000000100111001011
000000000000000000000000000100111100010
000000000000000000000000000100111111001
000000000000000000000000000101000010000
000000000000000000000000000101000100111
000000000000000000000000000101000111110
000000000000000000000000000101001010101
000000000000000000000000000101001101100
000000000000000000000000000101010000011
000000000000000000000000000101010011010
000000000000000000000000000101010110001
000000000000000000000000000101011001000
000000000000000000000000000101011011111
000000000000000000000000000101011110110
000000000000000000000000000101100001101
000000000000000000000000000101100100100
000000000000000000000000000101100111011
000000000000000000000000000101101010010
000000000000000000000000000101101101001
000000000000000000000000000101110000000
000000000000000000000000000101110010111
000000000000000000000000000101110101110
000000000000000000000000000101111000101
000000000000000000000000000101111011100
000000000000000000000000000101111110011
000000000000000000000000000110000001010
000000000000000000000000000110000100001
000000000000000000000000000110000111000
000000000000000000000000000110001001111
000000000000000000000000000110001100110
000000000000000000000000000110001111101
000000000000000000000000000110010010100
000000000000000000000000000110010101011
000000000000000000000000000110011000010
000000000000000000000000000110011011001
000000000000000000000000000110011110000
000000000000000000000000000110100000111
000000000000000000000000000110100011110
000000000000000000000000000110100110101
000000000000000000000000000110101001100
000000000000000000000000000110101100011
000000000000000000000000000110101111010
000000000000000000000000000110110010001
000000000000000000000000000110110101000
000000000000000000000000000110110111111
000000000000000000000000000110111010110
000000000000000000000000000110111101101
000000000000000000000000000111000000100
000000000000000000000000000111000011011
000000000000000000000000000111000110010
000000000000000000000000000111001001001
000000000000000000000000000111001100000
000000000000000000000000000111001110111
000000000000000000000000000111010001110
000000000000000000000000000111010100101
000000000000000000000000000111010111100
000000000000000000000000000111011010011
000000000000000000000000000111011101010
000000000000000000000000000111100000001
000000000000000000000000000111100011000
000000000000000000000000000111100101111
000000000000000000000000000111101000110
000000000000000000000000000111101011101
000000000000000000000000000111101110100
000000000000000000000000000111110001011
000000000000000000000000000111110100010
000000000000000000000000000111110111001
000000000000000000000000000111111010000
000000000000000000000000000111111100111
000000000000000000000000000111111111110
000000000000000000000000001000000010101
000000000000000000000000001000000101100
000000000000000000000000001000001000011
000000000000000000000000001000001011010
000000000000000000000000001000001110001
000000000000000000000000001000010001000
000000000000000000000000001000010011111
000000000000000000000000001000010110110
000000000000000000000000001000011001101
000000000000000000000000001000011100100
000000000000000000000000001000011111011
000000000000000000000000001000100010010
000000000000000000000000001000100101001
000000000000000000000000001000101000000
000000000000000000000000001000101010111
000000000000000000000000001000101101110
000000000000000000000000001000110000101
000000000000000000000000001000110011100
000000000000000000000000001000110110011
000000000000000000000000001000111001010
000000000000000000000000001000111100001
000000000000000000000000001000111111000
000000000000000000000000001001000001111
000000000000000000000000001001000100110
000000000000000000000000001001000111101
000000000000000000000000001001001010100
000000000000000000000000001001001101011
000000000000000000000000001001010000010
000000000000000000000000001001010011001
000000000000000000000000001001010110000
000000000000000000000000001001011000111
000000000000000000000000001001011011110
000000000000000000000000001001011110101
000000000000000000000000001001100001100
000000000000000000000000001001100100011
000000000000000000000000001001100111010
000000000000000000000000001001101010001
000000000000000000000000001001101101000
000000000000000000000000001001101111111
000000000000000000000000001001110010110
000000000000000000000000001001110101101
000000000000000000000000001001111000100
000000000000000000000000001001111011011
000000000000000000000000001001111110010
000000000000000000000000001010000001001
000000000000000000000000001010000100000
000000000000000000000000001010000110111
000000000000000000000000001010001001110
000000000000000000000000001010001100101
000000000000000000000000001010001111100
000000000000000000000000001010010010011
000000000000000000000000001010010101010
000000000000000000000000001010011000001
000000000000000000000000001010011011000
000000000000000000000000001010011101111
000000000000000000000000001010100000110
000000000000000000000000001010100011101
000000000000000000000000001010100110100
000000000000000000000000001010101001011
000000000000000000000000001010101100010
000000000000000000000000001010101111001
000000000000000000000000001010110010000
000000000000000000000000001010110100111
000000000000000000000000001010110111110
000000000000000000000000001010111010101
000000000000000000000000001010111101100
000000000000000000000000001011000000011
000000000000000000000000001011000011010
000000000000000000000000001011000110001
000000000000000000000000001011001001000
000000000000000000000000001011001011111
000000000000000000000000001011001110110
000000000000000000000000001011010001101
000000000000000000000000001011010100100
000000000000000000000000001011010111011
000000000000000000000000001011011010010
000000000000000000000000001011011101001
