000000000000000000000000000000000000000
000000000000000000000000000000010011110
000000000000000000000000000000100111100
000000000000000000000000000000111011010
000000000000000000000000000001001111000
000000000000000000000000000001100010110
000000000000000000000000000001110110100
000000000000000000000000000010001010010
000000000000000000000000000010011110000
000000000000000000000000000010110001110
000000000000000000000000000011000101100
000000000000000000000000000011011001010
000000000000000000000000000011101101000
000000000000000000000000000100000000110
000000000000000000000000000100010100100
000000000000000000000000000100101000010
000000000000000000000000000100111100000
000000000000000000000000000101001111110
000000000000000000000000000101100011100
000000000000000000000000000101110111010
000000000000000000000000000110001011000
000000000000000000000000000110011110110
000000000000000000000000000110110010100
000000000000000000000000000111000110010
000000000000000000000000000111011010000
000000000000000000000000000111101101110
000000000000000000000000001000000001100
000000000000000000000000001000010101010
000000000000000000000000001000101001000
000000000000000000000000001000111100110
000000000000000000000000001001010000100
000000000000000000000000001001100100010
000000000000000000000000001001111000000
000000000000000000000000001010001011110
000000000000000000000000001010011111100
000000000000000000000000001010110011010
000000000000000000000000001011000111000
000000000000000000000000001011011010110
000000000000000000000000001011101110100
000000000000000000000000001100000010010
000000000000000000000000001100010110000
000000000000000000000000001100101001110
000000000000000000000000001100111101100
000000000000000000000000001101010001010
000000000000000000000000001101100101000
000000000000000000000000001101111000110
000000000000000000000000001110001100100
000000000000000000000000001110100000010
000000000000000000000000001110110100000
000000000000000000000000001111000111110
000000000000000000000000001111011011100
000000000000000000000000001111101111010
000000000000000000000000010000000011000
000000000000000000000000010000010110110
000000000000000000000000010000101010100
000000000000000000000000010000111110010
000000000000000000000000010001010010000
000000000000000000000000010001100101110
000000000000000000000000010001111001100
000000000000000000000000010010001101010
000000000000000000000000010010100001000
000000000000000000000000010010110100110
000000000000000000000000010011001000100
000000000000000000000000010011011100010
000000000000000000000000010011110000000
000000000000000000000000010100000011110
000000000000000000000000010100010111100
000000000000000000000000010100101011010
000000000000000000000000010100111111000
000000000000000000000000010101010010110
000000000000000000000000010101100110100
000000000000000000000000010101111010010
000000000000000000000000010110001110000
000000000000000000000000010110100001110
000000000000000000000000010110110101100
000000000000000000000000010111001001010
000000000000000000000000010111011101000
000000000000000000000000010111110000110
000000000000000000000000011000000100100
000000000000000000000000011000011000010
000000000000000000000000011000101100000
000000000000000000000000011000111111110
000000000000000000000000011001010011100
000000000000000000000000011001100111010
000000000000000000000000011001111011000
000000000000000000000000011010001110110
000000000000000000000000011010100010100
000000000000000000000000011010110110010
000000000000000000000000011011001010000
000000000000000000000000011011011101110
000000000000000000000000011011110001100
000000000000000000000000011100000101010
000000000000000000000000011100011001000
000000000000000000000000011100101100110
000000000000000000000000011101000000100
000000000000000000000000011101010100010
000000000000000000000000011101101000000
000000000000000000000000011101111011110
000000000000000000000000011110001111100
000000000000000000000000011110100011010
000000000000000000000000011110110111000
000000000000000000000000011111001010110
000000000000000000000000011111011110100
000000000000000000000000011111110010010
000000000000000000000000100000000110000
000000000000000000000000100000011001110
000000000000000000000000100000101101100
000000000000000000000000100001000001010
000000000000000000000000100001010101000
000000000000000000000000100001101000110
000000000000000000000000100001111100100
000000000000000000000000100010010000010
000000000000000000000000100010100100000
000000000000000000000000100010110111110
000000000000000000000000100011001011100
000000000000000000000000100011011111010
000000000000000000000000100011110011000
000000000000000000000000100100000110110
000000000000000000000000100100011010100
000000000000000000000000100100101110010
000000000000000000000000100101000010000
000000000000000000000000100101010101110
000000000000000000000000100101101001100
000000000000000000000000100101111101010
000000000000000000000000100110010001000
000000000000000000000000100110100100110
000000000000000000000000100110111000100
000000000000000000000000100111001100010
000000000000000000000000100111100000000
000000000000000000000000100111110011110
000000000000000000000000101000000111100
000000000000000000000000101000011011010
000000000000000000000000101000101111000
000000000000000000000000101001000010110
000000000000000000000000101001010110100
000000000000000000000000101001101010010
000000000000000000000000101001111110000
000000000000000000000000101010010001110
000000000000000000000000101010100101100
000000000000000000000000101010111001010
000000000000000000000000101011001101000
000000000000000000000000101011100000110
000000000000000000000000101011110100100
000000000000000000000000101100001000010
000000000000000000000000101100011100000
000000000000000000000000101100101111110
000000000000000000000000101101000011100
000000000000000000000000101101010111010
000000000000000000000000101101101011000
000000000000000000000000101101111110110
000000000000000000000000101110010010100
000000000000000000000000101110100110010
000000000000000000000000101110111010000
000000000000000000000000101111001101110
000000000000000000000000101111100001100
000000000000000000000000101111110101010
000000000000000000000000110000001001000
000000000000000000000000110000011100110
000000000000000000000000110000110000100
000000000000000000000000110001000100010
000000000000000000000000110001011000000
000000000000000000000000110001101011110
000000000000000000000000110001111111100
000000000000000000000000110010010011010
000000000000000000000000110010100111000
000000000000000000000000110010111010110
000000000000000000000000110011001110100
000000000000000000000000110011100010010
000000000000000000000000110011110110000
000000000000000000000000110100001001110
000000000000000000000000110100011101100
000000000000000000000000110100110001010
000000000000000000000000110101000101000
000000000000000000000000110101011000110
000000000000000000000000110101101100100
000000000000000000000000110110000000010
000000000000000000000000110110010100000
000000000000000000000000110110100111110
000000000000000000000000110110111011100
000000000000000000000000110111001111010
000000000000000000000000110111100011000
000000000000000000000000110111110110110
000000000000000000000000111000001010100
000000000000000000000000111000011110010
000000000000000000000000111000110010000
000000000000000000000000111001000101110
000000000000000000000000111001011001100
000000000000000000000000111001101101010
000000000000000000000000111010000001000
000000000000000000000000111010010100110
000000000000000000000000111010101000100
000000000000000000000000111010111100010
000000000000000000000000111011010000000
000000000000000000000000111011100011110
000000000000000000000000111011110111100
000000000000000000000000111100001011010
000000000000000000000000111100011111000
000000000000000000000000111100110010110
000000000000000000000000111101000110100
000000000000000000000000111101011010010
000000000000000000000000111101101110000
000000000000000000000000111110000001110
000000000000000000000000111110010101100
000000000000000000000000111110101001010
000000000000000000000000111110111101000
000000000000000000000000111111010000110
000000000000000000000000111111100100100
000000000000000000000000111111111000010
000000000000000000000001000000001100000
000000000000000000000001000000011111110
000000000000000000000001000000110011100
000000000000000000000001000001000111010
000000000000000000000001000001011011000
000000000000000000000001000001101110110
000000000000000000000001000010000010100
000000000000000000000001000010010110010
000000000000000000000001000010101010000
000000000000000000000001000010111101110
000000000000000000000001000011010001100
000000000000000000000001000011100101010
000000000000000000000001000011111001000
000000000000000000000001000100001100110
000000000000000000000001000100100000100
000000000000000000000001000100110100010
000000000000000000000001000101001000000
000000000000000000000001000101011011110
000000000000000000000001000101101111100
000000000000000000000001000110000011010
000000000000000000000001000110010111000
000000000000000000000001000110101010110
000000000000000000000001000110111110100
000000000000000000000001000111010010010
000000000000000000000001000111100110000
000000000000000000000001000111111001110
000000000000000000000001001000001101100
000000000000000000000001001000100001010
000000000000000000000001001000110101000
000000000000000000000001001001001000110
000000000000000000000001001001011100100
000000000000000000000001001001110000010
000000000000000000000001001010000100000
000000000000000000000001001010010111110
000000000000000000000001001010101011100
000000000000000000000001001010111111010
000000000000000000000001001011010011000
000000000000000000000001001011100110110
000000000000000000000001001011111010100
000000000000000000000001001100001110010
000000000000000000000001001100100010000
000000000000000000000001001100110101110
000000000000000000000001001101001001100
000000000000000000000001001101011101010
000000000000000000000001001101110001000
000000000000000000000001001110000100110
000000000000000000000001001110011000100
000000000000000000000001001110101100010
