000000000000000000000000000000000000000
111111111111111111111111111111101001100
111111111111111111111111111111010011000
111111111111111111111111111110111100100
111111111111111111111111111110100110000
111111111111111111111111111110001111100
111111111111111111111111111101111001000
111111111111111111111111111101100010100
111111111111111111111111111101001100000
111111111111111111111111111100110101100
111111111111111111111111111100011111000
111111111111111111111111111100001000100
111111111111111111111111111011110010000
111111111111111111111111111011011011100
111111111111111111111111111011000101000
111111111111111111111111111010101110100
111111111111111111111111111010011000000
111111111111111111111111111010000001100
111111111111111111111111111001101011000
111111111111111111111111111001010100100
111111111111111111111111111000111110000
111111111111111111111111111000100111100
111111111111111111111111111000010001000
111111111111111111111111110111111010100
111111111111111111111111110111100100000
111111111111111111111111110111001101100
111111111111111111111111110110110111000
111111111111111111111111110110100000100
111111111111111111111111110110001010000
111111111111111111111111110101110011100
111111111111111111111111110101011101000
111111111111111111111111110101000110100
111111111111111111111111110100110000000
111111111111111111111111110100011001100
111111111111111111111111110100000011000
111111111111111111111111110011101100100
111111111111111111111111110011010110000
111111111111111111111111110010111111100
111111111111111111111111110010101001000
111111111111111111111111110010010010100
111111111111111111111111110001111100000
111111111111111111111111110001100101100
111111111111111111111111110001001111000
111111111111111111111111110000111000100
111111111111111111111111110000100010000
111111111111111111111111110000001011100
111111111111111111111111101111110101000
111111111111111111111111101111011110100
111111111111111111111111101111001000000
111111111111111111111111101110110001100
111111111111111111111111101110011011000
111111111111111111111111101110000100100
111111111111111111111111101101101110000
111111111111111111111111101101010111100
111111111111111111111111101101000001000
111111111111111111111111101100101010100
111111111111111111111111101100010100000
111111111111111111111111101011111101100
111111111111111111111111101011100111000
111111111111111111111111101011010000100
111111111111111111111111101010111010000
111111111111111111111111101010100011100
111111111111111111111111101010001101000
111111111111111111111111101001110110100
111111111111111111111111101001100000000
111111111111111111111111101001001001100
111111111111111111111111101000110011000
111111111111111111111111101000011100100
111111111111111111111111101000000110000
111111111111111111111111100111101111100
111111111111111111111111100111011001000
111111111111111111111111100111000010100
111111111111111111111111100110101100000
111111111111111111111111100110010101100
111111111111111111111111100101111111000
111111111111111111111111100101101000100
111111111111111111111111100101010010000
111111111111111111111111100100111011100
111111111111111111111111100100100101000
111111111111111111111111100100001110100
111111111111111111111111100011111000000
111111111111111111111111100011100001100
111111111111111111111111100011001011000
111111111111111111111111100010110100100
111111111111111111111111100010011110000
111111111111111111111111100010000111100
111111111111111111111111100001110001000
111111111111111111111111100001011010100
111111111111111111111111100001000100000
111111111111111111111111100000101101100
111111111111111111111111100000010111000
111111111111111111111111100000000000100
111111111111111111111111011111101010000
111111111111111111111111011111010011100
111111111111111111111111011110111101000
111111111111111111111111011110100110100
111111111111111111111111011110010000000
111111111111111111111111011101111001100
111111111111111111111111011101100011000
111111111111111111111111011101001100100
111111111111111111111111011100110110000
111111111111111111111111011100011111100
111111111111111111111111011100001001000
111111111111111111111111011011110010100
111111111111111111111111011011011100000
111111111111111111111111011011000101100
111111111111111111111111011010101111000
111111111111111111111111011010011000100
111111111111111111111111011010000010000
111111111111111111111111011001101011100
111111111111111111111111011001010101000
111111111111111111111111011000111110100
111111111111111111111111011000101000000
111111111111111111111111011000010001100
111111111111111111111111010111111011000
111111111111111111111111010111100100100
111111111111111111111111010111001110000
111111111111111111111111010110110111100
111111111111111111111111010110100001000
111111111111111111111111010110001010100
111111111111111111111111010101110100000
111111111111111111111111010101011101100
111111111111111111111111010101000111000
111111111111111111111111010100110000100
111111111111111111111111010100011010000
111111111111111111111111010100000011100
111111111111111111111111010011101101000
111111111111111111111111010011010110100
111111111111111111111111010011000000000
111111111111111111111111010010101001100
111111111111111111111111010010010011000
111111111111111111111111010001111100100
111111111111111111111111010001100110000
111111111111111111111111010001001111100
111111111111111111111111010000111001000
111111111111111111111111010000100010100
111111111111111111111111010000001100000
111111111111111111111111001111110101100
111111111111111111111111001111011111000
111111111111111111111111001111001000100
111111111111111111111111001110110010000
111111111111111111111111001110011011100
111111111111111111111111001110000101000
111111111111111111111111001101101110100
111111111111111111111111001101011000000
111111111111111111111111001101000001100
111111111111111111111111001100101011000
111111111111111111111111001100010100100
111111111111111111111111001011111110000
111111111111111111111111001011100111100
111111111111111111111111001011010001000
111111111111111111111111001010111010100
111111111111111111111111001010100100000
111111111111111111111111001010001101100
111111111111111111111111001001110111000
111111111111111111111111001001100000100
111111111111111111111111001001001010000
111111111111111111111111001000110011100
111111111111111111111111001000011101000
111111111111111111111111001000000110100
111111111111111111111111000111110000000
111111111111111111111111000111011001100
111111111111111111111111000111000011000
111111111111111111111111000110101100100
111111111111111111111111000110010110000
111111111111111111111111000101111111100
111111111111111111111111000101101001000
111111111111111111111111000101010010100
111111111111111111111111000100111100000
111111111111111111111111000100100101100
111111111111111111111111000100001111000
111111111111111111111111000011111000100
111111111111111111111111000011100010000
111111111111111111111111000011001011100
111111111111111111111111000010110101000
111111111111111111111111000010011110100
111111111111111111111111000010001000000
111111111111111111111111000001110001100
111111111111111111111111000001011011000
111111111111111111111111000001000100100
111111111111111111111111000000101110000
111111111111111111111111000000010111100
111111111111111111111111000000000001000
111111111111111111111110111111101010100
111111111111111111111110111111010100000
111111111111111111111110111110111101100
111111111111111111111110111110100111000
111111111111111111111110111110010000100
111111111111111111111110111101111010000
111111111111111111111110111101100011100
111111111111111111111110111101001101000
111111111111111111111110111100110110100
111111111111111111111110111100100000000
111111111111111111111110111100001001100
111111111111111111111110111011110011000
111111111111111111111110111011011100100
111111111111111111111110111011000110000
111111111111111111111110111010101111100
111111111111111111111110111010011001000
111111111111111111111110111010000010100
111111111111111111111110111001101100000
111111111111111111111110111001010101100
111111111111111111111110111000111111000
111111111111111111111110111000101000100
111111111111111111111110111000010010000
111111111111111111111110110111111011100
111111111111111111111110110111100101000
111111111111111111111110110111001110100
111111111111111111111110110110111000000
111111111111111111111110110110100001100
111111111111111111111110110110001011000
111111111111111111111110110101110100100
111111111111111111111110110101011110000
111111111111111111111110110101000111100
111111111111111111111110110100110001000
111111111111111111111110110100011010100
111111111111111111111110110100000100000
111111111111111111111110110011101101100
111111111111111111111110110011010111000
111111111111111111111110110011000000100
111111111111111111111110110010101010000
111111111111111111111110110010010011100
111111111111111111111110110001111101000
111111111111111111111110110001100110100
111111111111111111111110110001010000000
111111111111111111111110110000111001100
111111111111111111111110110000100011000
111111111111111111111110110000001100100
111111111111111111111110101111110110000
111111111111111111111110101111011111100
111111111111111111111110101111001001000
111111111111111111111110101110110010100
111111111111111111111110101110011100000
111111111111111111111110101110000101100
111111111111111111111110101101101111000
111111111111111111111110101101011000100
111111111111111111111110101101000010000
111111111111111111111110101100101011100
111111111111111111111110101100010101000
111111111111111111111110101011111110100
111111111111111111111110101011101000000
111111111111111111111110101011010001100
111111111111111111111110101010111011000
111111111111111111111110101010100100100
111111111111111111111110101010001110000
111111111111111111111110101001110111100
111111111111111111111110101001100001000
111111111111111111111110101001001010100
111111111111111111111110101000110100000
111111111111111111111110101000011101100
111111111111111111111110101000000111000
111111111111111111111110100111110000100
111111111111111111111110100111011010000
111111111111111111111110100111000011100
111111111111111111111110100110101101000
111111111111111111111110100110010110100
