000000000000000000000000000000000000000
111111111111111111111111111111111001010
111111111111111111111111111111110010100
111111111111111111111111111111101011110
111111111111111111111111111111100101000
111111111111111111111111111111011110010
111111111111111111111111111111010111100
111111111111111111111111111111010000110
111111111111111111111111111111001010000
111111111111111111111111111111000011010
111111111111111111111111111110111100100
111111111111111111111111111110110101110
111111111111111111111111111110101111000
111111111111111111111111111110101000010
111111111111111111111111111110100001100
111111111111111111111111111110011010110
111111111111111111111111111110010100000
111111111111111111111111111110001101010
111111111111111111111111111110000110100
111111111111111111111111111101111111110
111111111111111111111111111101111001000
111111111111111111111111111101110010010
111111111111111111111111111101101011100
111111111111111111111111111101100100110
111111111111111111111111111101011110000
111111111111111111111111111101010111010
111111111111111111111111111101010000100
111111111111111111111111111101001001110
111111111111111111111111111101000011000
111111111111111111111111111100111100010
111111111111111111111111111100110101100
111111111111111111111111111100101110110
111111111111111111111111111100101000000
111111111111111111111111111100100001010
111111111111111111111111111100011010100
111111111111111111111111111100010011110
111111111111111111111111111100001101000
111111111111111111111111111100000110010
111111111111111111111111111011111111100
111111111111111111111111111011111000110
111111111111111111111111111011110010000
111111111111111111111111111011101011010
111111111111111111111111111011100100100
111111111111111111111111111011011101110
111111111111111111111111111011010111000
111111111111111111111111111011010000010
111111111111111111111111111011001001100
111111111111111111111111111011000010110
111111111111111111111111111010111100000
111111111111111111111111111010110101010
111111111111111111111111111010101110100
111111111111111111111111111010100111110
111111111111111111111111111010100001000
111111111111111111111111111010011010010
111111111111111111111111111010010011100
111111111111111111111111111010001100110
111111111111111111111111111010000110000
111111111111111111111111111001111111010
111111111111111111111111111001111000100
111111111111111111111111111001110001110
111111111111111111111111111001101011000
111111111111111111111111111001100100010
111111111111111111111111111001011101100
111111111111111111111111111001010110110
111111111111111111111111111001010000000
111111111111111111111111111001001001010
111111111111111111111111111001000010100
111111111111111111111111111000111011110
111111111111111111111111111000110101000
111111111111111111111111111000101110010
111111111111111111111111111000100111100
111111111111111111111111111000100000110
111111111111111111111111111000011010000
111111111111111111111111111000010011010
111111111111111111111111111000001100100
111111111111111111111111111000000101110
111111111111111111111111110111111111000
111111111111111111111111110111111000010
111111111111111111111111110111110001100
111111111111111111111111110111101010110
111111111111111111111111110111100100000
111111111111111111111111110111011101010
111111111111111111111111110111010110100
111111111111111111111111110111001111110
111111111111111111111111110111001001000
111111111111111111111111110111000010010
111111111111111111111111110110111011100
111111111111111111111111110110110100110
111111111111111111111111110110101110000
111111111111111111111111110110100111010
111111111111111111111111110110100000100
111111111111111111111111110110011001110
111111111111111111111111110110010011000
111111111111111111111111110110001100010
111111111111111111111111110110000101100
111111111111111111111111110101111110110
111111111111111111111111110101111000000
111111111111111111111111110101110001010
111111111111111111111111110101101010100
111111111111111111111111110101100011110
111111111111111111111111110101011101000
111111111111111111111111110101010110010
111111111111111111111111110101001111100
111111111111111111111111110101001000110
111111111111111111111111110101000010000
111111111111111111111111110100111011010
111111111111111111111111110100110100100
111111111111111111111111110100101101110
111111111111111111111111110100100111000
111111111111111111111111110100100000010
111111111111111111111111110100011001100
111111111111111111111111110100010010110
111111111111111111111111110100001100000
111111111111111111111111110100000101010
111111111111111111111111110011111110100
111111111111111111111111110011110111110
111111111111111111111111110011110001000
111111111111111111111111110011101010010
111111111111111111111111110011100011100
111111111111111111111111110011011100110
111111111111111111111111110011010110000
111111111111111111111111110011001111010
111111111111111111111111110011001000100
111111111111111111111111110011000001110
111111111111111111111111110010111011000
111111111111111111111111110010110100010
111111111111111111111111110010101101100
111111111111111111111111110010100110110
111111111111111111111111110010100000000
111111111111111111111111110010011001010
111111111111111111111111110010010010100
111111111111111111111111110010001011110
111111111111111111111111110010000101000
111111111111111111111111110001111110010
111111111111111111111111110001110111100
111111111111111111111111110001110000110
111111111111111111111111110001101010000
111111111111111111111111110001100011010
111111111111111111111111110001011100100
111111111111111111111111110001010101110
111111111111111111111111110001001111000
111111111111111111111111110001001000010
111111111111111111111111110001000001100
111111111111111111111111110000111010110
111111111111111111111111110000110100000
111111111111111111111111110000101101010
111111111111111111111111110000100110100
111111111111111111111111110000011111110
111111111111111111111111110000011001000
111111111111111111111111110000010010010
111111111111111111111111110000001011100
111111111111111111111111110000000100110
111111111111111111111111101111111110000
111111111111111111111111101111110111010
111111111111111111111111101111110000100
111111111111111111111111101111101001110
111111111111111111111111101111100011000
111111111111111111111111101111011100010
111111111111111111111111101111010101100
111111111111111111111111101111001110110
111111111111111111111111101111001000000
111111111111111111111111101111000001010
111111111111111111111111101110111010100
111111111111111111111111101110110011110
111111111111111111111111101110101101000
111111111111111111111111101110100110010
111111111111111111111111101110011111100
111111111111111111111111101110011000110
111111111111111111111111101110010010000
111111111111111111111111101110001011010
111111111111111111111111101110000100100
111111111111111111111111101101111101110
111111111111111111111111101101110111000
111111111111111111111111101101110000010
111111111111111111111111101101101001100
111111111111111111111111101101100010110
111111111111111111111111101101011100000
111111111111111111111111101101010101010
111111111111111111111111101101001110100
111111111111111111111111101101000111110
111111111111111111111111101101000001000
111111111111111111111111101100111010010
111111111111111111111111101100110011100
111111111111111111111111101100101100110
111111111111111111111111101100100110000
111111111111111111111111101100011111010
111111111111111111111111101100011000100
111111111111111111111111101100010001110
111111111111111111111111101100001011000
111111111111111111111111101100000100010
111111111111111111111111101011111101100
111111111111111111111111101011110110110
111111111111111111111111101011110000000
111111111111111111111111101011101001010
111111111111111111111111101011100010100
111111111111111111111111101011011011110
111111111111111111111111101011010101000
111111111111111111111111101011001110010
111111111111111111111111101011000111100
111111111111111111111111101011000000110
111111111111111111111111101010111010000
111111111111111111111111101010110011010
111111111111111111111111101010101100100
111111111111111111111111101010100101110
111111111111111111111111101010011111000
111111111111111111111111101010011000010
111111111111111111111111101010010001100
111111111111111111111111101010001010110
111111111111111111111111101010000100000
111111111111111111111111101001111101010
111111111111111111111111101001110110100
111111111111111111111111101001101111110
111111111111111111111111101001101001000
111111111111111111111111101001100010010
111111111111111111111111101001011011100
111111111111111111111111101001010100110
111111111111111111111111101001001110000
111111111111111111111111101001000111010
111111111111111111111111101001000000100
111111111111111111111111101000111001110
111111111111111111111111101000110011000
111111111111111111111111101000101100010
111111111111111111111111101000100101100
111111111111111111111111101000011110110
111111111111111111111111101000011000000
111111111111111111111111101000010001010
111111111111111111111111101000001010100
111111111111111111111111101000000011110
111111111111111111111111100111111101000
111111111111111111111111100111110110010
111111111111111111111111100111101111100
111111111111111111111111100111101000110
111111111111111111111111100111100010000
111111111111111111111111100111011011010
111111111111111111111111100111010100100
111111111111111111111111100111001101110
111111111111111111111111100111000111000
111111111111111111111111100111000000010
111111111111111111111111100110111001100
111111111111111111111111100110110010110
111111111111111111111111100110101100000
111111111111111111111111100110100101010
111111111111111111111111100110011110100
111111111111111111111111100110010111110
111111111111111111111111100110010001000
111111111111111111111111100110001010010
111111111111111111111111100110000011100
111111111111111111111111100101111100110
111111111111111111111111100101110110000
111111111111111111111111100101101111010
111111111111111111111111100101101000100
111111111111111111111111100101100001110
111111111111111111111111100101011011000
111111111111111111111111100101010100010
111111111111111111111111100101001101100
111111111111111111111111100101000110110
