000000000000000000000000000000000000000
111111111111111111111111111111110010111
111111111111111111111111111111100101110
111111111111111111111111111111011000101
111111111111111111111111111111001011100
111111111111111111111111111110111110011
111111111111111111111111111110110001010
111111111111111111111111111110100100001
111111111111111111111111111110010111000
111111111111111111111111111110001001111
111111111111111111111111111101111100110
111111111111111111111111111101101111101
111111111111111111111111111101100010100
111111111111111111111111111101010101011
111111111111111111111111111101001000010
111111111111111111111111111100111011001
111111111111111111111111111100101110000
111111111111111111111111111100100000111
111111111111111111111111111100010011110
111111111111111111111111111100000110101
111111111111111111111111111011111001100
111111111111111111111111111011101100011
111111111111111111111111111011011111010
111111111111111111111111111011010010001
111111111111111111111111111011000101000
111111111111111111111111111010110111111
111111111111111111111111111010101010110
111111111111111111111111111010011101101
111111111111111111111111111010010000100
111111111111111111111111111010000011011
111111111111111111111111111001110110010
111111111111111111111111111001101001001
111111111111111111111111111001011100000
111111111111111111111111111001001110111
111111111111111111111111111001000001110
111111111111111111111111111000110100101
111111111111111111111111111000100111100
111111111111111111111111111000011010011
111111111111111111111111111000001101010
111111111111111111111111111000000000001
111111111111111111111111110111110011000
111111111111111111111111110111100101111
111111111111111111111111110111011000110
111111111111111111111111110111001011101
111111111111111111111111110110111110100
111111111111111111111111110110110001011
111111111111111111111111110110100100010
111111111111111111111111110110010111001
111111111111111111111111110110001010000
111111111111111111111111110101111100111
111111111111111111111111110101101111110
111111111111111111111111110101100010101
111111111111111111111111110101010101100
111111111111111111111111110101001000011
111111111111111111111111110100111011010
111111111111111111111111110100101110001
111111111111111111111111110100100001000
111111111111111111111111110100010011111
111111111111111111111111110100000110110
111111111111111111111111110011111001101
111111111111111111111111110011101100100
111111111111111111111111110011011111011
111111111111111111111111110011010010010
111111111111111111111111110011000101001
111111111111111111111111110010111000000
111111111111111111111111110010101010111
111111111111111111111111110010011101110
111111111111111111111111110010010000101
111111111111111111111111110010000011100
111111111111111111111111110001110110011
111111111111111111111111110001101001010
111111111111111111111111110001011100001
111111111111111111111111110001001111000
111111111111111111111111110001000001111
111111111111111111111111110000110100110
111111111111111111111111110000100111101
111111111111111111111111110000011010100
111111111111111111111111110000001101011
111111111111111111111111110000000000010
111111111111111111111111101111110011001
111111111111111111111111101111100110000
111111111111111111111111101111011000111
111111111111111111111111101111001011110
111111111111111111111111101110111110101
111111111111111111111111101110110001100
111111111111111111111111101110100100011
111111111111111111111111101110010111010
111111111111111111111111101110001010001
111111111111111111111111101101111101000
111111111111111111111111101101101111111
111111111111111111111111101101100010110
111111111111111111111111101101010101101
111111111111111111111111101101001000100
111111111111111111111111101100111011011
111111111111111111111111101100101110010
111111111111111111111111101100100001001
111111111111111111111111101100010100000
111111111111111111111111101100000110111
111111111111111111111111101011111001110
111111111111111111111111101011101100101
111111111111111111111111101011011111100
111111111111111111111111101011010010011
111111111111111111111111101011000101010
111111111111111111111111101010111000001
111111111111111111111111101010101011000
111111111111111111111111101010011101111
111111111111111111111111101010010000110
111111111111111111111111101010000011101
111111111111111111111111101001110110100
111111111111111111111111101001101001011
111111111111111111111111101001011100010
111111111111111111111111101001001111001
111111111111111111111111101001000010000
111111111111111111111111101000110100111
111111111111111111111111101000100111110
111111111111111111111111101000011010101
111111111111111111111111101000001101100
111111111111111111111111101000000000011
111111111111111111111111100111110011010
111111111111111111111111100111100110001
111111111111111111111111100111011001000
111111111111111111111111100111001011111
111111111111111111111111100110111110110
111111111111111111111111100110110001101
111111111111111111111111100110100100100
111111111111111111111111100110010111011
111111111111111111111111100110001010010
111111111111111111111111100101111101001
111111111111111111111111100101110000000
111111111111111111111111100101100010111
111111111111111111111111100101010101110
111111111111111111111111100101001000101
111111111111111111111111100100111011100
111111111111111111111111100100101110011
111111111111111111111111100100100001010
111111111111111111111111100100010100001
111111111111111111111111100100000111000
111111111111111111111111100011111001111
111111111111111111111111100011101100110
111111111111111111111111100011011111101
111111111111111111111111100011010010100
111111111111111111111111100011000101011
111111111111111111111111100010111000010
111111111111111111111111100010101011001
111111111111111111111111100010011110000
111111111111111111111111100010010000111
111111111111111111111111100010000011110
111111111111111111111111100001110110101
111111111111111111111111100001101001100
111111111111111111111111100001011100011
111111111111111111111111100001001111010
111111111111111111111111100001000010001
111111111111111111111111100000110101000
111111111111111111111111100000100111111
111111111111111111111111100000011010110
111111111111111111111111100000001101101
111111111111111111111111100000000000100
111111111111111111111111011111110011011
111111111111111111111111011111100110010
111111111111111111111111011111011001001
111111111111111111111111011111001100000
111111111111111111111111011110111110111
111111111111111111111111011110110001110
111111111111111111111111011110100100101
111111111111111111111111011110010111100
111111111111111111111111011110001010011
111111111111111111111111011101111101010
111111111111111111111111011101110000001
111111111111111111111111011101100011000
111111111111111111111111011101010101111
111111111111111111111111011101001000110
111111111111111111111111011100111011101
111111111111111111111111011100101110100
111111111111111111111111011100100001011
111111111111111111111111011100010100010
111111111111111111111111011100000111001
111111111111111111111111011011111010000
111111111111111111111111011011101100111
111111111111111111111111011011011111110
111111111111111111111111011011010010101
111111111111111111111111011011000101100
111111111111111111111111011010111000011
111111111111111111111111011010101011010
111111111111111111111111011010011110001
111111111111111111111111011010010001000
111111111111111111111111011010000011111
111111111111111111111111011001110110110
111111111111111111111111011001101001101
111111111111111111111111011001011100100
111111111111111111111111011001001111011
111111111111111111111111011001000010010
111111111111111111111111011000110101001
111111111111111111111111011000101000000
111111111111111111111111011000011010111
111111111111111111111111011000001101110
111111111111111111111111011000000000101
111111111111111111111111010111110011100
111111111111111111111111010111100110011
111111111111111111111111010111011001010
111111111111111111111111010111001100001
111111111111111111111111010110111111000
111111111111111111111111010110110001111
111111111111111111111111010110100100110
111111111111111111111111010110010111101
111111111111111111111111010110001010100
111111111111111111111111010101111101011
111111111111111111111111010101110000010
111111111111111111111111010101100011001
111111111111111111111111010101010110000
111111111111111111111111010101001000111
111111111111111111111111010100111011110
111111111111111111111111010100101110101
111111111111111111111111010100100001100
111111111111111111111111010100010100011
111111111111111111111111010100000111010
111111111111111111111111010011111010001
111111111111111111111111010011101101000
111111111111111111111111010011011111111
111111111111111111111111010011010010110
111111111111111111111111010011000101101
111111111111111111111111010010111000100
111111111111111111111111010010101011011
111111111111111111111111010010011110010
111111111111111111111111010010010001001
111111111111111111111111010010000100000
111111111111111111111111010001110110111
111111111111111111111111010001101001110
111111111111111111111111010001011100101
111111111111111111111111010001001111100
111111111111111111111111010001000010011
111111111111111111111111010000110101010
111111111111111111111111010000101000001
111111111111111111111111010000011011000
111111111111111111111111010000001101111
111111111111111111111111010000000000110
111111111111111111111111001111110011101
111111111111111111111111001111100110100
111111111111111111111111001111011001011
111111111111111111111111001111001100010
111111111111111111111111001110111111001
111111111111111111111111001110110010000
111111111111111111111111001110100100111
111111111111111111111111001110010111110
111111111111111111111111001110001010101
111111111111111111111111001101111101100
111111111111111111111111001101110000011
111111111111111111111111001101100011010
111111111111111111111111001101010110001
111111111111111111111111001101001001000
111111111111111111111111001100111011111
111111111111111111111111001100101110110
111111111111111111111111001100100001101
111111111111111111111111001100010100100
111111111111111111111111001100000111011
111111111111111111111111001011111010010
111111111111111111111111001011101101001
