000000000000000000000000000000000000000
111111111111111111111111111111111111110
111111111111111111111111111111111111100
111111111111111111111111111111111111010
111111111111111111111111111111111111000
111111111111111111111111111111111110110
111111111111111111111111111111111110100
111111111111111111111111111111111110010
111111111111111111111111111111111110000
111111111111111111111111111111111101110
111111111111111111111111111111111101100
111111111111111111111111111111111101010
111111111111111111111111111111111101000
111111111111111111111111111111111100110
111111111111111111111111111111111100100
111111111111111111111111111111111100010
111111111111111111111111111111111100000
111111111111111111111111111111111011110
111111111111111111111111111111111011100
111111111111111111111111111111111011010
111111111111111111111111111111111011000
111111111111111111111111111111111010110
111111111111111111111111111111111010100
111111111111111111111111111111111010010
111111111111111111111111111111111010000
111111111111111111111111111111111001110
111111111111111111111111111111111001100
111111111111111111111111111111111001010
111111111111111111111111111111111001000
111111111111111111111111111111111000110
111111111111111111111111111111111000100
111111111111111111111111111111111000010
111111111111111111111111111111111000000
111111111111111111111111111111110111110
111111111111111111111111111111110111100
111111111111111111111111111111110111010
111111111111111111111111111111110111000
111111111111111111111111111111110110110
111111111111111111111111111111110110100
111111111111111111111111111111110110010
111111111111111111111111111111110110000
111111111111111111111111111111110101110
111111111111111111111111111111110101100
111111111111111111111111111111110101010
111111111111111111111111111111110101000
111111111111111111111111111111110100110
111111111111111111111111111111110100100
111111111111111111111111111111110100010
111111111111111111111111111111110100000
111111111111111111111111111111110011110
111111111111111111111111111111110011100
111111111111111111111111111111110011010
111111111111111111111111111111110011000
111111111111111111111111111111110010110
111111111111111111111111111111110010100
111111111111111111111111111111110010010
111111111111111111111111111111110010000
111111111111111111111111111111110001110
111111111111111111111111111111110001100
111111111111111111111111111111110001010
111111111111111111111111111111110001000
111111111111111111111111111111110000110
111111111111111111111111111111110000100
111111111111111111111111111111110000010
111111111111111111111111111111110000000
111111111111111111111111111111101111110
111111111111111111111111111111101111100
111111111111111111111111111111101111010
111111111111111111111111111111101111000
111111111111111111111111111111101110110
111111111111111111111111111111101110100
111111111111111111111111111111101110010
111111111111111111111111111111101110000
111111111111111111111111111111101101110
111111111111111111111111111111101101100
111111111111111111111111111111101101010
111111111111111111111111111111101101000
111111111111111111111111111111101100110
111111111111111111111111111111101100100
111111111111111111111111111111101100010
111111111111111111111111111111101100000
111111111111111111111111111111101011110
111111111111111111111111111111101011100
111111111111111111111111111111101011010
111111111111111111111111111111101011000
111111111111111111111111111111101010110
111111111111111111111111111111101010100
111111111111111111111111111111101010010
111111111111111111111111111111101010000
111111111111111111111111111111101001110
111111111111111111111111111111101001100
111111111111111111111111111111101001010
111111111111111111111111111111101001000
111111111111111111111111111111101000110
111111111111111111111111111111101000100
111111111111111111111111111111101000010
111111111111111111111111111111101000000
111111111111111111111111111111100111110
111111111111111111111111111111100111100
111111111111111111111111111111100111010
111111111111111111111111111111100111000
111111111111111111111111111111100110110
111111111111111111111111111111100110100
111111111111111111111111111111100110010
111111111111111111111111111111100110000
111111111111111111111111111111100101110
111111111111111111111111111111100101100
111111111111111111111111111111100101010
111111111111111111111111111111100101000
111111111111111111111111111111100100110
111111111111111111111111111111100100100
111111111111111111111111111111100100010
111111111111111111111111111111100100000
111111111111111111111111111111100011110
111111111111111111111111111111100011100
111111111111111111111111111111100011010
111111111111111111111111111111100011000
111111111111111111111111111111100010110
111111111111111111111111111111100010100
111111111111111111111111111111100010010
111111111111111111111111111111100010000
111111111111111111111111111111100001110
111111111111111111111111111111100001100
111111111111111111111111111111100001010
111111111111111111111111111111100001000
111111111111111111111111111111100000110
111111111111111111111111111111100000100
111111111111111111111111111111100000010
111111111111111111111111111111100000000
111111111111111111111111111111011111110
111111111111111111111111111111011111100
111111111111111111111111111111011111010
111111111111111111111111111111011111000
111111111111111111111111111111011110110
111111111111111111111111111111011110100
111111111111111111111111111111011110010
111111111111111111111111111111011110000
111111111111111111111111111111011101110
111111111111111111111111111111011101100
111111111111111111111111111111011101010
111111111111111111111111111111011101000
111111111111111111111111111111011100110
111111111111111111111111111111011100100
111111111111111111111111111111011100010
111111111111111111111111111111011100000
111111111111111111111111111111011011110
111111111111111111111111111111011011100
111111111111111111111111111111011011010
111111111111111111111111111111011011000
111111111111111111111111111111011010110
111111111111111111111111111111011010100
111111111111111111111111111111011010010
111111111111111111111111111111011010000
111111111111111111111111111111011001110
111111111111111111111111111111011001100
111111111111111111111111111111011001010
111111111111111111111111111111011001000
111111111111111111111111111111011000110
111111111111111111111111111111011000100
111111111111111111111111111111011000010
111111111111111111111111111111011000000
111111111111111111111111111111010111110
111111111111111111111111111111010111100
111111111111111111111111111111010111010
111111111111111111111111111111010111000
111111111111111111111111111111010110110
111111111111111111111111111111010110100
111111111111111111111111111111010110010
111111111111111111111111111111010110000
111111111111111111111111111111010101110
111111111111111111111111111111010101100
111111111111111111111111111111010101010
111111111111111111111111111111010101000
111111111111111111111111111111010100110
111111111111111111111111111111010100100
111111111111111111111111111111010100010
111111111111111111111111111111010100000
111111111111111111111111111111010011110
111111111111111111111111111111010011100
111111111111111111111111111111010011010
111111111111111111111111111111010011000
111111111111111111111111111111010010110
111111111111111111111111111111010010100
111111111111111111111111111111010010010
111111111111111111111111111111010010000
111111111111111111111111111111010001110
111111111111111111111111111111010001100
111111111111111111111111111111010001010
111111111111111111111111111111010001000
111111111111111111111111111111010000110
111111111111111111111111111111010000100
111111111111111111111111111111010000010
111111111111111111111111111111010000000
111111111111111111111111111111001111110
111111111111111111111111111111001111100
111111111111111111111111111111001111010
111111111111111111111111111111001111000
111111111111111111111111111111001110110
111111111111111111111111111111001110100
111111111111111111111111111111001110010
111111111111111111111111111111001110000
111111111111111111111111111111001101110
111111111111111111111111111111001101100
111111111111111111111111111111001101010
111111111111111111111111111111001101000
111111111111111111111111111111001100110
111111111111111111111111111111001100100
111111111111111111111111111111001100010
111111111111111111111111111111001100000
111111111111111111111111111111001011110
111111111111111111111111111111001011100
111111111111111111111111111111001011010
111111111111111111111111111111001011000
111111111111111111111111111111001010110
111111111111111111111111111111001010100
111111111111111111111111111111001010010
111111111111111111111111111111001010000
111111111111111111111111111111001001110
111111111111111111111111111111001001100
111111111111111111111111111111001001010
111111111111111111111111111111001001000
111111111111111111111111111111001000110
111111111111111111111111111111001000100
111111111111111111111111111111001000010
111111111111111111111111111111001000000
111111111111111111111111111111000111110
111111111111111111111111111111000111100
111111111111111111111111111111000111010
111111111111111111111111111111000111000
111111111111111111111111111111000110110
111111111111111111111111111111000110100
111111111111111111111111111111000110010
111111111111111111111111111111000110000
111111111111111111111111111111000101110
111111111111111111111111111111000101100
111111111111111111111111111111000101010
111111111111111111111111111111000101000
111111111111111111111111111111000100110
111111111111111111111111111111000100100
111111111111111111111111111111000100010
111111111111111111111111111111000100000
111111111111111111111111111111000011110
111111111111111111111111111111000011100
111111111111111111111111111111000011010
111111111111111111111111111111000011000
111111111111111111111111111111000010110
111111111111111111111111111111000010100
111111111111111111111111111111000010010
111111111111111111111111111111000010000
111111111111111111111111111111000001110
111111111111111111111111111111000001100
111111111111111111111111111111000001010
111111111111111111111111111111000001000
111111111111111111111111111111000000110
111111111111111111111111111111000000100
111111111111111111111111111111000000010
