000000000000000000000000000000000000000
111111111111111111111111111111100110110
111111111111111111111111111111001101100
111111111111111111111111111110110100010
111111111111111111111111111110011011000
111111111111111111111111111110000001110
111111111111111111111111111101101000100
111111111111111111111111111101001111010
111111111111111111111111111100110110000
111111111111111111111111111100011100110
111111111111111111111111111100000011100
111111111111111111111111111011101010010
111111111111111111111111111011010001000
111111111111111111111111111010110111110
111111111111111111111111111010011110100
111111111111111111111111111010000101010
111111111111111111111111111001101100000
111111111111111111111111111001010010110
111111111111111111111111111000111001100
111111111111111111111111111000100000010
111111111111111111111111111000000111000
111111111111111111111111110111101101110
111111111111111111111111110111010100100
111111111111111111111111110110111011010
111111111111111111111111110110100010000
111111111111111111111111110110001000110
111111111111111111111111110101101111100
111111111111111111111111110101010110010
111111111111111111111111110100111101000
111111111111111111111111110100100011110
111111111111111111111111110100001010100
111111111111111111111111110011110001010
111111111111111111111111110011011000000
111111111111111111111111110010111110110
111111111111111111111111110010100101100
111111111111111111111111110010001100010
111111111111111111111111110001110011000
111111111111111111111111110001011001110
111111111111111111111111110001000000100
111111111111111111111111110000100111010
111111111111111111111111110000001110000
111111111111111111111111101111110100110
111111111111111111111111101111011011100
111111111111111111111111101111000010010
111111111111111111111111101110101001000
111111111111111111111111101110001111110
111111111111111111111111101101110110100
111111111111111111111111101101011101010
111111111111111111111111101101000100000
111111111111111111111111101100101010110
111111111111111111111111101100010001100
111111111111111111111111101011111000010
111111111111111111111111101011011111000
111111111111111111111111101011000101110
111111111111111111111111101010101100100
111111111111111111111111101010010011010
111111111111111111111111101001111010000
111111111111111111111111101001100000110
111111111111111111111111101001000111100
111111111111111111111111101000101110010
111111111111111111111111101000010101000
111111111111111111111111100111111011110
111111111111111111111111100111100010100
111111111111111111111111100111001001010
111111111111111111111111100110110000000
111111111111111111111111100110010110110
111111111111111111111111100101111101100
111111111111111111111111100101100100010
111111111111111111111111100101001011000
111111111111111111111111100100110001110
111111111111111111111111100100011000100
111111111111111111111111100011111111010
111111111111111111111111100011100110000
111111111111111111111111100011001100110
111111111111111111111111100010110011100
111111111111111111111111100010011010010
111111111111111111111111100010000001000
111111111111111111111111100001100111110
111111111111111111111111100001001110100
111111111111111111111111100000110101010
111111111111111111111111100000011100000
111111111111111111111111100000000010110
111111111111111111111111011111101001100
111111111111111111111111011111010000010
111111111111111111111111011110110111000
111111111111111111111111011110011101110
111111111111111111111111011110000100100
111111111111111111111111011101101011010
111111111111111111111111011101010010000
111111111111111111111111011100111000110
111111111111111111111111011100011111100
111111111111111111111111011100000110010
111111111111111111111111011011101101000
111111111111111111111111011011010011110
111111111111111111111111011010111010100
111111111111111111111111011010100001010
111111111111111111111111011010001000000
111111111111111111111111011001101110110
111111111111111111111111011001010101100
111111111111111111111111011000111100010
111111111111111111111111011000100011000
111111111111111111111111011000001001110
111111111111111111111111010111110000100
111111111111111111111111010111010111010
111111111111111111111111010110111110000
111111111111111111111111010110100100110
111111111111111111111111010110001011100
111111111111111111111111010101110010010
111111111111111111111111010101011001000
111111111111111111111111010100111111110
111111111111111111111111010100100110100
111111111111111111111111010100001101010
111111111111111111111111010011110100000
111111111111111111111111010011011010110
111111111111111111111111010011000001100
111111111111111111111111010010101000010
111111111111111111111111010010001111000
111111111111111111111111010001110101110
111111111111111111111111010001011100100
111111111111111111111111010001000011010
111111111111111111111111010000101010000
111111111111111111111111010000010000110
111111111111111111111111001111110111100
111111111111111111111111001111011110010
111111111111111111111111001111000101000
111111111111111111111111001110101011110
111111111111111111111111001110010010100
111111111111111111111111001101111001010
111111111111111111111111001101100000000
111111111111111111111111001101000110110
111111111111111111111111001100101101100
111111111111111111111111001100010100010
111111111111111111111111001011111011000
111111111111111111111111001011100001110
111111111111111111111111001011001000100
111111111111111111111111001010101111010
111111111111111111111111001010010110000
111111111111111111111111001001111100110
111111111111111111111111001001100011100
111111111111111111111111001001001010010
111111111111111111111111001000110001000
111111111111111111111111001000010111110
111111111111111111111111000111111110100
111111111111111111111111000111100101010
111111111111111111111111000111001100000
111111111111111111111111000110110010110
111111111111111111111111000110011001100
111111111111111111111111000110000000010
111111111111111111111111000101100111000
111111111111111111111111000101001101110
111111111111111111111111000100110100100
111111111111111111111111000100011011010
111111111111111111111111000100000010000
111111111111111111111111000011101000110
111111111111111111111111000011001111100
111111111111111111111111000010110110010
111111111111111111111111000010011101000
111111111111111111111111000010000011110
111111111111111111111111000001101010100
111111111111111111111111000001010001010
111111111111111111111111000000111000000
111111111111111111111111000000011110110
111111111111111111111111000000000101100
111111111111111111111110111111101100010
111111111111111111111110111111010011000
111111111111111111111110111110111001110
111111111111111111111110111110100000100
111111111111111111111110111110000111010
111111111111111111111110111101101110000
111111111111111111111110111101010100110
111111111111111111111110111100111011100
111111111111111111111110111100100010010
111111111111111111111110111100001001000
111111111111111111111110111011101111110
111111111111111111111110111011010110100
111111111111111111111110111010111101010
111111111111111111111110111010100100000
111111111111111111111110111010001010110
111111111111111111111110111001110001100
111111111111111111111110111001011000010
111111111111111111111110111000111111000
111111111111111111111110111000100101110
111111111111111111111110111000001100100
111111111111111111111110110111110011010
111111111111111111111110110111011010000
111111111111111111111110110111000000110
111111111111111111111110110110100111100
111111111111111111111110110110001110010
111111111111111111111110110101110101000
111111111111111111111110110101011011110
111111111111111111111110110101000010100
111111111111111111111110110100101001010
111111111111111111111110110100010000000
111111111111111111111110110011110110110
111111111111111111111110110011011101100
111111111111111111111110110011000100010
111111111111111111111110110010101011000
111111111111111111111110110010010001110
111111111111111111111110110001111000100
111111111111111111111110110001011111010
111111111111111111111110110001000110000
111111111111111111111110110000101100110
111111111111111111111110110000010011100
111111111111111111111110101111111010010
111111111111111111111110101111100001000
111111111111111111111110101111000111110
111111111111111111111110101110101110100
111111111111111111111110101110010101010
111111111111111111111110101101111100000
111111111111111111111110101101100010110
111111111111111111111110101101001001100
111111111111111111111110101100110000010
111111111111111111111110101100010111000
111111111111111111111110101011111101110
111111111111111111111110101011100100100
111111111111111111111110101011001011010
111111111111111111111110101010110010000
111111111111111111111110101010011000110
111111111111111111111110101001111111100
111111111111111111111110101001100110010
111111111111111111111110101001001101000
111111111111111111111110101000110011110
111111111111111111111110101000011010100
111111111111111111111110101000000001010
111111111111111111111110100111101000000
111111111111111111111110100111001110110
111111111111111111111110100110110101100
111111111111111111111110100110011100010
111111111111111111111110100110000011000
111111111111111111111110100101101001110
111111111111111111111110100101010000100
111111111111111111111110100100110111010
111111111111111111111110100100011110000
111111111111111111111110100100000100110
111111111111111111111110100011101011100
111111111111111111111110100011010010010
111111111111111111111110100010111001000
111111111111111111111110100010011111110
111111111111111111111110100010000110100
111111111111111111111110100001101101010
111111111111111111111110100001010100000
111111111111111111111110100000111010110
111111111111111111111110100000100001100
111111111111111111111110100000001000010
111111111111111111111110011111101111000
111111111111111111111110011111010101110
111111111111111111111110011110111100100
111111111111111111111110011110100011010
111111111111111111111110011110001010000
111111111111111111111110011101110000110
111111111111111111111110011101010111100
111111111111111111111110011100111110010
111111111111111111111110011100100101000
111111111111111111111110011100001011110
111111111111111111111110011011110010100
111111111111111111111110011011011001010
