000000000000000000000000000000000000000
111111111111111111111111111111100000101
111111111111111111111111111111000001010
111111111111111111111111111110100001111
111111111111111111111111111110000010100
111111111111111111111111111101100011001
111111111111111111111111111101000011110
111111111111111111111111111100100100011
111111111111111111111111111100000101000
111111111111111111111111111011100101101
111111111111111111111111111011000110010
111111111111111111111111111010100110111
111111111111111111111111111010000111100
111111111111111111111111111001101000001
111111111111111111111111111001001000110
111111111111111111111111111000101001011
111111111111111111111111111000001010000
111111111111111111111111110111101010101
111111111111111111111111110111001011010
111111111111111111111111110110101011111
111111111111111111111111110110001100100
111111111111111111111111110101101101001
111111111111111111111111110101001101110
111111111111111111111111110100101110011
111111111111111111111111110100001111000
111111111111111111111111110011101111101
111111111111111111111111110011010000010
111111111111111111111111110010110000111
111111111111111111111111110010010001100
111111111111111111111111110001110010001
111111111111111111111111110001010010110
111111111111111111111111110000110011011
111111111111111111111111110000010100000
111111111111111111111111101111110100101
111111111111111111111111101111010101010
111111111111111111111111101110110101111
111111111111111111111111101110010110100
111111111111111111111111101101110111001
111111111111111111111111101101010111110
111111111111111111111111101100111000011
111111111111111111111111101100011001000
111111111111111111111111101011111001101
111111111111111111111111101011011010010
111111111111111111111111101010111010111
111111111111111111111111101010011011100
111111111111111111111111101001111100001
111111111111111111111111101001011100110
111111111111111111111111101000111101011
111111111111111111111111101000011110000
111111111111111111111111100111111110101
111111111111111111111111100111011111010
111111111111111111111111100110111111111
111111111111111111111111100110100000100
111111111111111111111111100110000001001
111111111111111111111111100101100001110
111111111111111111111111100101000010011
111111111111111111111111100100100011000
111111111111111111111111100100000011101
111111111111111111111111100011100100010
111111111111111111111111100011000100111
111111111111111111111111100010100101100
111111111111111111111111100010000110001
111111111111111111111111100001100110110
111111111111111111111111100001000111011
111111111111111111111111100000101000000
111111111111111111111111100000001000101
111111111111111111111111011111101001010
111111111111111111111111011111001001111
111111111111111111111111011110101010100
111111111111111111111111011110001011001
111111111111111111111111011101101011110
111111111111111111111111011101001100011
111111111111111111111111011100101101000
111111111111111111111111011100001101101
111111111111111111111111011011101110010
111111111111111111111111011011001110111
111111111111111111111111011010101111100
111111111111111111111111011010010000001
111111111111111111111111011001110000110
111111111111111111111111011001010001011
111111111111111111111111011000110010000
111111111111111111111111011000010010101
111111111111111111111111010111110011010
111111111111111111111111010111010011111
111111111111111111111111010110110100100
111111111111111111111111010110010101001
111111111111111111111111010101110101110
111111111111111111111111010101010110011
111111111111111111111111010100110111000
111111111111111111111111010100010111101
111111111111111111111111010011111000010
111111111111111111111111010011011000111
111111111111111111111111010010111001100
111111111111111111111111010010011010001
111111111111111111111111010001111010110
111111111111111111111111010001011011011
111111111111111111111111010000111100000
111111111111111111111111010000011100101
111111111111111111111111001111111101010
111111111111111111111111001111011101111
111111111111111111111111001110111110100
111111111111111111111111001110011111001
111111111111111111111111001101111111110
111111111111111111111111001101100000011
111111111111111111111111001101000001000
111111111111111111111111001100100001101
111111111111111111111111001100000010010
111111111111111111111111001011100010111
111111111111111111111111001011000011100
111111111111111111111111001010100100001
111111111111111111111111001010000100110
111111111111111111111111001001100101011
111111111111111111111111001001000110000
111111111111111111111111001000100110101
111111111111111111111111001000000111010
111111111111111111111111000111100111111
111111111111111111111111000111001000100
111111111111111111111111000110101001001
111111111111111111111111000110001001110
111111111111111111111111000101101010011
111111111111111111111111000101001011000
111111111111111111111111000100101011101
111111111111111111111111000100001100010
111111111111111111111111000011101100111
111111111111111111111111000011001101100
111111111111111111111111000010101110001
111111111111111111111111000010001110110
111111111111111111111111000001101111011
111111111111111111111111000001010000000
111111111111111111111111000000110000101
111111111111111111111111000000010001010
111111111111111111111110111111110001111
111111111111111111111110111111010010100
111111111111111111111110111110110011001
111111111111111111111110111110010011110
111111111111111111111110111101110100011
111111111111111111111110111101010101000
111111111111111111111110111100110101101
111111111111111111111110111100010110010
111111111111111111111110111011110110111
111111111111111111111110111011010111100
111111111111111111111110111010111000001
111111111111111111111110111010011000110
111111111111111111111110111001111001011
111111111111111111111110111001011010000
111111111111111111111110111000111010101
111111111111111111111110111000011011010
111111111111111111111110110111111011111
111111111111111111111110110111011100100
111111111111111111111110110110111101001
111111111111111111111110110110011101110
111111111111111111111110110101111110011
111111111111111111111110110101011111000
111111111111111111111110110100111111101
111111111111111111111110110100100000010
111111111111111111111110110100000000111
111111111111111111111110110011100001100
111111111111111111111110110011000010001
111111111111111111111110110010100010110
111111111111111111111110110010000011011
111111111111111111111110110001100100000
111111111111111111111110110001000100101
111111111111111111111110110000100101010
111111111111111111111110110000000101111
111111111111111111111110101111100110100
111111111111111111111110101111000111001
111111111111111111111110101110100111110
111111111111111111111110101110001000011
111111111111111111111110101101101001000
111111111111111111111110101101001001101
111111111111111111111110101100101010010
111111111111111111111110101100001010111
111111111111111111111110101011101011100
111111111111111111111110101011001100001
111111111111111111111110101010101100110
111111111111111111111110101010001101011
111111111111111111111110101001101110000
111111111111111111111110101001001110101
111111111111111111111110101000101111010
111111111111111111111110101000001111111
111111111111111111111110100111110000100
111111111111111111111110100111010001001
111111111111111111111110100110110001110
111111111111111111111110100110010010011
111111111111111111111110100101110011000
111111111111111111111110100101010011101
111111111111111111111110100100110100010
111111111111111111111110100100010100111
111111111111111111111110100011110101100
111111111111111111111110100011010110001
111111111111111111111110100010110110110
111111111111111111111110100010010111011
111111111111111111111110100001111000000
111111111111111111111110100001011000101
111111111111111111111110100000111001010
111111111111111111111110100000011001111
111111111111111111111110011111111010100
111111111111111111111110011111011011001
111111111111111111111110011110111011110
111111111111111111111110011110011100011
111111111111111111111110011101111101000
111111111111111111111110011101011101101
111111111111111111111110011100111110010
111111111111111111111110011100011110111
111111111111111111111110011011111111100
111111111111111111111110011011100000001
111111111111111111111110011011000000110
111111111111111111111110011010100001011
111111111111111111111110011010000010000
111111111111111111111110011001100010101
111111111111111111111110011001000011010
111111111111111111111110011000100011111
111111111111111111111110011000000100100
111111111111111111111110010111100101001
111111111111111111111110010111000101110
111111111111111111111110010110100110011
111111111111111111111110010110000111000
111111111111111111111110010101100111101
111111111111111111111110010101001000010
111111111111111111111110010100101000111
111111111111111111111110010100001001100
111111111111111111111110010011101010001
111111111111111111111110010011001010110
111111111111111111111110010010101011011
111111111111111111111110010010001100000
111111111111111111111110010001101100101
111111111111111111111110010001001101010
111111111111111111111110010000101101111
111111111111111111111110010000001110100
111111111111111111111110001111101111001
111111111111111111111110001111001111110
111111111111111111111110001110110000011
111111111111111111111110001110010001000
111111111111111111111110001101110001101
111111111111111111111110001101010010010
111111111111111111111110001100110010111
111111111111111111111110001100010011100
111111111111111111111110001011110100001
111111111111111111111110001011010100110
111111111111111111111110001010110101011
111111111111111111111110001010010110000
111111111111111111111110001001110110101
111111111111111111111110001001010111010
111111111111111111111110001000110111111
111111111111111111111110001000011000100
111111111111111111111110000111111001001
111111111111111111111110000111011001110
111111111111111111111110000110111010011
111111111111111111111110000110011011000
111111111111111111111110000101111011101
111111111111111111111110000101011100010
111111111111111111111110000100111100111
111111111111111111111110000100011101100
111111111111111111111110000011111110001
111111111111111111111110000011011110110
111111111111111111111110000010111111011
