000000000000000000000000000000000000000
000000000000000000000000000000001000011
000000000000000000000000000000010000110
000000000000000000000000000000011001001
000000000000000000000000000000100001100
000000000000000000000000000000101001111
000000000000000000000000000000110010010
000000000000000000000000000000111010101
000000000000000000000000000001000011000
000000000000000000000000000001001011011
000000000000000000000000000001010011110
000000000000000000000000000001011100001
000000000000000000000000000001100100100
000000000000000000000000000001101100111
000000000000000000000000000001110101010
000000000000000000000000000001111101101
000000000000000000000000000010000110000
000000000000000000000000000010001110011
000000000000000000000000000010010110110
000000000000000000000000000010011111001
000000000000000000000000000010100111100
000000000000000000000000000010101111111
000000000000000000000000000010111000010
000000000000000000000000000011000000101
000000000000000000000000000011001001000
000000000000000000000000000011010001011
000000000000000000000000000011011001110
000000000000000000000000000011100010001
000000000000000000000000000011101010100
000000000000000000000000000011110010111
000000000000000000000000000011111011010
000000000000000000000000000100000011101
000000000000000000000000000100001100000
000000000000000000000000000100010100011
000000000000000000000000000100011100110
000000000000000000000000000100100101001
000000000000000000000000000100101101100
000000000000000000000000000100110101111
000000000000000000000000000100111110010
000000000000000000000000000101000110101
000000000000000000000000000101001111000
000000000000000000000000000101010111011
000000000000000000000000000101011111110
000000000000000000000000000101101000001
000000000000000000000000000101110000100
000000000000000000000000000101111000111
000000000000000000000000000110000001010
000000000000000000000000000110001001101
000000000000000000000000000110010010000
000000000000000000000000000110011010011
000000000000000000000000000110100010110
000000000000000000000000000110101011001
000000000000000000000000000110110011100
000000000000000000000000000110111011111
000000000000000000000000000111000100010
000000000000000000000000000111001100101
000000000000000000000000000111010101000
000000000000000000000000000111011101011
000000000000000000000000000111100101110
000000000000000000000000000111101110001
000000000000000000000000000111110110100
000000000000000000000000000111111110111
000000000000000000000000001000000111010
000000000000000000000000001000001111101
000000000000000000000000001000011000000
000000000000000000000000001000100000011
000000000000000000000000001000101000110
000000000000000000000000001000110001001
000000000000000000000000001000111001100
000000000000000000000000001001000001111
000000000000000000000000001001001010010
000000000000000000000000001001010010101
000000000000000000000000001001011011000
000000000000000000000000001001100011011
000000000000000000000000001001101011110
000000000000000000000000001001110100001
000000000000000000000000001001111100100
000000000000000000000000001010000100111
000000000000000000000000001010001101010
000000000000000000000000001010010101101
000000000000000000000000001010011110000
000000000000000000000000001010100110011
000000000000000000000000001010101110110
000000000000000000000000001010110111001
000000000000000000000000001010111111100
000000000000000000000000001011000111111
000000000000000000000000001011010000010
000000000000000000000000001011011000101
000000000000000000000000001011100001000
000000000000000000000000001011101001011
000000000000000000000000001011110001110
000000000000000000000000001011111010001
000000000000000000000000001100000010100
000000000000000000000000001100001010111
000000000000000000000000001100010011010
000000000000000000000000001100011011101
000000000000000000000000001100100100000
000000000000000000000000001100101100011
000000000000000000000000001100110100110
000000000000000000000000001100111101001
000000000000000000000000001101000101100
000000000000000000000000001101001101111
000000000000000000000000001101010110010
000000000000000000000000001101011110101
000000000000000000000000001101100111000
000000000000000000000000001101101111011
000000000000000000000000001101110111110
000000000000000000000000001110000000001
000000000000000000000000001110001000100
000000000000000000000000001110010000111
000000000000000000000000001110011001010
000000000000000000000000001110100001101
000000000000000000000000001110101010000
000000000000000000000000001110110010011
000000000000000000000000001110111010110
000000000000000000000000001111000011001
000000000000000000000000001111001011100
000000000000000000000000001111010011111
000000000000000000000000001111011100010
000000000000000000000000001111100100101
000000000000000000000000001111101101000
000000000000000000000000001111110101011
000000000000000000000000001111111101110
000000000000000000000000010000000110001
000000000000000000000000010000001110100
000000000000000000000000010000010110111
000000000000000000000000010000011111010
000000000000000000000000010000100111101
000000000000000000000000010000110000000
000000000000000000000000010000111000011
000000000000000000000000010001000000110
000000000000000000000000010001001001001
000000000000000000000000010001010001100
000000000000000000000000010001011001111
000000000000000000000000010001100010010
000000000000000000000000010001101010101
000000000000000000000000010001110011000
000000000000000000000000010001111011011
000000000000000000000000010010000011110
000000000000000000000000010010001100001
000000000000000000000000010010010100100
000000000000000000000000010010011100111
000000000000000000000000010010100101010
000000000000000000000000010010101101101
000000000000000000000000010010110110000
000000000000000000000000010010111110011
000000000000000000000000010011000110110
000000000000000000000000010011001111001
000000000000000000000000010011010111100
000000000000000000000000010011011111111
000000000000000000000000010011101000010
000000000000000000000000010011110000101
000000000000000000000000010011111001000
000000000000000000000000010100000001011
000000000000000000000000010100001001110
000000000000000000000000010100010010001
000000000000000000000000010100011010100
000000000000000000000000010100100010111
000000000000000000000000010100101011010
000000000000000000000000010100110011101
000000000000000000000000010100111100000
000000000000000000000000010101000100011
000000000000000000000000010101001100110
000000000000000000000000010101010101001
000000000000000000000000010101011101100
000000000000000000000000010101100101111
000000000000000000000000010101101110010
000000000000000000000000010101110110101
000000000000000000000000010101111111000
000000000000000000000000010110000111011
000000000000000000000000010110001111110
000000000000000000000000010110011000001
000000000000000000000000010110100000100
000000000000000000000000010110101000111
000000000000000000000000010110110001010
000000000000000000000000010110111001101
000000000000000000000000010111000010000
000000000000000000000000010111001010011
000000000000000000000000010111010010110
000000000000000000000000010111011011001
000000000000000000000000010111100011100
000000000000000000000000010111101011111
000000000000000000000000010111110100010
000000000000000000000000010111111100101
000000000000000000000000011000000101000
000000000000000000000000011000001101011
000000000000000000000000011000010101110
000000000000000000000000011000011110001
000000000000000000000000011000100110100
000000000000000000000000011000101110111
000000000000000000000000011000110111010
000000000000000000000000011000111111101
000000000000000000000000011001001000000
000000000000000000000000011001010000011
000000000000000000000000011001011000110
000000000000000000000000011001100001001
000000000000000000000000011001101001100
000000000000000000000000011001110001111
000000000000000000000000011001111010010
000000000000000000000000011010000010101
000000000000000000000000011010001011000
000000000000000000000000011010010011011
000000000000000000000000011010011011110
000000000000000000000000011010100100001
000000000000000000000000011010101100100
000000000000000000000000011010110100111
000000000000000000000000011010111101010
000000000000000000000000011011000101101
000000000000000000000000011011001110000
000000000000000000000000011011010110011
000000000000000000000000011011011110110
000000000000000000000000011011100111001
000000000000000000000000011011101111100
000000000000000000000000011011110111111
000000000000000000000000011100000000010
000000000000000000000000011100001000101
000000000000000000000000011100010001000
000000000000000000000000011100011001011
000000000000000000000000011100100001110
000000000000000000000000011100101010001
000000000000000000000000011100110010100
000000000000000000000000011100111010111
000000000000000000000000011101000011010
000000000000000000000000011101001011101
000000000000000000000000011101010100000
000000000000000000000000011101011100011
000000000000000000000000011101100100110
000000000000000000000000011101101101001
000000000000000000000000011101110101100
000000000000000000000000011101111101111
000000000000000000000000011110000110010
000000000000000000000000011110001110101
000000000000000000000000011110010111000
000000000000000000000000011110011111011
000000000000000000000000011110100111110
000000000000000000000000011110110000001
000000000000000000000000011110111000100
000000000000000000000000011111000000111
000000000000000000000000011111001001010
000000000000000000000000011111010001101
000000000000000000000000011111011010000
000000000000000000000000011111100010011
000000000000000000000000011111101010110
000000000000000000000000011111110011001
000000000000000000000000011111111011100
000000000000000000000000100000000011111
000000000000000000000000100000001100010
000000000000000000000000100000010100101
000000000000000000000000100000011101000
000000000000000000000000100000100101011
000000000000000000000000100000101101110
000000000000000000000000100000110110001
000000000000000000000000100000111110100
000000000000000000000000100001000110111
000000000000000000000000100001001111010
000000000000000000000000100001010111101
