000000000000000000000000000000000000000
000000000000000000000000000000011010100
000000000000000000000000000000110101000
000000000000000000000000000001001111100
000000000000000000000000000001101010000
000000000000000000000000000010000100100
000000000000000000000000000010011111000
000000000000000000000000000010111001100
000000000000000000000000000011010100000
000000000000000000000000000011101110100
000000000000000000000000000100001001000
000000000000000000000000000100100011100
000000000000000000000000000100111110000
000000000000000000000000000101011000100
000000000000000000000000000101110011000
000000000000000000000000000110001101100
000000000000000000000000000110101000000
000000000000000000000000000111000010100
000000000000000000000000000111011101000
000000000000000000000000000111110111100
000000000000000000000000001000010010000
000000000000000000000000001000101100100
000000000000000000000000001001000111000
000000000000000000000000001001100001100
000000000000000000000000001001111100000
000000000000000000000000001010010110100
000000000000000000000000001010110001000
000000000000000000000000001011001011100
000000000000000000000000001011100110000
000000000000000000000000001100000000100
000000000000000000000000001100011011000
000000000000000000000000001100110101100
000000000000000000000000001101010000000
000000000000000000000000001101101010100
000000000000000000000000001110000101000
000000000000000000000000001110011111100
000000000000000000000000001110111010000
000000000000000000000000001111010100100
000000000000000000000000001111101111000
000000000000000000000000010000001001100
000000000000000000000000010000100100000
000000000000000000000000010000111110100
000000000000000000000000010001011001000
000000000000000000000000010001110011100
000000000000000000000000010010001110000
000000000000000000000000010010101000100
000000000000000000000000010011000011000
000000000000000000000000010011011101100
000000000000000000000000010011111000000
000000000000000000000000010100010010100
000000000000000000000000010100101101000
000000000000000000000000010101000111100
000000000000000000000000010101100010000
000000000000000000000000010101111100100
000000000000000000000000010110010111000
000000000000000000000000010110110001100
000000000000000000000000010111001100000
000000000000000000000000010111100110100
000000000000000000000000011000000001000
000000000000000000000000011000011011100
000000000000000000000000011000110110000
000000000000000000000000011001010000100
000000000000000000000000011001101011000
000000000000000000000000011010000101100
000000000000000000000000011010100000000
000000000000000000000000011010111010100
000000000000000000000000011011010101000
000000000000000000000000011011101111100
000000000000000000000000011100001010000
000000000000000000000000011100100100100
000000000000000000000000011100111111000
000000000000000000000000011101011001100
000000000000000000000000011101110100000
000000000000000000000000011110001110100
000000000000000000000000011110101001000
000000000000000000000000011111000011100
000000000000000000000000011111011110000
000000000000000000000000011111111000100
000000000000000000000000100000010011000
000000000000000000000000100000101101100
000000000000000000000000100001001000000
000000000000000000000000100001100010100
000000000000000000000000100001111101000
000000000000000000000000100010010111100
000000000000000000000000100010110010000
000000000000000000000000100011001100100
000000000000000000000000100011100111000
000000000000000000000000100100000001100
000000000000000000000000100100011100000
000000000000000000000000100100110110100
000000000000000000000000100101010001000
000000000000000000000000100101101011100
000000000000000000000000100110000110000
000000000000000000000000100110100000100
000000000000000000000000100110111011000
000000000000000000000000100111010101100
000000000000000000000000100111110000000
000000000000000000000000101000001010100
000000000000000000000000101000100101000
000000000000000000000000101000111111100
000000000000000000000000101001011010000
000000000000000000000000101001110100100
000000000000000000000000101010001111000
000000000000000000000000101010101001100
000000000000000000000000101011000100000
000000000000000000000000101011011110100
000000000000000000000000101011111001000
000000000000000000000000101100010011100
000000000000000000000000101100101110000
000000000000000000000000101101001000100
000000000000000000000000101101100011000
000000000000000000000000101101111101100
000000000000000000000000101110011000000
000000000000000000000000101110110010100
000000000000000000000000101111001101000
000000000000000000000000101111100111100
000000000000000000000000110000000010000
000000000000000000000000110000011100100
000000000000000000000000110000110111000
000000000000000000000000110001010001100
000000000000000000000000110001101100000
000000000000000000000000110010000110100
000000000000000000000000110010100001000
000000000000000000000000110010111011100
000000000000000000000000110011010110000
000000000000000000000000110011110000100
000000000000000000000000110100001011000
000000000000000000000000110100100101100
000000000000000000000000110101000000000
000000000000000000000000110101011010100
000000000000000000000000110101110101000
000000000000000000000000110110001111100
000000000000000000000000110110101010000
000000000000000000000000110111000100100
000000000000000000000000110111011111000
000000000000000000000000110111111001100
000000000000000000000000111000010100000
000000000000000000000000111000101110100
000000000000000000000000111001001001000
000000000000000000000000111001100011100
000000000000000000000000111001111110000
000000000000000000000000111010011000100
000000000000000000000000111010110011000
000000000000000000000000111011001101100
000000000000000000000000111011101000000
000000000000000000000000111100000010100
000000000000000000000000111100011101000
000000000000000000000000111100110111100
000000000000000000000000111101010010000
000000000000000000000000111101101100100
000000000000000000000000111110000111000
000000000000000000000000111110100001100
000000000000000000000000111110111100000
000000000000000000000000111111010110100
000000000000000000000000111111110001000
000000000000000000000001000000001011100
000000000000000000000001000000100110000
000000000000000000000001000001000000100
000000000000000000000001000001011011000
000000000000000000000001000001110101100
000000000000000000000001000010010000000
000000000000000000000001000010101010100
000000000000000000000001000011000101000
000000000000000000000001000011011111100
000000000000000000000001000011111010000
000000000000000000000001000100010100100
000000000000000000000001000100101111000
000000000000000000000001000101001001100
000000000000000000000001000101100100000
000000000000000000000001000101111110100
000000000000000000000001000110011001000
000000000000000000000001000110110011100
000000000000000000000001000111001110000
000000000000000000000001000111101000100
000000000000000000000001001000000011000
000000000000000000000001001000011101100
000000000000000000000001001000111000000
000000000000000000000001001001010010100
000000000000000000000001001001101101000
000000000000000000000001001010000111100
000000000000000000000001001010100010000
000000000000000000000001001010111100100
000000000000000000000001001011010111000
000000000000000000000001001011110001100
000000000000000000000001001100001100000
000000000000000000000001001100100110100
000000000000000000000001001101000001000
000000000000000000000001001101011011100
000000000000000000000001001101110110000
000000000000000000000001001110010000100
000000000000000000000001001110101011000
000000000000000000000001001111000101100
000000000000000000000001001111100000000
000000000000000000000001001111111010100
000000000000000000000001010000010101000
000000000000000000000001010000101111100
000000000000000000000001010001001010000
000000000000000000000001010001100100100
000000000000000000000001010001111111000
000000000000000000000001010010011001100
000000000000000000000001010010110100000
000000000000000000000001010011001110100
000000000000000000000001010011101001000
000000000000000000000001010100000011100
000000000000000000000001010100011110000
000000000000000000000001010100111000100
000000000000000000000001010101010011000
000000000000000000000001010101101101100
000000000000000000000001010110001000000
000000000000000000000001010110100010100
000000000000000000000001010110111101000
000000000000000000000001010111010111100
000000000000000000000001010111110010000
000000000000000000000001011000001100100
000000000000000000000001011000100111000
000000000000000000000001011001000001100
000000000000000000000001011001011100000
000000000000000000000001011001110110100
000000000000000000000001011010010001000
000000000000000000000001011010101011100
000000000000000000000001011011000110000
000000000000000000000001011011100000100
000000000000000000000001011011111011000
000000000000000000000001011100010101100
000000000000000000000001011100110000000
000000000000000000000001011101001010100
000000000000000000000001011101100101000
000000000000000000000001011101111111100
000000000000000000000001011110011010000
000000000000000000000001011110110100100
000000000000000000000001011111001111000
000000000000000000000001011111101001100
000000000000000000000001100000000100000
000000000000000000000001100000011110100
000000000000000000000001100000111001000
000000000000000000000001100001010011100
000000000000000000000001100001101110000
000000000000000000000001100010001000100
000000000000000000000001100010100011000
000000000000000000000001100010111101100
000000000000000000000001100011011000000
000000000000000000000001100011110010100
000000000000000000000001100100001101000
000000000000000000000001100100100111100
000000000000000000000001100101000010000
000000000000000000000001100101011100100
000000000000000000000001100101110111000
000000000000000000000001100110010001100
000000000000000000000001100110101100000
000000000000000000000001100111000110100
000000000000000000000001100111100001000
000000000000000000000001100111111011100
000000000000000000000001101000010110000
000000000000000000000001101000110000100
000000000000000000000001101001001011000
000000000000000000000001101001100101100
