000000000000000000000000000000000000000
111111111111111111111111111111100001110
111111111111111111111111111111000011100
111111111111111111111111111110100101010
111111111111111111111111111110000111000
111111111111111111111111111101101000110
111111111111111111111111111101001010100
111111111111111111111111111100101100010
111111111111111111111111111100001110000
111111111111111111111111111011101111110
111111111111111111111111111011010001100
111111111111111111111111111010110011010
111111111111111111111111111010010101000
111111111111111111111111111001110110110
111111111111111111111111111001011000100
111111111111111111111111111000111010010
111111111111111111111111111000011100000
111111111111111111111111110111111101110
111111111111111111111111110111011111100
111111111111111111111111110111000001010
111111111111111111111111110110100011000
111111111111111111111111110110000100110
111111111111111111111111110101100110100
111111111111111111111111110101001000010
111111111111111111111111110100101010000
111111111111111111111111110100001011110
111111111111111111111111110011101101100
111111111111111111111111110011001111010
111111111111111111111111110010110001000
111111111111111111111111110010010010110
111111111111111111111111110001110100100
111111111111111111111111110001010110010
111111111111111111111111110000111000000
111111111111111111111111110000011001110
111111111111111111111111101111111011100
111111111111111111111111101111011101010
111111111111111111111111101110111111000
111111111111111111111111101110100000110
111111111111111111111111101110000010100
111111111111111111111111101101100100010
111111111111111111111111101101000110000
111111111111111111111111101100100111110
111111111111111111111111101100001001100
111111111111111111111111101011101011010
111111111111111111111111101011001101000
111111111111111111111111101010101110110
111111111111111111111111101010010000100
111111111111111111111111101001110010010
111111111111111111111111101001010100000
111111111111111111111111101000110101110
111111111111111111111111101000010111100
111111111111111111111111100111111001010
111111111111111111111111100111011011000
111111111111111111111111100110111100110
111111111111111111111111100110011110100
111111111111111111111111100110000000010
111111111111111111111111100101100010000
111111111111111111111111100101000011110
111111111111111111111111100100100101100
111111111111111111111111100100000111010
111111111111111111111111100011101001000
111111111111111111111111100011001010110
111111111111111111111111100010101100100
111111111111111111111111100010001110010
111111111111111111111111100001110000000
111111111111111111111111100001010001110
111111111111111111111111100000110011100
111111111111111111111111100000010101010
111111111111111111111111011111110111000
111111111111111111111111011111011000110
111111111111111111111111011110111010100
111111111111111111111111011110011100010
111111111111111111111111011101111110000
111111111111111111111111011101011111110
111111111111111111111111011101000001100
111111111111111111111111011100100011010
111111111111111111111111011100000101000
111111111111111111111111011011100110110
111111111111111111111111011011001000100
111111111111111111111111011010101010010
111111111111111111111111011010001100000
111111111111111111111111011001101101110
111111111111111111111111011001001111100
111111111111111111111111011000110001010
111111111111111111111111011000010011000
111111111111111111111111010111110100110
111111111111111111111111010111010110100
111111111111111111111111010110111000010
111111111111111111111111010110011010000
111111111111111111111111010101111011110
111111111111111111111111010101011101100
111111111111111111111111010100111111010
111111111111111111111111010100100001000
111111111111111111111111010100000010110
111111111111111111111111010011100100100
111111111111111111111111010011000110010
111111111111111111111111010010101000000
111111111111111111111111010010001001110
111111111111111111111111010001101011100
111111111111111111111111010001001101010
111111111111111111111111010000101111000
111111111111111111111111010000010000110
111111111111111111111111001111110010100
111111111111111111111111001111010100010
111111111111111111111111001110110110000
111111111111111111111111001110010111110
111111111111111111111111001101111001100
111111111111111111111111001101011011010
111111111111111111111111001100111101000
111111111111111111111111001100011110110
111111111111111111111111001100000000100
111111111111111111111111001011100010010
111111111111111111111111001011000100000
111111111111111111111111001010100101110
111111111111111111111111001010000111100
111111111111111111111111001001101001010
111111111111111111111111001001001011000
111111111111111111111111001000101100110
111111111111111111111111001000001110100
111111111111111111111111000111110000010
111111111111111111111111000111010010000
111111111111111111111111000110110011110
111111111111111111111111000110010101100
111111111111111111111111000101110111010
111111111111111111111111000101011001000
111111111111111111111111000100111010110
111111111111111111111111000100011100100
111111111111111111111111000011111110010
111111111111111111111111000011100000000
111111111111111111111111000011000001110
111111111111111111111111000010100011100
111111111111111111111111000010000101010
111111111111111111111111000001100111000
111111111111111111111111000001001000110
111111111111111111111111000000101010100
111111111111111111111111000000001100010
111111111111111111111110111111101110000
111111111111111111111110111111001111110
111111111111111111111110111110110001100
111111111111111111111110111110010011010
111111111111111111111110111101110101000
111111111111111111111110111101010110110
111111111111111111111110111100111000100
111111111111111111111110111100011010010
111111111111111111111110111011111100000
111111111111111111111110111011011101110
111111111111111111111110111010111111100
111111111111111111111110111010100001010
111111111111111111111110111010000011000
111111111111111111111110111001100100110
111111111111111111111110111001000110100
111111111111111111111110111000101000010
111111111111111111111110111000001010000
111111111111111111111110110111101011110
111111111111111111111110110111001101100
111111111111111111111110110110101111010
111111111111111111111110110110010001000
111111111111111111111110110101110010110
111111111111111111111110110101010100100
111111111111111111111110110100110110010
111111111111111111111110110100011000000
111111111111111111111110110011111001110
111111111111111111111110110011011011100
111111111111111111111110110010111101010
111111111111111111111110110010011111000
111111111111111111111110110010000000110
111111111111111111111110110001100010100
111111111111111111111110110001000100010
111111111111111111111110110000100110000
111111111111111111111110110000000111110
111111111111111111111110101111101001100
111111111111111111111110101111001011010
111111111111111111111110101110101101000
111111111111111111111110101110001110110
111111111111111111111110101101110000100
111111111111111111111110101101010010010
111111111111111111111110101100110100000
111111111111111111111110101100010101110
111111111111111111111110101011110111100
111111111111111111111110101011011001010
111111111111111111111110101010111011000
111111111111111111111110101010011100110
111111111111111111111110101001111110100
111111111111111111111110101001100000010
111111111111111111111110101001000010000
111111111111111111111110101000100011110
111111111111111111111110101000000101100
111111111111111111111110100111100111010
111111111111111111111110100111001001000
111111111111111111111110100110101010110
111111111111111111111110100110001100100
111111111111111111111110100101101110010
111111111111111111111110100101010000000
111111111111111111111110100100110001110
111111111111111111111110100100010011100
111111111111111111111110100011110101010
111111111111111111111110100011010111000
111111111111111111111110100010111000110
111111111111111111111110100010011010100
111111111111111111111110100001111100010
111111111111111111111110100001011110000
111111111111111111111110100000111111110
111111111111111111111110100000100001100
111111111111111111111110100000000011010
111111111111111111111110011111100101000
111111111111111111111110011111000110110
111111111111111111111110011110101000100
111111111111111111111110011110001010010
111111111111111111111110011101101100000
111111111111111111111110011101001101110
111111111111111111111110011100101111100
111111111111111111111110011100010001010
111111111111111111111110011011110011000
111111111111111111111110011011010100110
111111111111111111111110011010110110100
111111111111111111111110011010011000010
111111111111111111111110011001111010000
111111111111111111111110011001011011110
111111111111111111111110011000111101100
111111111111111111111110011000011111010
111111111111111111111110011000000001000
111111111111111111111110010111100010110
111111111111111111111110010111000100100
111111111111111111111110010110100110010
111111111111111111111110010110001000000
111111111111111111111110010101101001110
111111111111111111111110010101001011100
111111111111111111111110010100101101010
111111111111111111111110010100001111000
111111111111111111111110010011110000110
111111111111111111111110010011010010100
111111111111111111111110010010110100010
111111111111111111111110010010010110000
111111111111111111111110010001110111110
111111111111111111111110010001011001100
111111111111111111111110010000111011010
111111111111111111111110010000011101000
111111111111111111111110001111111110110
111111111111111111111110001111100000100
111111111111111111111110001111000010010
111111111111111111111110001110100100000
111111111111111111111110001110000101110
111111111111111111111110001101100111100
111111111111111111111110001101001001010
111111111111111111111110001100101011000
111111111111111111111110001100001100110
111111111111111111111110001011101110100
111111111111111111111110001011010000010
111111111111111111111110001010110010000
111111111111111111111110001010010011110
111111111111111111111110001001110101100
111111111111111111111110001001010111010
111111111111111111111110001000111001000
111111111111111111111110001000011010110
111111111111111111111110000111111100100
111111111111111111111110000111011110010
