000000000000000000000000000000000000000
000000000000000000000000000000001001000
000000000000000000000000000000010010000
000000000000000000000000000000011011000
000000000000000000000000000000100100000
000000000000000000000000000000101101000
000000000000000000000000000000110110000
000000000000000000000000000000111111000
000000000000000000000000000001001000000
000000000000000000000000000001010001000
000000000000000000000000000001011010000
000000000000000000000000000001100011000
000000000000000000000000000001101100000
000000000000000000000000000001110101000
000000000000000000000000000001111110000
000000000000000000000000000010000111000
000000000000000000000000000010010000000
000000000000000000000000000010011001000
000000000000000000000000000010100010000
000000000000000000000000000010101011000
000000000000000000000000000010110100000
000000000000000000000000000010111101000
000000000000000000000000000011000110000
000000000000000000000000000011001111000
000000000000000000000000000011011000000
000000000000000000000000000011100001000
000000000000000000000000000011101010000
000000000000000000000000000011110011000
000000000000000000000000000011111100000
000000000000000000000000000100000101000
000000000000000000000000000100001110000
000000000000000000000000000100010111000
000000000000000000000000000100100000000
000000000000000000000000000100101001000
000000000000000000000000000100110010000
000000000000000000000000000100111011000
000000000000000000000000000101000100000
000000000000000000000000000101001101000
000000000000000000000000000101010110000
000000000000000000000000000101011111000
000000000000000000000000000101101000000
000000000000000000000000000101110001000
000000000000000000000000000101111010000
000000000000000000000000000110000011000
000000000000000000000000000110001100000
000000000000000000000000000110010101000
000000000000000000000000000110011110000
000000000000000000000000000110100111000
000000000000000000000000000110110000000
000000000000000000000000000110111001000
000000000000000000000000000111000010000
000000000000000000000000000111001011000
000000000000000000000000000111010100000
000000000000000000000000000111011101000
000000000000000000000000000111100110000
000000000000000000000000000111101111000
000000000000000000000000000111111000000
000000000000000000000000001000000001000
000000000000000000000000001000001010000
000000000000000000000000001000010011000
000000000000000000000000001000011100000
000000000000000000000000001000100101000
000000000000000000000000001000101110000
000000000000000000000000001000110111000
000000000000000000000000001001000000000
000000000000000000000000001001001001000
000000000000000000000000001001010010000
000000000000000000000000001001011011000
000000000000000000000000001001100100000
000000000000000000000000001001101101000
000000000000000000000000001001110110000
000000000000000000000000001001111111000
000000000000000000000000001010001000000
000000000000000000000000001010010001000
000000000000000000000000001010011010000
000000000000000000000000001010100011000
000000000000000000000000001010101100000
000000000000000000000000001010110101000
000000000000000000000000001010111110000
000000000000000000000000001011000111000
000000000000000000000000001011010000000
000000000000000000000000001011011001000
000000000000000000000000001011100010000
000000000000000000000000001011101011000
000000000000000000000000001011110100000
000000000000000000000000001011111101000
000000000000000000000000001100000110000
000000000000000000000000001100001111000
000000000000000000000000001100011000000
000000000000000000000000001100100001000
000000000000000000000000001100101010000
000000000000000000000000001100110011000
000000000000000000000000001100111100000
000000000000000000000000001101000101000
000000000000000000000000001101001110000
000000000000000000000000001101010111000
000000000000000000000000001101100000000
000000000000000000000000001101101001000
000000000000000000000000001101110010000
000000000000000000000000001101111011000
000000000000000000000000001110000100000
000000000000000000000000001110001101000
000000000000000000000000001110010110000
000000000000000000000000001110011111000
000000000000000000000000001110101000000
000000000000000000000000001110110001000
000000000000000000000000001110111010000
000000000000000000000000001111000011000
000000000000000000000000001111001100000
000000000000000000000000001111010101000
000000000000000000000000001111011110000
000000000000000000000000001111100111000
000000000000000000000000001111110000000
000000000000000000000000001111111001000
000000000000000000000000010000000010000
000000000000000000000000010000001011000
000000000000000000000000010000010100000
000000000000000000000000010000011101000
000000000000000000000000010000100110000
000000000000000000000000010000101111000
000000000000000000000000010000111000000
000000000000000000000000010001000001000
000000000000000000000000010001001010000
000000000000000000000000010001010011000
000000000000000000000000010001011100000
000000000000000000000000010001100101000
000000000000000000000000010001101110000
000000000000000000000000010001110111000
000000000000000000000000010010000000000
000000000000000000000000010010001001000
000000000000000000000000010010010010000
000000000000000000000000010010011011000
000000000000000000000000010010100100000
000000000000000000000000010010101101000
000000000000000000000000010010110110000
000000000000000000000000010010111111000
000000000000000000000000010011001000000
000000000000000000000000010011010001000
000000000000000000000000010011011010000
000000000000000000000000010011100011000
000000000000000000000000010011101100000
000000000000000000000000010011110101000
000000000000000000000000010011111110000
000000000000000000000000010100000111000
000000000000000000000000010100010000000
000000000000000000000000010100011001000
000000000000000000000000010100100010000
000000000000000000000000010100101011000
000000000000000000000000010100110100000
000000000000000000000000010100111101000
000000000000000000000000010101000110000
000000000000000000000000010101001111000
000000000000000000000000010101011000000
000000000000000000000000010101100001000
000000000000000000000000010101101010000
000000000000000000000000010101110011000
000000000000000000000000010101111100000
000000000000000000000000010110000101000
000000000000000000000000010110001110000
000000000000000000000000010110010111000
000000000000000000000000010110100000000
000000000000000000000000010110101001000
000000000000000000000000010110110010000
000000000000000000000000010110111011000
000000000000000000000000010111000100000
000000000000000000000000010111001101000
000000000000000000000000010111010110000
000000000000000000000000010111011111000
000000000000000000000000010111101000000
000000000000000000000000010111110001000
000000000000000000000000010111111010000
000000000000000000000000011000000011000
000000000000000000000000011000001100000
000000000000000000000000011000010101000
000000000000000000000000011000011110000
000000000000000000000000011000100111000
000000000000000000000000011000110000000
000000000000000000000000011000111001000
000000000000000000000000011001000010000
000000000000000000000000011001001011000
000000000000000000000000011001010100000
000000000000000000000000011001011101000
000000000000000000000000011001100110000
000000000000000000000000011001101111000
000000000000000000000000011001111000000
000000000000000000000000011010000001000
000000000000000000000000011010001010000
000000000000000000000000011010010011000
000000000000000000000000011010011100000
000000000000000000000000011010100101000
000000000000000000000000011010101110000
000000000000000000000000011010110111000
000000000000000000000000011011000000000
000000000000000000000000011011001001000
000000000000000000000000011011010010000
000000000000000000000000011011011011000
000000000000000000000000011011100100000
000000000000000000000000011011101101000
000000000000000000000000011011110110000
000000000000000000000000011011111111000
000000000000000000000000011100001000000
000000000000000000000000011100010001000
000000000000000000000000011100011010000
000000000000000000000000011100100011000
000000000000000000000000011100101100000
000000000000000000000000011100110101000
000000000000000000000000011100111110000
000000000000000000000000011101000111000
000000000000000000000000011101010000000
000000000000000000000000011101011001000
000000000000000000000000011101100010000
000000000000000000000000011101101011000
000000000000000000000000011101110100000
000000000000000000000000011101111101000
000000000000000000000000011110000110000
000000000000000000000000011110001111000
000000000000000000000000011110011000000
000000000000000000000000011110100001000
000000000000000000000000011110101010000
000000000000000000000000011110110011000
000000000000000000000000011110111100000
000000000000000000000000011111000101000
000000000000000000000000011111001110000
000000000000000000000000011111010111000
000000000000000000000000011111100000000
000000000000000000000000011111101001000
000000000000000000000000011111110010000
000000000000000000000000011111111011000
000000000000000000000000100000000100000
000000000000000000000000100000001101000
000000000000000000000000100000010110000
000000000000000000000000100000011111000
000000000000000000000000100000101000000
000000000000000000000000100000110001000
000000000000000000000000100000111010000
000000000000000000000000100001000011000
000000000000000000000000100001001100000
000000000000000000000000100001010101000
000000000000000000000000100001011110000
000000000000000000000000100001100111000
000000000000000000000000100001110000000
000000000000000000000000100001111001000
000000000000000000000000100010000010000
000000000000000000000000100010001011000
000000000000000000000000100010010100000
000000000000000000000000100010011101000
000000000000000000000000100010100110000
000000000000000000000000100010101111000
000000000000000000000000100010111000000
000000000000000000000000100011000001000
000000000000000000000000100011001010000
000000000000000000000000100011010011000
000000000000000000000000100011011100000
000000000000000000000000100011100101000
000000000000000000000000100011101110000
000000000000000000000000100011110111000
