000000000000000000000000000000000000000
111111111111111111111111111111101110000
111111111111111111111111111111011100000
111111111111111111111111111111001010000
111111111111111111111111111110111000000
111111111111111111111111111110100110000
111111111111111111111111111110010100000
111111111111111111111111111110000010000
111111111111111111111111111101110000000
111111111111111111111111111101011110000
111111111111111111111111111101001100000
111111111111111111111111111100111010000
111111111111111111111111111100101000000
111111111111111111111111111100010110000
111111111111111111111111111100000100000
111111111111111111111111111011110010000
111111111111111111111111111011100000000
111111111111111111111111111011001110000
111111111111111111111111111010111100000
111111111111111111111111111010101010000
111111111111111111111111111010011000000
111111111111111111111111111010000110000
111111111111111111111111111001110100000
111111111111111111111111111001100010000
111111111111111111111111111001010000000
111111111111111111111111111000111110000
111111111111111111111111111000101100000
111111111111111111111111111000011010000
111111111111111111111111111000001000000
111111111111111111111111110111110110000
111111111111111111111111110111100100000
111111111111111111111111110111010010000
111111111111111111111111110111000000000
111111111111111111111111110110101110000
111111111111111111111111110110011100000
111111111111111111111111110110001010000
111111111111111111111111110101111000000
111111111111111111111111110101100110000
111111111111111111111111110101010100000
111111111111111111111111110101000010000
111111111111111111111111110100110000000
111111111111111111111111110100011110000
111111111111111111111111110100001100000
111111111111111111111111110011111010000
111111111111111111111111110011101000000
111111111111111111111111110011010110000
111111111111111111111111110011000100000
111111111111111111111111110010110010000
111111111111111111111111110010100000000
111111111111111111111111110010001110000
111111111111111111111111110001111100000
111111111111111111111111110001101010000
111111111111111111111111110001011000000
111111111111111111111111110001000110000
111111111111111111111111110000110100000
111111111111111111111111110000100010000
111111111111111111111111110000010000000
111111111111111111111111101111111110000
111111111111111111111111101111101100000
111111111111111111111111101111011010000
111111111111111111111111101111001000000
111111111111111111111111101110110110000
111111111111111111111111101110100100000
111111111111111111111111101110010010000
111111111111111111111111101110000000000
111111111111111111111111101101101110000
111111111111111111111111101101011100000
111111111111111111111111101101001010000
111111111111111111111111101100111000000
111111111111111111111111101100100110000
111111111111111111111111101100010100000
111111111111111111111111101100000010000
111111111111111111111111101011110000000
111111111111111111111111101011011110000
111111111111111111111111101011001100000
111111111111111111111111101010111010000
111111111111111111111111101010101000000
111111111111111111111111101010010110000
111111111111111111111111101010000100000
111111111111111111111111101001110010000
111111111111111111111111101001100000000
111111111111111111111111101001001110000
111111111111111111111111101000111100000
111111111111111111111111101000101010000
111111111111111111111111101000011000000
111111111111111111111111101000000110000
111111111111111111111111100111110100000
111111111111111111111111100111100010000
111111111111111111111111100111010000000
111111111111111111111111100110111110000
111111111111111111111111100110101100000
111111111111111111111111100110011010000
111111111111111111111111100110001000000
111111111111111111111111100101110110000
111111111111111111111111100101100100000
111111111111111111111111100101010010000
111111111111111111111111100101000000000
111111111111111111111111100100101110000
111111111111111111111111100100011100000
111111111111111111111111100100001010000
111111111111111111111111100011111000000
111111111111111111111111100011100110000
111111111111111111111111100011010100000
111111111111111111111111100011000010000
111111111111111111111111100010110000000
111111111111111111111111100010011110000
111111111111111111111111100010001100000
111111111111111111111111100001111010000
111111111111111111111111100001101000000
111111111111111111111111100001010110000
111111111111111111111111100001000100000
111111111111111111111111100000110010000
111111111111111111111111100000100000000
111111111111111111111111100000001110000
111111111111111111111111011111111100000
111111111111111111111111011111101010000
111111111111111111111111011111011000000
111111111111111111111111011111000110000
111111111111111111111111011110110100000
111111111111111111111111011110100010000
111111111111111111111111011110010000000
111111111111111111111111011101111110000
111111111111111111111111011101101100000
111111111111111111111111011101011010000
111111111111111111111111011101001000000
111111111111111111111111011100110110000
111111111111111111111111011100100100000
111111111111111111111111011100010010000
111111111111111111111111011100000000000
111111111111111111111111011011101110000
111111111111111111111111011011011100000
111111111111111111111111011011001010000
111111111111111111111111011010111000000
111111111111111111111111011010100110000
111111111111111111111111011010010100000
111111111111111111111111011010000010000
111111111111111111111111011001110000000
111111111111111111111111011001011110000
111111111111111111111111011001001100000
111111111111111111111111011000111010000
111111111111111111111111011000101000000
111111111111111111111111011000010110000
111111111111111111111111011000000100000
111111111111111111111111010111110010000
111111111111111111111111010111100000000
111111111111111111111111010111001110000
111111111111111111111111010110111100000
111111111111111111111111010110101010000
111111111111111111111111010110011000000
111111111111111111111111010110000110000
111111111111111111111111010101110100000
111111111111111111111111010101100010000
111111111111111111111111010101010000000
111111111111111111111111010100111110000
111111111111111111111111010100101100000
111111111111111111111111010100011010000
111111111111111111111111010100001000000
111111111111111111111111010011110110000
111111111111111111111111010011100100000
111111111111111111111111010011010010000
111111111111111111111111010011000000000
111111111111111111111111010010101110000
111111111111111111111111010010011100000
111111111111111111111111010010001010000
111111111111111111111111010001111000000
111111111111111111111111010001100110000
111111111111111111111111010001010100000
111111111111111111111111010001000010000
111111111111111111111111010000110000000
111111111111111111111111010000011110000
111111111111111111111111010000001100000
111111111111111111111111001111111010000
111111111111111111111111001111101000000
111111111111111111111111001111010110000
111111111111111111111111001111000100000
111111111111111111111111001110110010000
111111111111111111111111001110100000000
111111111111111111111111001110001110000
111111111111111111111111001101111100000
111111111111111111111111001101101010000
111111111111111111111111001101011000000
111111111111111111111111001101000110000
111111111111111111111111001100110100000
111111111111111111111111001100100010000
111111111111111111111111001100010000000
111111111111111111111111001011111110000
111111111111111111111111001011101100000
111111111111111111111111001011011010000
111111111111111111111111001011001000000
111111111111111111111111001010110110000
111111111111111111111111001010100100000
111111111111111111111111001010010010000
111111111111111111111111001010000000000
111111111111111111111111001001101110000
111111111111111111111111001001011100000
111111111111111111111111001001001010000
111111111111111111111111001000111000000
111111111111111111111111001000100110000
111111111111111111111111001000010100000
111111111111111111111111001000000010000
111111111111111111111111000111110000000
111111111111111111111111000111011110000
111111111111111111111111000111001100000
111111111111111111111111000110111010000
111111111111111111111111000110101000000
111111111111111111111111000110010110000
111111111111111111111111000110000100000
111111111111111111111111000101110010000
111111111111111111111111000101100000000
111111111111111111111111000101001110000
111111111111111111111111000100111100000
111111111111111111111111000100101010000
111111111111111111111111000100011000000
111111111111111111111111000100000110000
111111111111111111111111000011110100000
111111111111111111111111000011100010000
111111111111111111111111000011010000000
111111111111111111111111000010111110000
111111111111111111111111000010101100000
111111111111111111111111000010011010000
111111111111111111111111000010001000000
111111111111111111111111000001110110000
111111111111111111111111000001100100000
111111111111111111111111000001010010000
111111111111111111111111000001000000000
111111111111111111111111000000101110000
111111111111111111111111000000011100000
111111111111111111111111000000001010000
111111111111111111111110111111111000000
111111111111111111111110111111100110000
111111111111111111111110111111010100000
111111111111111111111110111111000010000
111111111111111111111110111110110000000
111111111111111111111110111110011110000
111111111111111111111110111110001100000
111111111111111111111110111101111010000
111111111111111111111110111101101000000
111111111111111111111110111101010110000
111111111111111111111110111101000100000
111111111111111111111110111100110010000
111111111111111111111110111100100000000
111111111111111111111110111100001110000
111111111111111111111110111011111100000
111111111111111111111110111011101010000
111111111111111111111110111011011000000
111111111111111111111110111011000110000
111111111111111111111110111010110100000
111111111111111111111110111010100010000
111111111111111111111110111010010000000
111111111111111111111110111001111110000
111111111111111111111110111001101100000
111111111111111111111110111001011010000
111111111111111111111110111001001000000
111111111111111111111110111000110110000
111111111111111111111110111000100100000
111111111111111111111110111000010010000
