000000000000000000000000000000000000000
000000000000000000000000000000011000000
000000000000000000000000000000110000000
000000000000000000000000000001001000000
000000000000000000000000000001100000000
000000000000000000000000000001111000000
000000000000000000000000000010010000000
000000000000000000000000000010101000000
000000000000000000000000000011000000000
000000000000000000000000000011011000000
000000000000000000000000000011110000000
000000000000000000000000000100001000000
000000000000000000000000000100100000000
000000000000000000000000000100111000000
000000000000000000000000000101010000000
000000000000000000000000000101101000000
000000000000000000000000000110000000000
000000000000000000000000000110011000000
000000000000000000000000000110110000000
000000000000000000000000000111001000000
000000000000000000000000000111100000000
000000000000000000000000000111111000000
000000000000000000000000001000010000000
000000000000000000000000001000101000000
000000000000000000000000001001000000000
000000000000000000000000001001011000000
000000000000000000000000001001110000000
000000000000000000000000001010001000000
000000000000000000000000001010100000000
000000000000000000000000001010111000000
000000000000000000000000001011010000000
000000000000000000000000001011101000000
000000000000000000000000001100000000000
000000000000000000000000001100011000000
000000000000000000000000001100110000000
000000000000000000000000001101001000000
000000000000000000000000001101100000000
000000000000000000000000001101111000000
000000000000000000000000001110010000000
000000000000000000000000001110101000000
000000000000000000000000001111000000000
000000000000000000000000001111011000000
000000000000000000000000001111110000000
000000000000000000000000010000001000000
000000000000000000000000010000100000000
000000000000000000000000010000111000000
000000000000000000000000010001010000000
000000000000000000000000010001101000000
000000000000000000000000010010000000000
000000000000000000000000010010011000000
000000000000000000000000010010110000000
000000000000000000000000010011001000000
000000000000000000000000010011100000000
000000000000000000000000010011111000000
000000000000000000000000010100010000000
000000000000000000000000010100101000000
000000000000000000000000010101000000000
000000000000000000000000010101011000000
000000000000000000000000010101110000000
000000000000000000000000010110001000000
000000000000000000000000010110100000000
000000000000000000000000010110111000000
000000000000000000000000010111010000000
000000000000000000000000010111101000000
000000000000000000000000011000000000000
000000000000000000000000011000011000000
000000000000000000000000011000110000000
000000000000000000000000011001001000000
000000000000000000000000011001100000000
000000000000000000000000011001111000000
000000000000000000000000011010010000000
000000000000000000000000011010101000000
000000000000000000000000011011000000000
000000000000000000000000011011011000000
000000000000000000000000011011110000000
000000000000000000000000011100001000000
000000000000000000000000011100100000000
000000000000000000000000011100111000000
000000000000000000000000011101010000000
000000000000000000000000011101101000000
000000000000000000000000011110000000000
000000000000000000000000011110011000000
000000000000000000000000011110110000000
000000000000000000000000011111001000000
000000000000000000000000011111100000000
000000000000000000000000011111111000000
000000000000000000000000100000010000000
000000000000000000000000100000101000000
000000000000000000000000100001000000000
000000000000000000000000100001011000000
000000000000000000000000100001110000000
000000000000000000000000100010001000000
000000000000000000000000100010100000000
000000000000000000000000100010111000000
000000000000000000000000100011010000000
000000000000000000000000100011101000000
000000000000000000000000100100000000000
000000000000000000000000100100011000000
000000000000000000000000100100110000000
000000000000000000000000100101001000000
000000000000000000000000100101100000000
000000000000000000000000100101111000000
000000000000000000000000100110010000000
000000000000000000000000100110101000000
000000000000000000000000100111000000000
000000000000000000000000100111011000000
000000000000000000000000100111110000000
000000000000000000000000101000001000000
000000000000000000000000101000100000000
000000000000000000000000101000111000000
000000000000000000000000101001010000000
000000000000000000000000101001101000000
000000000000000000000000101010000000000
000000000000000000000000101010011000000
000000000000000000000000101010110000000
000000000000000000000000101011001000000
000000000000000000000000101011100000000
000000000000000000000000101011111000000
000000000000000000000000101100010000000
000000000000000000000000101100101000000
000000000000000000000000101101000000000
000000000000000000000000101101011000000
000000000000000000000000101101110000000
000000000000000000000000101110001000000
000000000000000000000000101110100000000
000000000000000000000000101110111000000
000000000000000000000000101111010000000
000000000000000000000000101111101000000
000000000000000000000000110000000000000
000000000000000000000000110000011000000
000000000000000000000000110000110000000
000000000000000000000000110001001000000
000000000000000000000000110001100000000
000000000000000000000000110001111000000
000000000000000000000000110010010000000
000000000000000000000000110010101000000
000000000000000000000000110011000000000
000000000000000000000000110011011000000
000000000000000000000000110011110000000
000000000000000000000000110100001000000
000000000000000000000000110100100000000
000000000000000000000000110100111000000
000000000000000000000000110101010000000
000000000000000000000000110101101000000
000000000000000000000000110110000000000
000000000000000000000000110110011000000
000000000000000000000000110110110000000
000000000000000000000000110111001000000
000000000000000000000000110111100000000
000000000000000000000000110111111000000
000000000000000000000000111000010000000
000000000000000000000000111000101000000
000000000000000000000000111001000000000
000000000000000000000000111001011000000
000000000000000000000000111001110000000
000000000000000000000000111010001000000
000000000000000000000000111010100000000
000000000000000000000000111010111000000
000000000000000000000000111011010000000
000000000000000000000000111011101000000
000000000000000000000000111100000000000
000000000000000000000000111100011000000
000000000000000000000000111100110000000
000000000000000000000000111101001000000
000000000000000000000000111101100000000
000000000000000000000000111101111000000
000000000000000000000000111110010000000
000000000000000000000000111110101000000
000000000000000000000000111111000000000
000000000000000000000000111111011000000
000000000000000000000000111111110000000
000000000000000000000001000000001000000
000000000000000000000001000000100000000
000000000000000000000001000000111000000
000000000000000000000001000001010000000
000000000000000000000001000001101000000
000000000000000000000001000010000000000
000000000000000000000001000010011000000
000000000000000000000001000010110000000
000000000000000000000001000011001000000
000000000000000000000001000011100000000
000000000000000000000001000011111000000
000000000000000000000001000100010000000
000000000000000000000001000100101000000
000000000000000000000001000101000000000
000000000000000000000001000101011000000
000000000000000000000001000101110000000
000000000000000000000001000110001000000
000000000000000000000001000110100000000
000000000000000000000001000110111000000
000000000000000000000001000111010000000
000000000000000000000001000111101000000
000000000000000000000001001000000000000
000000000000000000000001001000011000000
000000000000000000000001001000110000000
000000000000000000000001001001001000000
000000000000000000000001001001100000000
000000000000000000000001001001111000000
000000000000000000000001001010010000000
000000000000000000000001001010101000000
000000000000000000000001001011000000000
000000000000000000000001001011011000000
000000000000000000000001001011110000000
000000000000000000000001001100001000000
000000000000000000000001001100100000000
000000000000000000000001001100111000000
000000000000000000000001001101010000000
000000000000000000000001001101101000000
000000000000000000000001001110000000000
000000000000000000000001001110011000000
000000000000000000000001001110110000000
000000000000000000000001001111001000000
000000000000000000000001001111100000000
000000000000000000000001001111111000000
000000000000000000000001010000010000000
000000000000000000000001010000101000000
000000000000000000000001010001000000000
000000000000000000000001010001011000000
000000000000000000000001010001110000000
000000000000000000000001010010001000000
000000000000000000000001010010100000000
000000000000000000000001010010111000000
000000000000000000000001010011010000000
000000000000000000000001010011101000000
000000000000000000000001010100000000000
000000000000000000000001010100011000000
000000000000000000000001010100110000000
000000000000000000000001010101001000000
000000000000000000000001010101100000000
000000000000000000000001010101111000000
000000000000000000000001010110010000000
000000000000000000000001010110101000000
000000000000000000000001010111000000000
000000000000000000000001010111011000000
000000000000000000000001010111110000000
000000000000000000000001011000001000000
000000000000000000000001011000100000000
000000000000000000000001011000111000000
000000000000000000000001011001010000000
000000000000000000000001011001101000000
000000000000000000000001011010000000000
000000000000000000000001011010011000000
000000000000000000000001011010110000000
000000000000000000000001011011001000000
000000000000000000000001011011100000000
000000000000000000000001011011111000000
000000000000000000000001011100010000000
000000000000000000000001011100101000000
000000000000000000000001011101000000000
000000000000000000000001011101011000000
000000000000000000000001011101110000000
000000000000000000000001011110001000000
000000000000000000000001011110100000000
000000000000000000000001011110111000000
000000000000000000000001011111010000000
000000000000000000000001011111101000000
