000000000000000000000000000000000000000
111111111111111111111111111111111100111
111111111111111111111111111111111001110
111111111111111111111111111111110110101
111111111111111111111111111111110011100
111111111111111111111111111111110000011
111111111111111111111111111111101101010
111111111111111111111111111111101010001
111111111111111111111111111111100111000
111111111111111111111111111111100011111
111111111111111111111111111111100000110
111111111111111111111111111111011101101
111111111111111111111111111111011010100
111111111111111111111111111111010111011
111111111111111111111111111111010100010
111111111111111111111111111111010001001
111111111111111111111111111111001110000
111111111111111111111111111111001010111
111111111111111111111111111111000111110
111111111111111111111111111111000100101
111111111111111111111111111111000001100
111111111111111111111111111110111110011
111111111111111111111111111110111011010
111111111111111111111111111110111000001
111111111111111111111111111110110101000
111111111111111111111111111110110001111
111111111111111111111111111110101110110
111111111111111111111111111110101011101
111111111111111111111111111110101000100
111111111111111111111111111110100101011
111111111111111111111111111110100010010
111111111111111111111111111110011111001
111111111111111111111111111110011100000
111111111111111111111111111110011000111
111111111111111111111111111110010101110
111111111111111111111111111110010010101
111111111111111111111111111110001111100
111111111111111111111111111110001100011
111111111111111111111111111110001001010
111111111111111111111111111110000110001
111111111111111111111111111110000011000
111111111111111111111111111101111111111
111111111111111111111111111101111100110
111111111111111111111111111101111001101
111111111111111111111111111101110110100
111111111111111111111111111101110011011
111111111111111111111111111101110000010
111111111111111111111111111101101101001
111111111111111111111111111101101010000
111111111111111111111111111101100110111
111111111111111111111111111101100011110
111111111111111111111111111101100000101
111111111111111111111111111101011101100
111111111111111111111111111101011010011
111111111111111111111111111101010111010
111111111111111111111111111101010100001
111111111111111111111111111101010001000
111111111111111111111111111101001101111
111111111111111111111111111101001010110
111111111111111111111111111101000111101
111111111111111111111111111101000100100
111111111111111111111111111101000001011
111111111111111111111111111100111110010
111111111111111111111111111100111011001
111111111111111111111111111100111000000
111111111111111111111111111100110100111
111111111111111111111111111100110001110
111111111111111111111111111100101110101
111111111111111111111111111100101011100
111111111111111111111111111100101000011
111111111111111111111111111100100101010
111111111111111111111111111100100010001
111111111111111111111111111100011111000
111111111111111111111111111100011011111
111111111111111111111111111100011000110
111111111111111111111111111100010101101
111111111111111111111111111100010010100
111111111111111111111111111100001111011
111111111111111111111111111100001100010
111111111111111111111111111100001001001
111111111111111111111111111100000110000
111111111111111111111111111100000010111
111111111111111111111111111011111111110
111111111111111111111111111011111100101
111111111111111111111111111011111001100
111111111111111111111111111011110110011
111111111111111111111111111011110011010
111111111111111111111111111011110000001
111111111111111111111111111011101101000
111111111111111111111111111011101001111
111111111111111111111111111011100110110
111111111111111111111111111011100011101
111111111111111111111111111011100000100
111111111111111111111111111011011101011
111111111111111111111111111011011010010
111111111111111111111111111011010111001
111111111111111111111111111011010100000
111111111111111111111111111011010000111
111111111111111111111111111011001101110
111111111111111111111111111011001010101
111111111111111111111111111011000111100
111111111111111111111111111011000100011
111111111111111111111111111011000001010
111111111111111111111111111010111110001
111111111111111111111111111010111011000
111111111111111111111111111010110111111
111111111111111111111111111010110100110
111111111111111111111111111010110001101
111111111111111111111111111010101110100
111111111111111111111111111010101011011
111111111111111111111111111010101000010
111111111111111111111111111010100101001
111111111111111111111111111010100010000
111111111111111111111111111010011110111
111111111111111111111111111010011011110
111111111111111111111111111010011000101
111111111111111111111111111010010101100
111111111111111111111111111010010010011
111111111111111111111111111010001111010
111111111111111111111111111010001100001
111111111111111111111111111010001001000
111111111111111111111111111010000101111
111111111111111111111111111010000010110
111111111111111111111111111001111111101
111111111111111111111111111001111100100
111111111111111111111111111001111001011
111111111111111111111111111001110110010
111111111111111111111111111001110011001
111111111111111111111111111001110000000
111111111111111111111111111001101100111
111111111111111111111111111001101001110
111111111111111111111111111001100110101
111111111111111111111111111001100011100
111111111111111111111111111001100000011
111111111111111111111111111001011101010
111111111111111111111111111001011010001
111111111111111111111111111001010111000
111111111111111111111111111001010011111
111111111111111111111111111001010000110
111111111111111111111111111001001101101
111111111111111111111111111001001010100
111111111111111111111111111001000111011
111111111111111111111111111001000100010
111111111111111111111111111001000001001
111111111111111111111111111000111110000
111111111111111111111111111000111010111
111111111111111111111111111000110111110
111111111111111111111111111000110100101
111111111111111111111111111000110001100
111111111111111111111111111000101110011
111111111111111111111111111000101011010
111111111111111111111111111000101000001
111111111111111111111111111000100101000
111111111111111111111111111000100001111
111111111111111111111111111000011110110
111111111111111111111111111000011011101
111111111111111111111111111000011000100
111111111111111111111111111000010101011
111111111111111111111111111000010010010
111111111111111111111111111000001111001
111111111111111111111111111000001100000
111111111111111111111111111000001000111
111111111111111111111111111000000101110
111111111111111111111111111000000010101
111111111111111111111111110111111111100
111111111111111111111111110111111100011
111111111111111111111111110111111001010
111111111111111111111111110111110110001
111111111111111111111111110111110011000
111111111111111111111111110111101111111
111111111111111111111111110111101100110
111111111111111111111111110111101001101
111111111111111111111111110111100110100
111111111111111111111111110111100011011
111111111111111111111111110111100000010
111111111111111111111111110111011101001
111111111111111111111111110111011010000
111111111111111111111111110111010110111
111111111111111111111111110111010011110
111111111111111111111111110111010000101
111111111111111111111111110111001101100
111111111111111111111111110111001010011
111111111111111111111111110111000111010
111111111111111111111111110111000100001
111111111111111111111111110111000001000
111111111111111111111111110110111101111
111111111111111111111111110110111010110
111111111111111111111111110110110111101
111111111111111111111111110110110100100
111111111111111111111111110110110001011
111111111111111111111111110110101110010
111111111111111111111111110110101011001
111111111111111111111111110110101000000
111111111111111111111111110110100100111
111111111111111111111111110110100001110
111111111111111111111111110110011110101
111111111111111111111111110110011011100
111111111111111111111111110110011000011
111111111111111111111111110110010101010
111111111111111111111111110110010010001
111111111111111111111111110110001111000
111111111111111111111111110110001011111
111111111111111111111111110110001000110
111111111111111111111111110110000101101
111111111111111111111111110110000010100
111111111111111111111111110101111111011
111111111111111111111111110101111100010
111111111111111111111111110101111001001
111111111111111111111111110101110110000
111111111111111111111111110101110010111
111111111111111111111111110101101111110
111111111111111111111111110101101100101
111111111111111111111111110101101001100
111111111111111111111111110101100110011
111111111111111111111111110101100011010
111111111111111111111111110101100000001
111111111111111111111111110101011101000
111111111111111111111111110101011001111
111111111111111111111111110101010110110
111111111111111111111111110101010011101
111111111111111111111111110101010000100
111111111111111111111111110101001101011
111111111111111111111111110101001010010
111111111111111111111111110101000111001
111111111111111111111111110101000100000
111111111111111111111111110101000000111
111111111111111111111111110100111101110
111111111111111111111111110100111010101
111111111111111111111111110100110111100
111111111111111111111111110100110100011
111111111111111111111111110100110001010
111111111111111111111111110100101110001
111111111111111111111111110100101011000
111111111111111111111111110100100111111
111111111111111111111111110100100100110
111111111111111111111111110100100001101
111111111111111111111111110100011110100
111111111111111111111111110100011011011
111111111111111111111111110100011000010
111111111111111111111111110100010101001
111111111111111111111111110100010010000
111111111111111111111111110100001110111
111111111111111111111111110100001011110
111111111111111111111111110100001000101
111111111111111111111111110100000101100
111111111111111111111111110100000010011
111111111111111111111111110011111111010
111111111111111111111111110011111100001
111111111111111111111111110011111001000
111111111111111111111111110011110101111
111111111111111111111111110011110010110
111111111111111111111111110011101111101
111111111111111111111111110011101100100
111111111111111111111111110011101001011
111111111111111111111111110011100110010
111111111111111111111111110011100011001
