000000000000000000000000000000000000000
111111111111111111111111111111111100000
111111111111111111111111111111111000000
111111111111111111111111111111110100000
111111111111111111111111111111110000000
111111111111111111111111111111101100000
111111111111111111111111111111101000000
111111111111111111111111111111100100000
111111111111111111111111111111100000000
111111111111111111111111111111011100000
111111111111111111111111111111011000000
111111111111111111111111111111010100000
111111111111111111111111111111010000000
111111111111111111111111111111001100000
111111111111111111111111111111001000000
111111111111111111111111111111000100000
111111111111111111111111111111000000000
111111111111111111111111111110111100000
111111111111111111111111111110111000000
111111111111111111111111111110110100000
111111111111111111111111111110110000000
111111111111111111111111111110101100000
111111111111111111111111111110101000000
111111111111111111111111111110100100000
111111111111111111111111111110100000000
111111111111111111111111111110011100000
111111111111111111111111111110011000000
111111111111111111111111111110010100000
111111111111111111111111111110010000000
111111111111111111111111111110001100000
111111111111111111111111111110001000000
111111111111111111111111111110000100000
111111111111111111111111111110000000000
111111111111111111111111111101111100000
111111111111111111111111111101111000000
111111111111111111111111111101110100000
111111111111111111111111111101110000000
111111111111111111111111111101101100000
111111111111111111111111111101101000000
111111111111111111111111111101100100000
111111111111111111111111111101100000000
111111111111111111111111111101011100000
111111111111111111111111111101011000000
111111111111111111111111111101010100000
111111111111111111111111111101010000000
111111111111111111111111111101001100000
111111111111111111111111111101001000000
111111111111111111111111111101000100000
111111111111111111111111111101000000000
111111111111111111111111111100111100000
111111111111111111111111111100111000000
111111111111111111111111111100110100000
111111111111111111111111111100110000000
111111111111111111111111111100101100000
111111111111111111111111111100101000000
111111111111111111111111111100100100000
111111111111111111111111111100100000000
111111111111111111111111111100011100000
111111111111111111111111111100011000000
111111111111111111111111111100010100000
111111111111111111111111111100010000000
111111111111111111111111111100001100000
111111111111111111111111111100001000000
111111111111111111111111111100000100000
111111111111111111111111111100000000000
111111111111111111111111111011111100000
111111111111111111111111111011111000000
111111111111111111111111111011110100000
111111111111111111111111111011110000000
111111111111111111111111111011101100000
111111111111111111111111111011101000000
111111111111111111111111111011100100000
111111111111111111111111111011100000000
111111111111111111111111111011011100000
111111111111111111111111111011011000000
111111111111111111111111111011010100000
111111111111111111111111111011010000000
111111111111111111111111111011001100000
111111111111111111111111111011001000000
111111111111111111111111111011000100000
111111111111111111111111111011000000000
111111111111111111111111111010111100000
111111111111111111111111111010111000000
111111111111111111111111111010110100000
111111111111111111111111111010110000000
111111111111111111111111111010101100000
111111111111111111111111111010101000000
111111111111111111111111111010100100000
111111111111111111111111111010100000000
111111111111111111111111111010011100000
111111111111111111111111111010011000000
111111111111111111111111111010010100000
111111111111111111111111111010010000000
111111111111111111111111111010001100000
111111111111111111111111111010001000000
111111111111111111111111111010000100000
111111111111111111111111111010000000000
111111111111111111111111111001111100000
111111111111111111111111111001111000000
111111111111111111111111111001110100000
111111111111111111111111111001110000000
111111111111111111111111111001101100000
111111111111111111111111111001101000000
111111111111111111111111111001100100000
111111111111111111111111111001100000000
111111111111111111111111111001011100000
111111111111111111111111111001011000000
111111111111111111111111111001010100000
111111111111111111111111111001010000000
111111111111111111111111111001001100000
111111111111111111111111111001001000000
111111111111111111111111111001000100000
111111111111111111111111111001000000000
111111111111111111111111111000111100000
111111111111111111111111111000111000000
111111111111111111111111111000110100000
111111111111111111111111111000110000000
111111111111111111111111111000101100000
111111111111111111111111111000101000000
111111111111111111111111111000100100000
111111111111111111111111111000100000000
111111111111111111111111111000011100000
111111111111111111111111111000011000000
111111111111111111111111111000010100000
111111111111111111111111111000010000000
111111111111111111111111111000001100000
111111111111111111111111111000001000000
111111111111111111111111111000000100000
111111111111111111111111111000000000000
111111111111111111111111110111111100000
111111111111111111111111110111111000000
111111111111111111111111110111110100000
111111111111111111111111110111110000000
111111111111111111111111110111101100000
111111111111111111111111110111101000000
111111111111111111111111110111100100000
111111111111111111111111110111100000000
111111111111111111111111110111011100000
111111111111111111111111110111011000000
111111111111111111111111110111010100000
111111111111111111111111110111010000000
111111111111111111111111110111001100000
111111111111111111111111110111001000000
111111111111111111111111110111000100000
111111111111111111111111110111000000000
111111111111111111111111110110111100000
111111111111111111111111110110111000000
111111111111111111111111110110110100000
111111111111111111111111110110110000000
111111111111111111111111110110101100000
111111111111111111111111110110101000000
111111111111111111111111110110100100000
111111111111111111111111110110100000000
111111111111111111111111110110011100000
111111111111111111111111110110011000000
111111111111111111111111110110010100000
111111111111111111111111110110010000000
111111111111111111111111110110001100000
111111111111111111111111110110001000000
111111111111111111111111110110000100000
111111111111111111111111110110000000000
111111111111111111111111110101111100000
111111111111111111111111110101111000000
111111111111111111111111110101110100000
111111111111111111111111110101110000000
111111111111111111111111110101101100000
111111111111111111111111110101101000000
111111111111111111111111110101100100000
111111111111111111111111110101100000000
111111111111111111111111110101011100000
111111111111111111111111110101011000000
111111111111111111111111110101010100000
111111111111111111111111110101010000000
111111111111111111111111110101001100000
111111111111111111111111110101001000000
111111111111111111111111110101000100000
111111111111111111111111110101000000000
111111111111111111111111110100111100000
111111111111111111111111110100111000000
111111111111111111111111110100110100000
111111111111111111111111110100110000000
111111111111111111111111110100101100000
111111111111111111111111110100101000000
111111111111111111111111110100100100000
111111111111111111111111110100100000000
111111111111111111111111110100011100000
111111111111111111111111110100011000000
111111111111111111111111110100010100000
111111111111111111111111110100010000000
111111111111111111111111110100001100000
111111111111111111111111110100001000000
111111111111111111111111110100000100000
111111111111111111111111110100000000000
111111111111111111111111110011111100000
111111111111111111111111110011111000000
111111111111111111111111110011110100000
111111111111111111111111110011110000000
111111111111111111111111110011101100000
111111111111111111111111110011101000000
111111111111111111111111110011100100000
111111111111111111111111110011100000000
111111111111111111111111110011011100000
111111111111111111111111110011011000000
111111111111111111111111110011010100000
111111111111111111111111110011010000000
111111111111111111111111110011001100000
111111111111111111111111110011001000000
111111111111111111111111110011000100000
111111111111111111111111110011000000000
111111111111111111111111110010111100000
111111111111111111111111110010111000000
111111111111111111111111110010110100000
111111111111111111111111110010110000000
111111111111111111111111110010101100000
111111111111111111111111110010101000000
111111111111111111111111110010100100000
111111111111111111111111110010100000000
111111111111111111111111110010011100000
111111111111111111111111110010011000000
111111111111111111111111110010010100000
111111111111111111111111110010010000000
111111111111111111111111110010001100000
111111111111111111111111110010001000000
111111111111111111111111110010000100000
111111111111111111111111110010000000000
111111111111111111111111110001111100000
111111111111111111111111110001111000000
111111111111111111111111110001110100000
111111111111111111111111110001110000000
111111111111111111111111110001101100000
111111111111111111111111110001101000000
111111111111111111111111110001100100000
111111111111111111111111110001100000000
111111111111111111111111110001011100000
111111111111111111111111110001011000000
111111111111111111111111110001010100000
111111111111111111111111110001010000000
111111111111111111111111110001001100000
111111111111111111111111110001001000000
111111111111111111111111110001000100000
111111111111111111111111110001000000000
111111111111111111111111110000111100000
111111111111111111111111110000111000000
111111111111111111111111110000110100000
111111111111111111111111110000110000000
111111111111111111111111110000101100000
111111111111111111111111110000101000000
111111111111111111111111110000100100000
111111111111111111111111110000100000000
111111111111111111111111110000011100000
111111111111111111111111110000011000000
111111111111111111111111110000010100000
111111111111111111111111110000010000000
111111111111111111111111110000001100000
111111111111111111111111110000001000000
111111111111111111111111110000000100000
