000000000000000000000000000000000000000
111111111111111111111111111111110001110
111111111111111111111111111111100011100
111111111111111111111111111111010101010
111111111111111111111111111111000111000
111111111111111111111111111110111000110
111111111111111111111111111110101010100
111111111111111111111111111110011100010
111111111111111111111111111110001110000
111111111111111111111111111101111111110
111111111111111111111111111101110001100
111111111111111111111111111101100011010
111111111111111111111111111101010101000
111111111111111111111111111101000110110
111111111111111111111111111100111000100
111111111111111111111111111100101010010
111111111111111111111111111100011100000
111111111111111111111111111100001101110
111111111111111111111111111011111111100
111111111111111111111111111011110001010
111111111111111111111111111011100011000
111111111111111111111111111011010100110
111111111111111111111111111011000110100
111111111111111111111111111010111000010
111111111111111111111111111010101010000
111111111111111111111111111010011011110
111111111111111111111111111010001101100
111111111111111111111111111001111111010
111111111111111111111111111001110001000
111111111111111111111111111001100010110
111111111111111111111111111001010100100
111111111111111111111111111001000110010
111111111111111111111111111000111000000
111111111111111111111111111000101001110
111111111111111111111111111000011011100
111111111111111111111111111000001101010
111111111111111111111111110111111111000
111111111111111111111111110111110000110
111111111111111111111111110111100010100
111111111111111111111111110111010100010
111111111111111111111111110111000110000
111111111111111111111111110110110111110
111111111111111111111111110110101001100
111111111111111111111111110110011011010
111111111111111111111111110110001101000
111111111111111111111111110101111110110
111111111111111111111111110101110000100
111111111111111111111111110101100010010
111111111111111111111111110101010100000
111111111111111111111111110101000101110
111111111111111111111111110100110111100
111111111111111111111111110100101001010
111111111111111111111111110100011011000
111111111111111111111111110100001100110
111111111111111111111111110011111110100
111111111111111111111111110011110000010
111111111111111111111111110011100010000
111111111111111111111111110011010011110
111111111111111111111111110011000101100
111111111111111111111111110010110111010
111111111111111111111111110010101001000
111111111111111111111111110010011010110
111111111111111111111111110010001100100
111111111111111111111111110001111110010
111111111111111111111111110001110000000
111111111111111111111111110001100001110
111111111111111111111111110001010011100
111111111111111111111111110001000101010
111111111111111111111111110000110111000
111111111111111111111111110000101000110
111111111111111111111111110000011010100
111111111111111111111111110000001100010
111111111111111111111111101111111110000
111111111111111111111111101111101111110
111111111111111111111111101111100001100
111111111111111111111111101111010011010
111111111111111111111111101111000101000
111111111111111111111111101110110110110
111111111111111111111111101110101000100
111111111111111111111111101110011010010
111111111111111111111111101110001100000
111111111111111111111111101101111101110
111111111111111111111111101101101111100
111111111111111111111111101101100001010
111111111111111111111111101101010011000
111111111111111111111111101101000100110
111111111111111111111111101100110110100
111111111111111111111111101100101000010
111111111111111111111111101100011010000
111111111111111111111111101100001011110
111111111111111111111111101011111101100
111111111111111111111111101011101111010
111111111111111111111111101011100001000
111111111111111111111111101011010010110
111111111111111111111111101011000100100
111111111111111111111111101010110110010
111111111111111111111111101010101000000
111111111111111111111111101010011001110
111111111111111111111111101010001011100
111111111111111111111111101001111101010
111111111111111111111111101001101111000
111111111111111111111111101001100000110
111111111111111111111111101001010010100
111111111111111111111111101001000100010
111111111111111111111111101000110110000
111111111111111111111111101000100111110
111111111111111111111111101000011001100
111111111111111111111111101000001011010
111111111111111111111111100111111101000
111111111111111111111111100111101110110
111111111111111111111111100111100000100
111111111111111111111111100111010010010
111111111111111111111111100111000100000
111111111111111111111111100110110101110
111111111111111111111111100110100111100
111111111111111111111111100110011001010
111111111111111111111111100110001011000
111111111111111111111111100101111100110
111111111111111111111111100101101110100
111111111111111111111111100101100000010
111111111111111111111111100101010010000
111111111111111111111111100101000011110
111111111111111111111111100100110101100
111111111111111111111111100100100111010
111111111111111111111111100100011001000
111111111111111111111111100100001010110
111111111111111111111111100011111100100
111111111111111111111111100011101110010
111111111111111111111111100011100000000
111111111111111111111111100011010001110
111111111111111111111111100011000011100
111111111111111111111111100010110101010
111111111111111111111111100010100111000
111111111111111111111111100010011000110
111111111111111111111111100010001010100
111111111111111111111111100001111100010
111111111111111111111111100001101110000
111111111111111111111111100001011111110
111111111111111111111111100001010001100
111111111111111111111111100001000011010
111111111111111111111111100000110101000
111111111111111111111111100000100110110
111111111111111111111111100000011000100
111111111111111111111111100000001010010
111111111111111111111111011111111100000
111111111111111111111111011111101101110
111111111111111111111111011111011111100
111111111111111111111111011111010001010
111111111111111111111111011111000011000
111111111111111111111111011110110100110
111111111111111111111111011110100110100
111111111111111111111111011110011000010
111111111111111111111111011110001010000
111111111111111111111111011101111011110
111111111111111111111111011101101101100
111111111111111111111111011101011111010
111111111111111111111111011101010001000
111111111111111111111111011101000010110
111111111111111111111111011100110100100
111111111111111111111111011100100110010
111111111111111111111111011100011000000
111111111111111111111111011100001001110
111111111111111111111111011011111011100
111111111111111111111111011011101101010
111111111111111111111111011011011111000
111111111111111111111111011011010000110
111111111111111111111111011011000010100
111111111111111111111111011010110100010
111111111111111111111111011010100110000
111111111111111111111111011010010111110
111111111111111111111111011010001001100
111111111111111111111111011001111011010
111111111111111111111111011001101101000
111111111111111111111111011001011110110
111111111111111111111111011001010000100
111111111111111111111111011001000010010
111111111111111111111111011000110100000
111111111111111111111111011000100101110
111111111111111111111111011000010111100
111111111111111111111111011000001001010
111111111111111111111111010111111011000
111111111111111111111111010111101100110
111111111111111111111111010111011110100
111111111111111111111111010111010000010
111111111111111111111111010111000010000
111111111111111111111111010110110011110
111111111111111111111111010110100101100
111111111111111111111111010110010111010
111111111111111111111111010110001001000
111111111111111111111111010101111010110
111111111111111111111111010101101100100
111111111111111111111111010101011110010
111111111111111111111111010101010000000
111111111111111111111111010101000001110
111111111111111111111111010100110011100
111111111111111111111111010100100101010
111111111111111111111111010100010111000
111111111111111111111111010100001000110
111111111111111111111111010011111010100
111111111111111111111111010011101100010
111111111111111111111111010011011110000
111111111111111111111111010011001111110
111111111111111111111111010011000001100
111111111111111111111111010010110011010
111111111111111111111111010010100101000
111111111111111111111111010010010110110
111111111111111111111111010010001000100
111111111111111111111111010001111010010
111111111111111111111111010001101100000
111111111111111111111111010001011101110
111111111111111111111111010001001111100
111111111111111111111111010001000001010
111111111111111111111111010000110011000
111111111111111111111111010000100100110
111111111111111111111111010000010110100
111111111111111111111111010000001000010
111111111111111111111111001111111010000
111111111111111111111111001111101011110
111111111111111111111111001111011101100
111111111111111111111111001111001111010
111111111111111111111111001111000001000
111111111111111111111111001110110010110
111111111111111111111111001110100100100
111111111111111111111111001110010110010
111111111111111111111111001110001000000
111111111111111111111111001101111001110
111111111111111111111111001101101011100
111111111111111111111111001101011101010
111111111111111111111111001101001111000
111111111111111111111111001101000000110
111111111111111111111111001100110010100
111111111111111111111111001100100100010
111111111111111111111111001100010110000
111111111111111111111111001100000111110
111111111111111111111111001011111001100
111111111111111111111111001011101011010
111111111111111111111111001011011101000
111111111111111111111111001011001110110
111111111111111111111111001011000000100
111111111111111111111111001010110010010
111111111111111111111111001010100100000
111111111111111111111111001010010101110
111111111111111111111111001010000111100
111111111111111111111111001001111001010
111111111111111111111111001001101011000
111111111111111111111111001001011100110
111111111111111111111111001001001110100
111111111111111111111111001001000000010
111111111111111111111111001000110010000
111111111111111111111111001000100011110
111111111111111111111111001000010101100
111111111111111111111111001000000111010
111111111111111111111111000111111001000
111111111111111111111111000111101010110
111111111111111111111111000111011100100
111111111111111111111111000111001110010
