000000000000000000000000000000000000000
000000000000000000000000000000010110011
000000000000000000000000000000101100110
000000000000000000000000000001000011001
000000000000000000000000000001011001100
000000000000000000000000000001101111111
000000000000000000000000000010000110010
000000000000000000000000000010011100101
000000000000000000000000000010110011000
000000000000000000000000000011001001011
000000000000000000000000000011011111110
000000000000000000000000000011110110001
000000000000000000000000000100001100100
000000000000000000000000000100100010111
000000000000000000000000000100111001010
000000000000000000000000000101001111101
000000000000000000000000000101100110000
000000000000000000000000000101111100011
000000000000000000000000000110010010110
000000000000000000000000000110101001001
000000000000000000000000000110111111100
000000000000000000000000000111010101111
000000000000000000000000000111101100010
000000000000000000000000001000000010101
000000000000000000000000001000011001000
000000000000000000000000001000101111011
000000000000000000000000001001000101110
000000000000000000000000001001011100001
000000000000000000000000001001110010100
000000000000000000000000001010001000111
000000000000000000000000001010011111010
000000000000000000000000001010110101101
000000000000000000000000001011001100000
000000000000000000000000001011100010011
000000000000000000000000001011111000110
000000000000000000000000001100001111001
000000000000000000000000001100100101100
000000000000000000000000001100111011111
000000000000000000000000001101010010010
000000000000000000000000001101101000101
000000000000000000000000001101111111000
000000000000000000000000001110010101011
000000000000000000000000001110101011110
000000000000000000000000001111000010001
000000000000000000000000001111011000100
000000000000000000000000001111101110111
000000000000000000000000010000000101010
000000000000000000000000010000011011101
000000000000000000000000010000110010000
000000000000000000000000010001001000011
000000000000000000000000010001011110110
000000000000000000000000010001110101001
000000000000000000000000010010001011100
000000000000000000000000010010100001111
000000000000000000000000010010111000010
000000000000000000000000010011001110101
000000000000000000000000010011100101000
000000000000000000000000010011111011011
000000000000000000000000010100010001110
000000000000000000000000010100101000001
000000000000000000000000010100111110100
000000000000000000000000010101010100111
000000000000000000000000010101101011010
000000000000000000000000010110000001101
000000000000000000000000010110011000000
000000000000000000000000010110101110011
000000000000000000000000010111000100110
000000000000000000000000010111011011001
000000000000000000000000010111110001100
000000000000000000000000011000000111111
000000000000000000000000011000011110010
000000000000000000000000011000110100101
000000000000000000000000011001001011000
000000000000000000000000011001100001011
000000000000000000000000011001110111110
000000000000000000000000011010001110001
000000000000000000000000011010100100100
000000000000000000000000011010111010111
000000000000000000000000011011010001010
000000000000000000000000011011100111101
000000000000000000000000011011111110000
000000000000000000000000011100010100011
000000000000000000000000011100101010110
000000000000000000000000011101000001001
000000000000000000000000011101010111100
000000000000000000000000011101101101111
000000000000000000000000011110000100010
000000000000000000000000011110011010101
000000000000000000000000011110110001000
000000000000000000000000011111000111011
000000000000000000000000011111011101110
000000000000000000000000011111110100001
000000000000000000000000100000001010100
000000000000000000000000100000100000111
000000000000000000000000100000110111010
000000000000000000000000100001001101101
000000000000000000000000100001100100000
000000000000000000000000100001111010011
000000000000000000000000100010010000110
000000000000000000000000100010100111001
000000000000000000000000100010111101100
000000000000000000000000100011010011111
000000000000000000000000100011101010010
000000000000000000000000100100000000101
000000000000000000000000100100010111000
000000000000000000000000100100101101011
000000000000000000000000100101000011110
000000000000000000000000100101011010001
000000000000000000000000100101110000100
000000000000000000000000100110000110111
000000000000000000000000100110011101010
000000000000000000000000100110110011101
000000000000000000000000100111001010000
000000000000000000000000100111100000011
000000000000000000000000100111110110110
000000000000000000000000101000001101001
000000000000000000000000101000100011100
000000000000000000000000101000111001111
000000000000000000000000101001010000010
000000000000000000000000101001100110101
000000000000000000000000101001111101000
000000000000000000000000101010010011011
000000000000000000000000101010101001110
000000000000000000000000101011000000001
000000000000000000000000101011010110100
000000000000000000000000101011101100111
000000000000000000000000101100000011010
000000000000000000000000101100011001101
000000000000000000000000101100110000000
000000000000000000000000101101000110011
000000000000000000000000101101011100110
000000000000000000000000101101110011001
000000000000000000000000101110001001100
000000000000000000000000101110011111111
000000000000000000000000101110110110010
000000000000000000000000101111001100101
000000000000000000000000101111100011000
000000000000000000000000101111111001011
000000000000000000000000110000001111110
000000000000000000000000110000100110001
000000000000000000000000110000111100100
000000000000000000000000110001010010111
000000000000000000000000110001101001010
000000000000000000000000110001111111101
000000000000000000000000110010010110000
000000000000000000000000110010101100011
000000000000000000000000110011000010110
000000000000000000000000110011011001001
000000000000000000000000110011101111100
000000000000000000000000110100000101111
000000000000000000000000110100011100010
000000000000000000000000110100110010101
000000000000000000000000110101001001000
000000000000000000000000110101011111011
000000000000000000000000110101110101110
000000000000000000000000110110001100001
000000000000000000000000110110100010100
000000000000000000000000110110111000111
000000000000000000000000110111001111010
000000000000000000000000110111100101101
000000000000000000000000110111111100000
000000000000000000000000111000010010011
000000000000000000000000111000101000110
000000000000000000000000111000111111001
000000000000000000000000111001010101100
000000000000000000000000111001101011111
000000000000000000000000111010000010010
000000000000000000000000111010011000101
000000000000000000000000111010101111000
000000000000000000000000111011000101011
000000000000000000000000111011011011110
000000000000000000000000111011110010001
000000000000000000000000111100001000100
000000000000000000000000111100011110111
000000000000000000000000111100110101010
000000000000000000000000111101001011101
000000000000000000000000111101100010000
000000000000000000000000111101111000011
000000000000000000000000111110001110110
000000000000000000000000111110100101001
000000000000000000000000111110111011100
000000000000000000000000111111010001111
000000000000000000000000111111101000010
000000000000000000000000111111111110101
000000000000000000000001000000010101000
000000000000000000000001000000101011011
000000000000000000000001000001000001110
000000000000000000000001000001011000001
000000000000000000000001000001101110100
000000000000000000000001000010000100111
000000000000000000000001000010011011010
000000000000000000000001000010110001101
000000000000000000000001000011001000000
000000000000000000000001000011011110011
000000000000000000000001000011110100110
000000000000000000000001000100001011001
000000000000000000000001000100100001100
000000000000000000000001000100110111111
000000000000000000000001000101001110010
000000000000000000000001000101100100101
000000000000000000000001000101111011000
000000000000000000000001000110010001011
000000000000000000000001000110100111110
000000000000000000000001000110111110001
000000000000000000000001000111010100100
000000000000000000000001000111101010111
000000000000000000000001001000000001010
000000000000000000000001001000010111101
000000000000000000000001001000101110000
000000000000000000000001001001000100011
000000000000000000000001001001011010110
000000000000000000000001001001110001001
000000000000000000000001001010000111100
000000000000000000000001001010011101111
000000000000000000000001001010110100010
000000000000000000000001001011001010101
000000000000000000000001001011100001000
000000000000000000000001001011110111011
000000000000000000000001001100001101110
000000000000000000000001001100100100001
000000000000000000000001001100111010100
000000000000000000000001001101010000111
000000000000000000000001001101100111010
000000000000000000000001001101111101101
000000000000000000000001001110010100000
000000000000000000000001001110101010011
000000000000000000000001001111000000110
000000000000000000000001001111010111001
000000000000000000000001001111101101100
000000000000000000000001010000000011111
000000000000000000000001010000011010010
000000000000000000000001010000110000101
000000000000000000000001010001000111000
000000000000000000000001010001011101011
000000000000000000000001010001110011110
000000000000000000000001010010001010001
000000000000000000000001010010100000100
000000000000000000000001010010110110111
000000000000000000000001010011001101010
000000000000000000000001010011100011101
000000000000000000000001010011111010000
000000000000000000000001010100010000011
000000000000000000000001010100100110110
000000000000000000000001010100111101001
000000000000000000000001010101010011100
000000000000000000000001010101101001111
000000000000000000000001010110000000010
000000000000000000000001010110010110101
000000000000000000000001010110101101000
000000000000000000000001010111000011011
000000000000000000000001010111011001110
000000000000000000000001010111110000001
000000000000000000000001011000000110100
000000000000000000000001011000011100111
000000000000000000000001011000110011010
000000000000000000000001011001001001101
