000000000000000000000000000000000000000
111111111111111111111111111111111111000
111111111111111111111111111111111110000
111111111111111111111111111111111101000
111111111111111111111111111111111100000
111111111111111111111111111111111011000
111111111111111111111111111111111010000
111111111111111111111111111111111001000
111111111111111111111111111111111000000
111111111111111111111111111111110111000
111111111111111111111111111111110110000
111111111111111111111111111111110101000
111111111111111111111111111111110100000
111111111111111111111111111111110011000
111111111111111111111111111111110010000
111111111111111111111111111111110001000
111111111111111111111111111111110000000
111111111111111111111111111111101111000
111111111111111111111111111111101110000
111111111111111111111111111111101101000
111111111111111111111111111111101100000
111111111111111111111111111111101011000
111111111111111111111111111111101010000
111111111111111111111111111111101001000
111111111111111111111111111111101000000
111111111111111111111111111111100111000
111111111111111111111111111111100110000
111111111111111111111111111111100101000
111111111111111111111111111111100100000
111111111111111111111111111111100011000
111111111111111111111111111111100010000
111111111111111111111111111111100001000
111111111111111111111111111111100000000
111111111111111111111111111111011111000
111111111111111111111111111111011110000
111111111111111111111111111111011101000
111111111111111111111111111111011100000
111111111111111111111111111111011011000
111111111111111111111111111111011010000
111111111111111111111111111111011001000
111111111111111111111111111111011000000
111111111111111111111111111111010111000
111111111111111111111111111111010110000
111111111111111111111111111111010101000
111111111111111111111111111111010100000
111111111111111111111111111111010011000
111111111111111111111111111111010010000
111111111111111111111111111111010001000
111111111111111111111111111111010000000
111111111111111111111111111111001111000
111111111111111111111111111111001110000
111111111111111111111111111111001101000
111111111111111111111111111111001100000
111111111111111111111111111111001011000
111111111111111111111111111111001010000
111111111111111111111111111111001001000
111111111111111111111111111111001000000
111111111111111111111111111111000111000
111111111111111111111111111111000110000
111111111111111111111111111111000101000
111111111111111111111111111111000100000
111111111111111111111111111111000011000
111111111111111111111111111111000010000
111111111111111111111111111111000001000
111111111111111111111111111111000000000
111111111111111111111111111110111111000
111111111111111111111111111110111110000
111111111111111111111111111110111101000
111111111111111111111111111110111100000
111111111111111111111111111110111011000
111111111111111111111111111110111010000
111111111111111111111111111110111001000
111111111111111111111111111110111000000
111111111111111111111111111110110111000
111111111111111111111111111110110110000
111111111111111111111111111110110101000
111111111111111111111111111110110100000
111111111111111111111111111110110011000
111111111111111111111111111110110010000
111111111111111111111111111110110001000
111111111111111111111111111110110000000
111111111111111111111111111110101111000
111111111111111111111111111110101110000
111111111111111111111111111110101101000
111111111111111111111111111110101100000
111111111111111111111111111110101011000
111111111111111111111111111110101010000
111111111111111111111111111110101001000
111111111111111111111111111110101000000
111111111111111111111111111110100111000
111111111111111111111111111110100110000
111111111111111111111111111110100101000
111111111111111111111111111110100100000
111111111111111111111111111110100011000
111111111111111111111111111110100010000
111111111111111111111111111110100001000
111111111111111111111111111110100000000
111111111111111111111111111110011111000
111111111111111111111111111110011110000
111111111111111111111111111110011101000
111111111111111111111111111110011100000
111111111111111111111111111110011011000
111111111111111111111111111110011010000
111111111111111111111111111110011001000
111111111111111111111111111110011000000
111111111111111111111111111110010111000
111111111111111111111111111110010110000
111111111111111111111111111110010101000
111111111111111111111111111110010100000
111111111111111111111111111110010011000
111111111111111111111111111110010010000
111111111111111111111111111110010001000
111111111111111111111111111110010000000
111111111111111111111111111110001111000
111111111111111111111111111110001110000
111111111111111111111111111110001101000
111111111111111111111111111110001100000
111111111111111111111111111110001011000
111111111111111111111111111110001010000
111111111111111111111111111110001001000
111111111111111111111111111110001000000
111111111111111111111111111110000111000
111111111111111111111111111110000110000
111111111111111111111111111110000101000
111111111111111111111111111110000100000
111111111111111111111111111110000011000
111111111111111111111111111110000010000
111111111111111111111111111110000001000
111111111111111111111111111110000000000
111111111111111111111111111101111111000
111111111111111111111111111101111110000
111111111111111111111111111101111101000
111111111111111111111111111101111100000
111111111111111111111111111101111011000
111111111111111111111111111101111010000
111111111111111111111111111101111001000
111111111111111111111111111101111000000
111111111111111111111111111101110111000
111111111111111111111111111101110110000
111111111111111111111111111101110101000
111111111111111111111111111101110100000
111111111111111111111111111101110011000
111111111111111111111111111101110010000
111111111111111111111111111101110001000
111111111111111111111111111101110000000
111111111111111111111111111101101111000
111111111111111111111111111101101110000
111111111111111111111111111101101101000
111111111111111111111111111101101100000
111111111111111111111111111101101011000
111111111111111111111111111101101010000
111111111111111111111111111101101001000
111111111111111111111111111101101000000
111111111111111111111111111101100111000
111111111111111111111111111101100110000
111111111111111111111111111101100101000
111111111111111111111111111101100100000
111111111111111111111111111101100011000
111111111111111111111111111101100010000
111111111111111111111111111101100001000
111111111111111111111111111101100000000
111111111111111111111111111101011111000
111111111111111111111111111101011110000
111111111111111111111111111101011101000
111111111111111111111111111101011100000
111111111111111111111111111101011011000
111111111111111111111111111101011010000
111111111111111111111111111101011001000
111111111111111111111111111101011000000
111111111111111111111111111101010111000
111111111111111111111111111101010110000
111111111111111111111111111101010101000
111111111111111111111111111101010100000
111111111111111111111111111101010011000
111111111111111111111111111101010010000
111111111111111111111111111101010001000
111111111111111111111111111101010000000
111111111111111111111111111101001111000
111111111111111111111111111101001110000
111111111111111111111111111101001101000
111111111111111111111111111101001100000
111111111111111111111111111101001011000
111111111111111111111111111101001010000
111111111111111111111111111101001001000
111111111111111111111111111101001000000
111111111111111111111111111101000111000
111111111111111111111111111101000110000
111111111111111111111111111101000101000
111111111111111111111111111101000100000
111111111111111111111111111101000011000
111111111111111111111111111101000010000
111111111111111111111111111101000001000
111111111111111111111111111101000000000
111111111111111111111111111100111111000
111111111111111111111111111100111110000
111111111111111111111111111100111101000
111111111111111111111111111100111100000
111111111111111111111111111100111011000
111111111111111111111111111100111010000
111111111111111111111111111100111001000
111111111111111111111111111100111000000
111111111111111111111111111100110111000
111111111111111111111111111100110110000
111111111111111111111111111100110101000
111111111111111111111111111100110100000
111111111111111111111111111100110011000
111111111111111111111111111100110010000
111111111111111111111111111100110001000
111111111111111111111111111100110000000
111111111111111111111111111100101111000
111111111111111111111111111100101110000
111111111111111111111111111100101101000
111111111111111111111111111100101100000
111111111111111111111111111100101011000
111111111111111111111111111100101010000
111111111111111111111111111100101001000
111111111111111111111111111100101000000
111111111111111111111111111100100111000
111111111111111111111111111100100110000
111111111111111111111111111100100101000
111111111111111111111111111100100100000
111111111111111111111111111100100011000
111111111111111111111111111100100010000
111111111111111111111111111100100001000
111111111111111111111111111100100000000
111111111111111111111111111100011111000
111111111111111111111111111100011110000
111111111111111111111111111100011101000
111111111111111111111111111100011100000
111111111111111111111111111100011011000
111111111111111111111111111100011010000
111111111111111111111111111100011001000
111111111111111111111111111100011000000
111111111111111111111111111100010111000
111111111111111111111111111100010110000
111111111111111111111111111100010101000
111111111111111111111111111100010100000
111111111111111111111111111100010011000
111111111111111111111111111100010010000
111111111111111111111111111100010001000
111111111111111111111111111100010000000
111111111111111111111111111100001111000
111111111111111111111111111100001110000
111111111111111111111111111100001101000
111111111111111111111111111100001100000
111111111111111111111111111100001011000
111111111111111111111111111100001010000
111111111111111111111111111100001001000
111111111111111111111111111100001000000
111111111111111111111111111100000111000
111111111111111111111111111100000110000
111111111111111111111111111100000101000
111111111111111111111111111100000100000
111111111111111111111111111100000011000
111111111111111111111111111100000010000
111111111111111111111111111100000001000
