000000000000000000000000000000000000000
000000000000000000000000000000001001010
000000000000000000000000000000010010100
000000000000000000000000000000011011110
000000000000000000000000000000100101000
000000000000000000000000000000101110010
000000000000000000000000000000110111100
000000000000000000000000000001000000110
000000000000000000000000000001001010000
000000000000000000000000000001010011010
000000000000000000000000000001011100100
000000000000000000000000000001100101110
000000000000000000000000000001101111000
000000000000000000000000000001111000010
000000000000000000000000000010000001100
000000000000000000000000000010001010110
000000000000000000000000000010010100000
000000000000000000000000000010011101010
000000000000000000000000000010100110100
000000000000000000000000000010101111110
000000000000000000000000000010111001000
000000000000000000000000000011000010010
000000000000000000000000000011001011100
000000000000000000000000000011010100110
000000000000000000000000000011011110000
000000000000000000000000000011100111010
000000000000000000000000000011110000100
000000000000000000000000000011111001110
000000000000000000000000000100000011000
000000000000000000000000000100001100010
000000000000000000000000000100010101100
000000000000000000000000000100011110110
000000000000000000000000000100101000000
000000000000000000000000000100110001010
000000000000000000000000000100111010100
000000000000000000000000000101000011110
000000000000000000000000000101001101000
000000000000000000000000000101010110010
000000000000000000000000000101011111100
000000000000000000000000000101101000110
000000000000000000000000000101110010000
000000000000000000000000000101111011010
000000000000000000000000000110000100100
000000000000000000000000000110001101110
000000000000000000000000000110010111000
000000000000000000000000000110100000010
000000000000000000000000000110101001100
000000000000000000000000000110110010110
000000000000000000000000000110111100000
000000000000000000000000000111000101010
000000000000000000000000000111001110100
000000000000000000000000000111010111110
000000000000000000000000000111100001000
000000000000000000000000000111101010010
000000000000000000000000000111110011100
000000000000000000000000000111111100110
000000000000000000000000001000000110000
000000000000000000000000001000001111010
000000000000000000000000001000011000100
000000000000000000000000001000100001110
000000000000000000000000001000101011000
000000000000000000000000001000110100010
000000000000000000000000001000111101100
000000000000000000000000001001000110110
000000000000000000000000001001010000000
000000000000000000000000001001011001010
000000000000000000000000001001100010100
000000000000000000000000001001101011110
000000000000000000000000001001110101000
000000000000000000000000001001111110010
000000000000000000000000001010000111100
000000000000000000000000001010010000110
000000000000000000000000001010011010000
000000000000000000000000001010100011010
000000000000000000000000001010101100100
000000000000000000000000001010110101110
000000000000000000000000001010111111000
000000000000000000000000001011001000010
000000000000000000000000001011010001100
000000000000000000000000001011011010110
000000000000000000000000001011100100000
000000000000000000000000001011101101010
000000000000000000000000001011110110100
000000000000000000000000001011111111110
000000000000000000000000001100001001000
000000000000000000000000001100010010010
000000000000000000000000001100011011100
000000000000000000000000001100100100110
000000000000000000000000001100101110000
000000000000000000000000001100110111010
000000000000000000000000001101000000100
000000000000000000000000001101001001110
000000000000000000000000001101010011000
000000000000000000000000001101011100010
000000000000000000000000001101100101100
000000000000000000000000001101101110110
000000000000000000000000001101111000000
000000000000000000000000001110000001010
000000000000000000000000001110001010100
000000000000000000000000001110010011110
000000000000000000000000001110011101000
000000000000000000000000001110100110010
000000000000000000000000001110101111100
000000000000000000000000001110111000110
000000000000000000000000001111000010000
000000000000000000000000001111001011010
000000000000000000000000001111010100100
000000000000000000000000001111011101110
000000000000000000000000001111100111000
000000000000000000000000001111110000010
000000000000000000000000001111111001100
000000000000000000000000010000000010110
000000000000000000000000010000001100000
000000000000000000000000010000010101010
000000000000000000000000010000011110100
000000000000000000000000010000100111110
000000000000000000000000010000110001000
000000000000000000000000010000111010010
000000000000000000000000010001000011100
000000000000000000000000010001001100110
000000000000000000000000010001010110000
000000000000000000000000010001011111010
000000000000000000000000010001101000100
000000000000000000000000010001110001110
000000000000000000000000010001111011000
000000000000000000000000010010000100010
000000000000000000000000010010001101100
000000000000000000000000010010010110110
000000000000000000000000010010100000000
000000000000000000000000010010101001010
000000000000000000000000010010110010100
000000000000000000000000010010111011110
000000000000000000000000010011000101000
000000000000000000000000010011001110010
000000000000000000000000010011010111100
000000000000000000000000010011100000110
000000000000000000000000010011101010000
000000000000000000000000010011110011010
000000000000000000000000010011111100100
000000000000000000000000010100000101110
000000000000000000000000010100001111000
000000000000000000000000010100011000010
000000000000000000000000010100100001100
000000000000000000000000010100101010110
000000000000000000000000010100110100000
000000000000000000000000010100111101010
000000000000000000000000010101000110100
000000000000000000000000010101001111110
000000000000000000000000010101011001000
000000000000000000000000010101100010010
000000000000000000000000010101101011100
000000000000000000000000010101110100110
000000000000000000000000010101111110000
000000000000000000000000010110000111010
000000000000000000000000010110010000100
000000000000000000000000010110011001110
000000000000000000000000010110100011000
000000000000000000000000010110101100010
000000000000000000000000010110110101100
000000000000000000000000010110111110110
000000000000000000000000010111001000000
000000000000000000000000010111010001010
000000000000000000000000010111011010100
000000000000000000000000010111100011110
000000000000000000000000010111101101000
000000000000000000000000010111110110010
000000000000000000000000010111111111100
000000000000000000000000011000001000110
000000000000000000000000011000010010000
000000000000000000000000011000011011010
000000000000000000000000011000100100100
000000000000000000000000011000101101110
000000000000000000000000011000110111000
000000000000000000000000011001000000010
000000000000000000000000011001001001100
000000000000000000000000011001010010110
000000000000000000000000011001011100000
000000000000000000000000011001100101010
000000000000000000000000011001101110100
000000000000000000000000011001110111110
000000000000000000000000011010000001000
000000000000000000000000011010001010010
000000000000000000000000011010010011100
000000000000000000000000011010011100110
000000000000000000000000011010100110000
000000000000000000000000011010101111010
000000000000000000000000011010111000100
000000000000000000000000011011000001110
000000000000000000000000011011001011000
000000000000000000000000011011010100010
000000000000000000000000011011011101100
000000000000000000000000011011100110110
000000000000000000000000011011110000000
000000000000000000000000011011111001010
000000000000000000000000011100000010100
000000000000000000000000011100001011110
000000000000000000000000011100010101000
000000000000000000000000011100011110010
000000000000000000000000011100100111100
000000000000000000000000011100110000110
000000000000000000000000011100111010000
000000000000000000000000011101000011010
000000000000000000000000011101001100100
000000000000000000000000011101010101110
000000000000000000000000011101011111000
000000000000000000000000011101101000010
000000000000000000000000011101110001100
000000000000000000000000011101111010110
000000000000000000000000011110000100000
000000000000000000000000011110001101010
000000000000000000000000011110010110100
000000000000000000000000011110011111110
000000000000000000000000011110101001000
000000000000000000000000011110110010010
000000000000000000000000011110111011100
000000000000000000000000011111000100110
000000000000000000000000011111001110000
000000000000000000000000011111010111010
000000000000000000000000011111100000100
000000000000000000000000011111101001110
000000000000000000000000011111110011000
000000000000000000000000011111111100010
000000000000000000000000100000000101100
000000000000000000000000100000001110110
000000000000000000000000100000011000000
000000000000000000000000100000100001010
000000000000000000000000100000101010100
000000000000000000000000100000110011110
000000000000000000000000100000111101000
000000000000000000000000100001000110010
000000000000000000000000100001001111100
000000000000000000000000100001011000110
000000000000000000000000100001100010000
000000000000000000000000100001101011010
000000000000000000000000100001110100100
000000000000000000000000100001111101110
000000000000000000000000100010000111000
000000000000000000000000100010010000010
000000000000000000000000100010011001100
000000000000000000000000100010100010110
000000000000000000000000100010101100000
000000000000000000000000100010110101010
000000000000000000000000100010111110100
000000000000000000000000100011000111110
000000000000000000000000100011010001000
000000000000000000000000100011011010010
000000000000000000000000100011100011100
000000000000000000000000100011101100110
000000000000000000000000100011110110000
000000000000000000000000100011111111010
000000000000000000000000100100001000100
000000000000000000000000100100010001110
000000000000000000000000100100011011000
000000000000000000000000100100100100010
000000000000000000000000100100101101100
000000000000000000000000100100110110110
