000000000000000000000000000000000000000
111111111111111111111111111111111010101
111111111111111111111111111111110101010
111111111111111111111111111111101111111
111111111111111111111111111111101010100
111111111111111111111111111111100101001
111111111111111111111111111111011111110
111111111111111111111111111111011010011
111111111111111111111111111111010101000
111111111111111111111111111111001111101
111111111111111111111111111111001010010
111111111111111111111111111111000100111
111111111111111111111111111110111111100
111111111111111111111111111110111010001
111111111111111111111111111110110100110
111111111111111111111111111110101111011
111111111111111111111111111110101010000
111111111111111111111111111110100100101
111111111111111111111111111110011111010
111111111111111111111111111110011001111
111111111111111111111111111110010100100
111111111111111111111111111110001111001
111111111111111111111111111110001001110
111111111111111111111111111110000100011
111111111111111111111111111101111111000
111111111111111111111111111101111001101
111111111111111111111111111101110100010
111111111111111111111111111101101110111
111111111111111111111111111101101001100
111111111111111111111111111101100100001
111111111111111111111111111101011110110
111111111111111111111111111101011001011
111111111111111111111111111101010100000
111111111111111111111111111101001110101
111111111111111111111111111101001001010
111111111111111111111111111101000011111
111111111111111111111111111100111110100
111111111111111111111111111100111001001
111111111111111111111111111100110011110
111111111111111111111111111100101110011
111111111111111111111111111100101001000
111111111111111111111111111100100011101
111111111111111111111111111100011110010
111111111111111111111111111100011000111
111111111111111111111111111100010011100
111111111111111111111111111100001110001
111111111111111111111111111100001000110
111111111111111111111111111100000011011
111111111111111111111111111011111110000
111111111111111111111111111011111000101
111111111111111111111111111011110011010
111111111111111111111111111011101101111
111111111111111111111111111011101000100
111111111111111111111111111011100011001
111111111111111111111111111011011101110
111111111111111111111111111011011000011
111111111111111111111111111011010011000
111111111111111111111111111011001101101
111111111111111111111111111011001000010
111111111111111111111111111011000010111
111111111111111111111111111010111101100
111111111111111111111111111010111000001
111111111111111111111111111010110010110
111111111111111111111111111010101101011
111111111111111111111111111010101000000
111111111111111111111111111010100010101
111111111111111111111111111010011101010
111111111111111111111111111010010111111
111111111111111111111111111010010010100
111111111111111111111111111010001101001
111111111111111111111111111010000111110
111111111111111111111111111010000010011
111111111111111111111111111001111101000
111111111111111111111111111001110111101
111111111111111111111111111001110010010
111111111111111111111111111001101100111
111111111111111111111111111001100111100
111111111111111111111111111001100010001
111111111111111111111111111001011100110
111111111111111111111111111001010111011
111111111111111111111111111001010010000
111111111111111111111111111001001100101
111111111111111111111111111001000111010
111111111111111111111111111001000001111
111111111111111111111111111000111100100
111111111111111111111111111000110111001
111111111111111111111111111000110001110
111111111111111111111111111000101100011
111111111111111111111111111000100111000
111111111111111111111111111000100001101
111111111111111111111111111000011100010
111111111111111111111111111000010110111
111111111111111111111111111000010001100
111111111111111111111111111000001100001
111111111111111111111111111000000110110
111111111111111111111111111000000001011
111111111111111111111111110111111100000
111111111111111111111111110111110110101
111111111111111111111111110111110001010
111111111111111111111111110111101011111
111111111111111111111111110111100110100
111111111111111111111111110111100001001
111111111111111111111111110111011011110
111111111111111111111111110111010110011
111111111111111111111111110111010001000
111111111111111111111111110111001011101
111111111111111111111111110111000110010
111111111111111111111111110111000000111
111111111111111111111111110110111011100
111111111111111111111111110110110110001
111111111111111111111111110110110000110
111111111111111111111111110110101011011
111111111111111111111111110110100110000
111111111111111111111111110110100000101
111111111111111111111111110110011011010
111111111111111111111111110110010101111
111111111111111111111111110110010000100
111111111111111111111111110110001011001
111111111111111111111111110110000101110
111111111111111111111111110110000000011
111111111111111111111111110101111011000
111111111111111111111111110101110101101
111111111111111111111111110101110000010
111111111111111111111111110101101010111
111111111111111111111111110101100101100
111111111111111111111111110101100000001
111111111111111111111111110101011010110
111111111111111111111111110101010101011
111111111111111111111111110101010000000
111111111111111111111111110101001010101
111111111111111111111111110101000101010
111111111111111111111111110100111111111
111111111111111111111111110100111010100
111111111111111111111111110100110101001
111111111111111111111111110100101111110
111111111111111111111111110100101010011
111111111111111111111111110100100101000
111111111111111111111111110100011111101
111111111111111111111111110100011010010
111111111111111111111111110100010100111
111111111111111111111111110100001111100
111111111111111111111111110100001010001
111111111111111111111111110100000100110
111111111111111111111111110011111111011
111111111111111111111111110011111010000
111111111111111111111111110011110100101
111111111111111111111111110011101111010
111111111111111111111111110011101001111
111111111111111111111111110011100100100
111111111111111111111111110011011111001
111111111111111111111111110011011001110
111111111111111111111111110011010100011
111111111111111111111111110011001111000
111111111111111111111111110011001001101
111111111111111111111111110011000100010
111111111111111111111111110010111110111
111111111111111111111111110010111001100
111111111111111111111111110010110100001
111111111111111111111111110010101110110
111111111111111111111111110010101001011
111111111111111111111111110010100100000
111111111111111111111111110010011110101
111111111111111111111111110010011001010
111111111111111111111111110010010011111
111111111111111111111111110010001110100
111111111111111111111111110010001001001
111111111111111111111111110010000011110
111111111111111111111111110001111110011
111111111111111111111111110001111001000
111111111111111111111111110001110011101
111111111111111111111111110001101110010
111111111111111111111111110001101000111
111111111111111111111111110001100011100
111111111111111111111111110001011110001
111111111111111111111111110001011000110
111111111111111111111111110001010011011
111111111111111111111111110001001110000
111111111111111111111111110001001000101
111111111111111111111111110001000011010
111111111111111111111111110000111101111
111111111111111111111111110000111000100
111111111111111111111111110000110011001
111111111111111111111111110000101101110
111111111111111111111111110000101000011
111111111111111111111111110000100011000
111111111111111111111111110000011101101
111111111111111111111111110000011000010
111111111111111111111111110000010010111
111111111111111111111111110000001101100
111111111111111111111111110000001000001
111111111111111111111111110000000010110
111111111111111111111111101111111101011
111111111111111111111111101111111000000
111111111111111111111111101111110010101
111111111111111111111111101111101101010
111111111111111111111111101111100111111
111111111111111111111111101111100010100
111111111111111111111111101111011101001
111111111111111111111111101111010111110
111111111111111111111111101111010010011
111111111111111111111111101111001101000
111111111111111111111111101111000111101
111111111111111111111111101111000010010
111111111111111111111111101110111100111
111111111111111111111111101110110111100
111111111111111111111111101110110010001
111111111111111111111111101110101100110
111111111111111111111111101110100111011
111111111111111111111111101110100010000
111111111111111111111111101110011100101
111111111111111111111111101110010111010
111111111111111111111111101110010001111
111111111111111111111111101110001100100
111111111111111111111111101110000111001
111111111111111111111111101110000001110
111111111111111111111111101101111100011
111111111111111111111111101101110111000
111111111111111111111111101101110001101
111111111111111111111111101101101100010
111111111111111111111111101101100110111
111111111111111111111111101101100001100
111111111111111111111111101101011100001
111111111111111111111111101101010110110
111111111111111111111111101101010001011
111111111111111111111111101101001100000
111111111111111111111111101101000110101
111111111111111111111111101101000001010
111111111111111111111111101100111011111
111111111111111111111111101100110110100
111111111111111111111111101100110001001
111111111111111111111111101100101011110
111111111111111111111111101100100110011
111111111111111111111111101100100001000
111111111111111111111111101100011011101
111111111111111111111111101100010110010
111111111111111111111111101100010000111
111111111111111111111111101100001011100
111111111111111111111111101100000110001
111111111111111111111111101100000000110
111111111111111111111111101011111011011
111111111111111111111111101011110110000
111111111111111111111111101011110000101
111111111111111111111111101011101011010
111111111111111111111111101011100101111
111111111111111111111111101011100000100
111111111111111111111111101011011011001
111111111111111111111111101011010101110
111111111111111111111111101011010000011
111111111111111111111111101011001011000
111111111111111111111111101011000101101
111111111111111111111111101011000000010
111111111111111111111111101010111010111
111111111111111111111111101010110101100
111111111111111111111111101010110000001
111111111111111111111111101010101010110
111111111111111111111111101010100101011
