000000000000000000000000000000000000000
000000000000000000000000000000001000101
000000000000000000000000000000010001010
000000000000000000000000000000011001111
000000000000000000000000000000100010100
000000000000000000000000000000101011001
000000000000000000000000000000110011110
000000000000000000000000000000111100011
000000000000000000000000000001000101000
000000000000000000000000000001001101101
000000000000000000000000000001010110010
000000000000000000000000000001011110111
000000000000000000000000000001100111100
000000000000000000000000000001110000001
000000000000000000000000000001111000110
000000000000000000000000000010000001011
000000000000000000000000000010001010000
000000000000000000000000000010010010101
000000000000000000000000000010011011010
000000000000000000000000000010100011111
000000000000000000000000000010101100100
000000000000000000000000000010110101001
000000000000000000000000000010111101110
000000000000000000000000000011000110011
000000000000000000000000000011001111000
000000000000000000000000000011010111101
000000000000000000000000000011100000010
000000000000000000000000000011101000111
000000000000000000000000000011110001100
000000000000000000000000000011111010001
000000000000000000000000000100000010110
000000000000000000000000000100001011011
000000000000000000000000000100010100000
000000000000000000000000000100011100101
000000000000000000000000000100100101010
000000000000000000000000000100101101111
000000000000000000000000000100110110100
000000000000000000000000000100111111001
000000000000000000000000000101000111110
000000000000000000000000000101010000011
000000000000000000000000000101011001000
000000000000000000000000000101100001101
000000000000000000000000000101101010010
000000000000000000000000000101110010111
000000000000000000000000000101111011100
000000000000000000000000000110000100001
000000000000000000000000000110001100110
000000000000000000000000000110010101011
000000000000000000000000000110011110000
000000000000000000000000000110100110101
000000000000000000000000000110101111010
000000000000000000000000000110110111111
000000000000000000000000000111000000100
000000000000000000000000000111001001001
000000000000000000000000000111010001110
000000000000000000000000000111011010011
000000000000000000000000000111100011000
000000000000000000000000000111101011101
000000000000000000000000000111110100010
000000000000000000000000000111111100111
000000000000000000000000001000000101100
000000000000000000000000001000001110001
000000000000000000000000001000010110110
000000000000000000000000001000011111011
000000000000000000000000001000101000000
000000000000000000000000001000110000101
000000000000000000000000001000111001010
000000000000000000000000001001000001111
000000000000000000000000001001001010100
000000000000000000000000001001010011001
000000000000000000000000001001011011110
000000000000000000000000001001100100011
000000000000000000000000001001101101000
000000000000000000000000001001110101101
000000000000000000000000001001111110010
000000000000000000000000001010000110111
000000000000000000000000001010001111100
000000000000000000000000001010011000001
000000000000000000000000001010100000110
000000000000000000000000001010101001011
000000000000000000000000001010110010000
000000000000000000000000001010111010101
000000000000000000000000001011000011010
000000000000000000000000001011001011111
000000000000000000000000001011010100100
000000000000000000000000001011011101001
000000000000000000000000001011100101110
000000000000000000000000001011101110011
000000000000000000000000001011110111000
000000000000000000000000001011111111101
000000000000000000000000001100001000010
000000000000000000000000001100010000111
000000000000000000000000001100011001100
000000000000000000000000001100100010001
000000000000000000000000001100101010110
000000000000000000000000001100110011011
000000000000000000000000001100111100000
000000000000000000000000001101000100101
000000000000000000000000001101001101010
000000000000000000000000001101010101111
000000000000000000000000001101011110100
000000000000000000000000001101100111001
000000000000000000000000001101101111110
000000000000000000000000001101111000011
000000000000000000000000001110000001000
000000000000000000000000001110001001101
000000000000000000000000001110010010010
000000000000000000000000001110011010111
000000000000000000000000001110100011100
000000000000000000000000001110101100001
000000000000000000000000001110110100110
000000000000000000000000001110111101011
000000000000000000000000001111000110000
000000000000000000000000001111001110101
000000000000000000000000001111010111010
000000000000000000000000001111011111111
000000000000000000000000001111101000100
000000000000000000000000001111110001001
000000000000000000000000001111111001110
000000000000000000000000010000000010011
000000000000000000000000010000001011000
000000000000000000000000010000010011101
000000000000000000000000010000011100010
000000000000000000000000010000100100111
000000000000000000000000010000101101100
000000000000000000000000010000110110001
000000000000000000000000010000111110110
000000000000000000000000010001000111011
000000000000000000000000010001010000000
000000000000000000000000010001011000101
000000000000000000000000010001100001010
000000000000000000000000010001101001111
000000000000000000000000010001110010100
000000000000000000000000010001111011001
000000000000000000000000010010000011110
000000000000000000000000010010001100011
000000000000000000000000010010010101000
000000000000000000000000010010011101101
000000000000000000000000010010100110010
000000000000000000000000010010101110111
000000000000000000000000010010110111100
000000000000000000000000010011000000001
000000000000000000000000010011001000110
000000000000000000000000010011010001011
000000000000000000000000010011011010000
000000000000000000000000010011100010101
000000000000000000000000010011101011010
000000000000000000000000010011110011111
000000000000000000000000010011111100100
000000000000000000000000010100000101001
000000000000000000000000010100001101110
000000000000000000000000010100010110011
000000000000000000000000010100011111000
000000000000000000000000010100100111101
000000000000000000000000010100110000010
000000000000000000000000010100111000111
000000000000000000000000010101000001100
000000000000000000000000010101001010001
000000000000000000000000010101010010110
000000000000000000000000010101011011011
000000000000000000000000010101100100000
000000000000000000000000010101101100101
000000000000000000000000010101110101010
000000000000000000000000010101111101111
000000000000000000000000010110000110100
000000000000000000000000010110001111001
000000000000000000000000010110010111110
000000000000000000000000010110100000011
000000000000000000000000010110101001000
000000000000000000000000010110110001101
000000000000000000000000010110111010010
000000000000000000000000010111000010111
000000000000000000000000010111001011100
000000000000000000000000010111010100001
000000000000000000000000010111011100110
000000000000000000000000010111100101011
000000000000000000000000010111101110000
000000000000000000000000010111110110101
000000000000000000000000010111111111010
000000000000000000000000011000000111111
000000000000000000000000011000010000100
000000000000000000000000011000011001001
000000000000000000000000011000100001110
000000000000000000000000011000101010011
000000000000000000000000011000110011000
000000000000000000000000011000111011101
000000000000000000000000011001000100010
000000000000000000000000011001001100111
000000000000000000000000011001010101100
000000000000000000000000011001011110001
000000000000000000000000011001100110110
000000000000000000000000011001101111011
000000000000000000000000011001111000000
000000000000000000000000011010000000101
000000000000000000000000011010001001010
000000000000000000000000011010010001111
000000000000000000000000011010011010100
000000000000000000000000011010100011001
000000000000000000000000011010101011110
000000000000000000000000011010110100011
000000000000000000000000011010111101000
000000000000000000000000011011000101101
000000000000000000000000011011001110010
000000000000000000000000011011010110111
000000000000000000000000011011011111100
000000000000000000000000011011101000001
000000000000000000000000011011110000110
000000000000000000000000011011111001011
000000000000000000000000011100000010000
000000000000000000000000011100001010101
000000000000000000000000011100010011010
000000000000000000000000011100011011111
000000000000000000000000011100100100100
000000000000000000000000011100101101001
000000000000000000000000011100110101110
000000000000000000000000011100111110011
000000000000000000000000011101000111000
000000000000000000000000011101001111101
000000000000000000000000011101011000010
000000000000000000000000011101100000111
000000000000000000000000011101101001100
000000000000000000000000011101110010001
000000000000000000000000011101111010110
000000000000000000000000011110000011011
000000000000000000000000011110001100000
000000000000000000000000011110010100101
000000000000000000000000011110011101010
000000000000000000000000011110100101111
000000000000000000000000011110101110100
000000000000000000000000011110110111001
000000000000000000000000011110111111110
000000000000000000000000011111001000011
000000000000000000000000011111010001000
000000000000000000000000011111011001101
000000000000000000000000011111100010010
000000000000000000000000011111101010111
000000000000000000000000011111110011100
000000000000000000000000011111111100001
000000000000000000000000100000000100110
000000000000000000000000100000001101011
000000000000000000000000100000010110000
000000000000000000000000100000011110101
000000000000000000000000100000100111010
000000000000000000000000100000101111111
000000000000000000000000100000111000100
000000000000000000000000100001000001001
000000000000000000000000100001001001110
000000000000000000000000100001010010011
000000000000000000000000100001011011000
000000000000000000000000100001100011101
000000000000000000000000100001101100010
000000000000000000000000100001110100111
000000000000000000000000100001111101100
000000000000000000000000100010000110001
000000000000000000000000100010001110110
000000000000000000000000100010010111011
