000000000000000000000000000000000000000
111111111111111111111111111111100011100
111111111111111111111111111111000111000
111111111111111111111111111110101010100
111111111111111111111111111110001110000
111111111111111111111111111101110001100
111111111111111111111111111101010101000
111111111111111111111111111100111000100
111111111111111111111111111100011100000
111111111111111111111111111011111111100
111111111111111111111111111011100011000
111111111111111111111111111011000110100
111111111111111111111111111010101010000
111111111111111111111111111010001101100
111111111111111111111111111001110001000
111111111111111111111111111001010100100
111111111111111111111111111000111000000
111111111111111111111111111000011011100
111111111111111111111111110111111111000
111111111111111111111111110111100010100
111111111111111111111111110111000110000
111111111111111111111111110110101001100
111111111111111111111111110110001101000
111111111111111111111111110101110000100
111111111111111111111111110101010100000
111111111111111111111111110100110111100
111111111111111111111111110100011011000
111111111111111111111111110011111110100
111111111111111111111111110011100010000
111111111111111111111111110011000101100
111111111111111111111111110010101001000
111111111111111111111111110010001100100
111111111111111111111111110001110000000
111111111111111111111111110001010011100
111111111111111111111111110000110111000
111111111111111111111111110000011010100
111111111111111111111111101111111110000
111111111111111111111111101111100001100
111111111111111111111111101111000101000
111111111111111111111111101110101000100
111111111111111111111111101110001100000
111111111111111111111111101101101111100
111111111111111111111111101101010011000
111111111111111111111111101100110110100
111111111111111111111111101100011010000
111111111111111111111111101011111101100
111111111111111111111111101011100001000
111111111111111111111111101011000100100
111111111111111111111111101010101000000
111111111111111111111111101010001011100
111111111111111111111111101001101111000
111111111111111111111111101001010010100
111111111111111111111111101000110110000
111111111111111111111111101000011001100
111111111111111111111111100111111101000
111111111111111111111111100111100000100
111111111111111111111111100111000100000
111111111111111111111111100110100111100
111111111111111111111111100110001011000
111111111111111111111111100101101110100
111111111111111111111111100101010010000
111111111111111111111111100100110101100
111111111111111111111111100100011001000
111111111111111111111111100011111100100
111111111111111111111111100011100000000
111111111111111111111111100011000011100
111111111111111111111111100010100111000
111111111111111111111111100010001010100
111111111111111111111111100001101110000
111111111111111111111111100001010001100
111111111111111111111111100000110101000
111111111111111111111111100000011000100
111111111111111111111111011111111100000
111111111111111111111111011111011111100
111111111111111111111111011111000011000
111111111111111111111111011110100110100
111111111111111111111111011110001010000
111111111111111111111111011101101101100
111111111111111111111111011101010001000
111111111111111111111111011100110100100
111111111111111111111111011100011000000
111111111111111111111111011011111011100
111111111111111111111111011011011111000
111111111111111111111111011011000010100
111111111111111111111111011010100110000
111111111111111111111111011010001001100
111111111111111111111111011001101101000
111111111111111111111111011001010000100
111111111111111111111111011000110100000
111111111111111111111111011000010111100
111111111111111111111111010111111011000
111111111111111111111111010111011110100
111111111111111111111111010111000010000
111111111111111111111111010110100101100
111111111111111111111111010110001001000
111111111111111111111111010101101100100
111111111111111111111111010101010000000
111111111111111111111111010100110011100
111111111111111111111111010100010111000
111111111111111111111111010011111010100
111111111111111111111111010011011110000
111111111111111111111111010011000001100
111111111111111111111111010010100101000
111111111111111111111111010010001000100
111111111111111111111111010001101100000
111111111111111111111111010001001111100
111111111111111111111111010000110011000
111111111111111111111111010000010110100
111111111111111111111111001111111010000
111111111111111111111111001111011101100
111111111111111111111111001111000001000
111111111111111111111111001110100100100
111111111111111111111111001110001000000
111111111111111111111111001101101011100
111111111111111111111111001101001111000
111111111111111111111111001100110010100
111111111111111111111111001100010110000
111111111111111111111111001011111001100
111111111111111111111111001011011101000
111111111111111111111111001011000000100
111111111111111111111111001010100100000
111111111111111111111111001010000111100
111111111111111111111111001001101011000
111111111111111111111111001001001110100
111111111111111111111111001000110010000
111111111111111111111111001000010101100
111111111111111111111111000111111001000
111111111111111111111111000111011100100
111111111111111111111111000111000000000
111111111111111111111111000110100011100
111111111111111111111111000110000111000
111111111111111111111111000101101010100
111111111111111111111111000101001110000
111111111111111111111111000100110001100
111111111111111111111111000100010101000
111111111111111111111111000011111000100
111111111111111111111111000011011100000
111111111111111111111111000010111111100
111111111111111111111111000010100011000
111111111111111111111111000010000110100
111111111111111111111111000001101010000
111111111111111111111111000001001101100
111111111111111111111111000000110001000
111111111111111111111111000000010100100
111111111111111111111110111111111000000
111111111111111111111110111111011011100
111111111111111111111110111110111111000
111111111111111111111110111110100010100
111111111111111111111110111110000110000
111111111111111111111110111101101001100
111111111111111111111110111101001101000
111111111111111111111110111100110000100
111111111111111111111110111100010100000
111111111111111111111110111011110111100
111111111111111111111110111011011011000
111111111111111111111110111010111110100
111111111111111111111110111010100010000
111111111111111111111110111010000101100
111111111111111111111110111001101001000
111111111111111111111110111001001100100
111111111111111111111110111000110000000
111111111111111111111110111000010011100
111111111111111111111110110111110111000
111111111111111111111110110111011010100
111111111111111111111110110110111110000
111111111111111111111110110110100001100
111111111111111111111110110110000101000
111111111111111111111110110101101000100
111111111111111111111110110101001100000
111111111111111111111110110100101111100
111111111111111111111110110100010011000
111111111111111111111110110011110110100
111111111111111111111110110011011010000
111111111111111111111110110010111101100
111111111111111111111110110010100001000
111111111111111111111110110010000100100
111111111111111111111110110001101000000
111111111111111111111110110001001011100
111111111111111111111110110000101111000
111111111111111111111110110000010010100
111111111111111111111110101111110110000
111111111111111111111110101111011001100
111111111111111111111110101110111101000
111111111111111111111110101110100000100
111111111111111111111110101110000100000
111111111111111111111110101101100111100
111111111111111111111110101101001011000
111111111111111111111110101100101110100
111111111111111111111110101100010010000
111111111111111111111110101011110101100
111111111111111111111110101011011001000
111111111111111111111110101010111100100
111111111111111111111110101010100000000
111111111111111111111110101010000011100
111111111111111111111110101001100111000
111111111111111111111110101001001010100
111111111111111111111110101000101110000
111111111111111111111110101000010001100
111111111111111111111110100111110101000
111111111111111111111110100111011000100
111111111111111111111110100110111100000
111111111111111111111110100110011111100
111111111111111111111110100110000011000
111111111111111111111110100101100110100
111111111111111111111110100101001010000
111111111111111111111110100100101101100
111111111111111111111110100100010001000
111111111111111111111110100011110100100
111111111111111111111110100011011000000
111111111111111111111110100010111011100
111111111111111111111110100010011111000
111111111111111111111110100010000010100
111111111111111111111110100001100110000
111111111111111111111110100001001001100
111111111111111111111110100000101101000
111111111111111111111110100000010000100
111111111111111111111110011111110100000
111111111111111111111110011111010111100
111111111111111111111110011110111011000
111111111111111111111110011110011110100
111111111111111111111110011110000010000
111111111111111111111110011101100101100
111111111111111111111110011101001001000
111111111111111111111110011100101100100
111111111111111111111110011100010000000
111111111111111111111110011011110011100
111111111111111111111110011011010111000
111111111111111111111110011010111010100
111111111111111111111110011010011110000
111111111111111111111110011010000001100
111111111111111111111110011001100101000
111111111111111111111110011001001000100
111111111111111111111110011000101100000
111111111111111111111110011000001111100
111111111111111111111110010111110011000
111111111111111111111110010111010110100
111111111111111111111110010110111010000
111111111111111111111110010110011101100
111111111111111111111110010110000001000
111111111111111111111110010101100100100
111111111111111111111110010101001000000
111111111111111111111110010100101011100
111111111111111111111110010100001111000
111111111111111111111110010011110010100
111111111111111111111110010011010110000
111111111111111111111110010010111001100
111111111111111111111110010010011101000
111111111111111111111110010010000000100
111111111111111111111110010001100100000
111111111111111111111110010001000111100
111111111111111111111110010000101011000
111111111111111111111110010000001110100
111111111111111111111110001111110010000
111111111111111111111110001111010101100
111111111111111111111110001110111001000
111111111111111111111110001110011100100
