000000000000000000000000000000000000000
111111111111111111111111111111111001001
111111111111111111111111111111110010010
111111111111111111111111111111101011011
111111111111111111111111111111100100100
111111111111111111111111111111011101101
111111111111111111111111111111010110110
111111111111111111111111111111001111111
111111111111111111111111111111001001000
111111111111111111111111111111000010001
111111111111111111111111111110111011010
111111111111111111111111111110110100011
111111111111111111111111111110101101100
111111111111111111111111111110100110101
111111111111111111111111111110011111110
111111111111111111111111111110011000111
111111111111111111111111111110010010000
111111111111111111111111111110001011001
111111111111111111111111111110000100010
111111111111111111111111111101111101011
111111111111111111111111111101110110100
111111111111111111111111111101101111101
111111111111111111111111111101101000110
111111111111111111111111111101100001111
111111111111111111111111111101011011000
111111111111111111111111111101010100001
111111111111111111111111111101001101010
111111111111111111111111111101000110011
111111111111111111111111111100111111100
111111111111111111111111111100111000101
111111111111111111111111111100110001110
111111111111111111111111111100101010111
111111111111111111111111111100100100000
111111111111111111111111111100011101001
111111111111111111111111111100010110010
111111111111111111111111111100001111011
111111111111111111111111111100001000100
111111111111111111111111111100000001101
111111111111111111111111111011111010110
111111111111111111111111111011110011111
111111111111111111111111111011101101000
111111111111111111111111111011100110001
111111111111111111111111111011011111010
111111111111111111111111111011011000011
111111111111111111111111111011010001100
111111111111111111111111111011001010101
111111111111111111111111111011000011110
111111111111111111111111111010111100111
111111111111111111111111111010110110000
111111111111111111111111111010101111001
111111111111111111111111111010101000010
111111111111111111111111111010100001011
111111111111111111111111111010011010100
111111111111111111111111111010010011101
111111111111111111111111111010001100110
111111111111111111111111111010000101111
111111111111111111111111111001111111000
111111111111111111111111111001111000001
111111111111111111111111111001110001010
111111111111111111111111111001101010011
111111111111111111111111111001100011100
111111111111111111111111111001011100101
111111111111111111111111111001010101110
111111111111111111111111111001001110111
111111111111111111111111111001001000000
111111111111111111111111111001000001001
111111111111111111111111111000111010010
111111111111111111111111111000110011011
111111111111111111111111111000101100100
111111111111111111111111111000100101101
111111111111111111111111111000011110110
111111111111111111111111111000010111111
111111111111111111111111111000010001000
111111111111111111111111111000001010001
111111111111111111111111111000000011010
111111111111111111111111110111111100011
111111111111111111111111110111110101100
111111111111111111111111110111101110101
111111111111111111111111110111100111110
111111111111111111111111110111100000111
111111111111111111111111110111011010000
111111111111111111111111110111010011001
111111111111111111111111110111001100010
111111111111111111111111110111000101011
111111111111111111111111110110111110100
111111111111111111111111110110110111101
111111111111111111111111110110110000110
111111111111111111111111110110101001111
111111111111111111111111110110100011000
111111111111111111111111110110011100001
111111111111111111111111110110010101010
111111111111111111111111110110001110011
111111111111111111111111110110000111100
111111111111111111111111110110000000101
111111111111111111111111110101111001110
111111111111111111111111110101110010111
111111111111111111111111110101101100000
111111111111111111111111110101100101001
111111111111111111111111110101011110010
111111111111111111111111110101010111011
111111111111111111111111110101010000100
111111111111111111111111110101001001101
111111111111111111111111110101000010110
111111111111111111111111110100111011111
111111111111111111111111110100110101000
111111111111111111111111110100101110001
111111111111111111111111110100100111010
111111111111111111111111110100100000011
111111111111111111111111110100011001100
111111111111111111111111110100010010101
111111111111111111111111110100001011110
111111111111111111111111110100000100111
111111111111111111111111110011111110000
111111111111111111111111110011110111001
111111111111111111111111110011110000010
111111111111111111111111110011101001011
111111111111111111111111110011100010100
111111111111111111111111110011011011101
111111111111111111111111110011010100110
111111111111111111111111110011001101111
111111111111111111111111110011000111000
111111111111111111111111110011000000001
111111111111111111111111110010111001010
111111111111111111111111110010110010011
111111111111111111111111110010101011100
111111111111111111111111110010100100101
111111111111111111111111110010011101110
111111111111111111111111110010010110111
111111111111111111111111110010010000000
111111111111111111111111110010001001001
111111111111111111111111110010000010010
111111111111111111111111110001111011011
111111111111111111111111110001110100100
111111111111111111111111110001101101101
111111111111111111111111110001100110110
111111111111111111111111110001011111111
111111111111111111111111110001011001000
111111111111111111111111110001010010001
111111111111111111111111110001001011010
111111111111111111111111110001000100011
111111111111111111111111110000111101100
111111111111111111111111110000110110101
111111111111111111111111110000101111110
111111111111111111111111110000101000111
111111111111111111111111110000100010000
111111111111111111111111110000011011001
111111111111111111111111110000010100010
111111111111111111111111110000001101011
111111111111111111111111110000000110100
111111111111111111111111101111111111101
111111111111111111111111101111111000110
111111111111111111111111101111110001111
111111111111111111111111101111101011000
111111111111111111111111101111100100001
111111111111111111111111101111011101010
111111111111111111111111101111010110011
111111111111111111111111101111001111100
111111111111111111111111101111001000101
111111111111111111111111101111000001110
111111111111111111111111101110111010111
111111111111111111111111101110110100000
111111111111111111111111101110101101001
111111111111111111111111101110100110010
111111111111111111111111101110011111011
111111111111111111111111101110011000100
111111111111111111111111101110010001101
111111111111111111111111101110001010110
111111111111111111111111101110000011111
111111111111111111111111101101111101000
111111111111111111111111101101110110001
111111111111111111111111101101101111010
111111111111111111111111101101101000011
111111111111111111111111101101100001100
111111111111111111111111101101011010101
111111111111111111111111101101010011110
111111111111111111111111101101001100111
111111111111111111111111101101000110000
111111111111111111111111101100111111001
111111111111111111111111101100111000010
111111111111111111111111101100110001011
111111111111111111111111101100101010100
111111111111111111111111101100100011101
111111111111111111111111101100011100110
111111111111111111111111101100010101111
111111111111111111111111101100001111000
111111111111111111111111101100001000001
111111111111111111111111101100000001010
111111111111111111111111101011111010011
111111111111111111111111101011110011100
111111111111111111111111101011101100101
111111111111111111111111101011100101110
111111111111111111111111101011011110111
111111111111111111111111101011011000000
111111111111111111111111101011010001001
111111111111111111111111101011001010010
111111111111111111111111101011000011011
111111111111111111111111101010111100100
111111111111111111111111101010110101101
111111111111111111111111101010101110110
111111111111111111111111101010100111111
111111111111111111111111101010100001000
111111111111111111111111101010011010001
111111111111111111111111101010010011010
111111111111111111111111101010001100011
111111111111111111111111101010000101100
111111111111111111111111101001111110101
111111111111111111111111101001110111110
111111111111111111111111101001110000111
111111111111111111111111101001101010000
111111111111111111111111101001100011001
111111111111111111111111101001011100010
111111111111111111111111101001010101011
111111111111111111111111101001001110100
111111111111111111111111101001000111101
111111111111111111111111101001000000110
111111111111111111111111101000111001111
111111111111111111111111101000110011000
111111111111111111111111101000101100001
111111111111111111111111101000100101010
111111111111111111111111101000011110011
111111111111111111111111101000010111100
111111111111111111111111101000010000101
111111111111111111111111101000001001110
111111111111111111111111101000000010111
111111111111111111111111100111111100000
111111111111111111111111100111110101001
111111111111111111111111100111101110010
111111111111111111111111100111100111011
111111111111111111111111100111100000100
111111111111111111111111100111011001101
111111111111111111111111100111010010110
111111111111111111111111100111001011111
111111111111111111111111100111000101000
111111111111111111111111100110111110001
111111111111111111111111100110110111010
111111111111111111111111100110110000011
111111111111111111111111100110101001100
111111111111111111111111100110100010101
111111111111111111111111100110011011110
111111111111111111111111100110010100111
111111111111111111111111100110001110000
111111111111111111111111100110000111001
111111111111111111111111100110000000010
111111111111111111111111100101111001011
111111111111111111111111100101110010100
111111111111111111111111100101101011101
111111111111111111111111100101100100110
111111111111111111111111100101011101111
111111111111111111111111100101010111000
111111111111111111111111100101010000001
111111111111111111111111100101001001010
111111111111111111111111100101000010011
111111111111111111111111100100111011100
111111111111111111111111100100110100101
111111111111111111111111100100101101110
111111111111111111111111100100100110111
