000000000000000000000000000000000000000
000000000000000000000000000000011011111
000000000000000000000000000000110111110
000000000000000000000000000001010011101
000000000000000000000000000001101111100
000000000000000000000000000010001011011
000000000000000000000000000010100111010
000000000000000000000000000011000011001
000000000000000000000000000011011111000
000000000000000000000000000011111010111
000000000000000000000000000100010110110
000000000000000000000000000100110010101
000000000000000000000000000101001110100
000000000000000000000000000101101010011
000000000000000000000000000110000110010
000000000000000000000000000110100010001
000000000000000000000000000110111110000
000000000000000000000000000111011001111
000000000000000000000000000111110101110
000000000000000000000000001000010001101
000000000000000000000000001000101101100
000000000000000000000000001001001001011
000000000000000000000000001001100101010
000000000000000000000000001010000001001
000000000000000000000000001010011101000
000000000000000000000000001010111000111
000000000000000000000000001011010100110
000000000000000000000000001011110000101
000000000000000000000000001100001100100
000000000000000000000000001100101000011
000000000000000000000000001101000100010
000000000000000000000000001101100000001
000000000000000000000000001101111100000
000000000000000000000000001110010111111
000000000000000000000000001110110011110
000000000000000000000000001111001111101
000000000000000000000000001111101011100
000000000000000000000000010000000111011
000000000000000000000000010000100011010
000000000000000000000000010000111111001
000000000000000000000000010001011011000
000000000000000000000000010001110110111
000000000000000000000000010010010010110
000000000000000000000000010010101110101
000000000000000000000000010011001010100
000000000000000000000000010011100110011
000000000000000000000000010100000010010
000000000000000000000000010100011110001
000000000000000000000000010100111010000
000000000000000000000000010101010101111
000000000000000000000000010101110001110
000000000000000000000000010110001101101
000000000000000000000000010110101001100
000000000000000000000000010111000101011
000000000000000000000000010111100001010
000000000000000000000000010111111101001
000000000000000000000000011000011001000
000000000000000000000000011000110100111
000000000000000000000000011001010000110
000000000000000000000000011001101100101
000000000000000000000000011010001000100
000000000000000000000000011010100100011
000000000000000000000000011011000000010
000000000000000000000000011011011100001
000000000000000000000000011011111000000
000000000000000000000000011100010011111
000000000000000000000000011100101111110
000000000000000000000000011101001011101
000000000000000000000000011101100111100
000000000000000000000000011110000011011
000000000000000000000000011110011111010
000000000000000000000000011110111011001
000000000000000000000000011111010111000
000000000000000000000000011111110010111
000000000000000000000000100000001110110
000000000000000000000000100000101010101
000000000000000000000000100001000110100
000000000000000000000000100001100010011
000000000000000000000000100001111110010
000000000000000000000000100010011010001
000000000000000000000000100010110110000
000000000000000000000000100011010001111
000000000000000000000000100011101101110
000000000000000000000000100100001001101
000000000000000000000000100100100101100
000000000000000000000000100101000001011
000000000000000000000000100101011101010
000000000000000000000000100101111001001
000000000000000000000000100110010101000
000000000000000000000000100110110000111
000000000000000000000000100111001100110
000000000000000000000000100111101000101
000000000000000000000000101000000100100
000000000000000000000000101000100000011
000000000000000000000000101000111100010
000000000000000000000000101001011000001
000000000000000000000000101001110100000
000000000000000000000000101010001111111
000000000000000000000000101010101011110
000000000000000000000000101011000111101
000000000000000000000000101011100011100
000000000000000000000000101011111111011
000000000000000000000000101100011011010
000000000000000000000000101100110111001
000000000000000000000000101101010011000
000000000000000000000000101101101110111
000000000000000000000000101110001010110
000000000000000000000000101110100110101
000000000000000000000000101111000010100
000000000000000000000000101111011110011
000000000000000000000000101111111010010
000000000000000000000000110000010110001
000000000000000000000000110000110010000
000000000000000000000000110001001101111
000000000000000000000000110001101001110
000000000000000000000000110010000101101
000000000000000000000000110010100001100
000000000000000000000000110010111101011
000000000000000000000000110011011001010
000000000000000000000000110011110101001
000000000000000000000000110100010001000
000000000000000000000000110100101100111
000000000000000000000000110101001000110
000000000000000000000000110101100100101
000000000000000000000000110110000000100
000000000000000000000000110110011100011
000000000000000000000000110110111000010
000000000000000000000000110111010100001
000000000000000000000000110111110000000
000000000000000000000000111000001011111
000000000000000000000000111000100111110
000000000000000000000000111001000011101
000000000000000000000000111001011111100
000000000000000000000000111001111011011
000000000000000000000000111010010111010
000000000000000000000000111010110011001
000000000000000000000000111011001111000
000000000000000000000000111011101010111
000000000000000000000000111100000110110
000000000000000000000000111100100010101
000000000000000000000000111100111110100
000000000000000000000000111101011010011
000000000000000000000000111101110110010
000000000000000000000000111110010010001
000000000000000000000000111110101110000
000000000000000000000000111111001001111
000000000000000000000000111111100101110
000000000000000000000001000000000001101
000000000000000000000001000000011101100
000000000000000000000001000000111001011
000000000000000000000001000001010101010
000000000000000000000001000001110001001
000000000000000000000001000010001101000
000000000000000000000001000010101000111
000000000000000000000001000011000100110
000000000000000000000001000011100000101
000000000000000000000001000011111100100
000000000000000000000001000100011000011
000000000000000000000001000100110100010
000000000000000000000001000101010000001
000000000000000000000001000101101100000
000000000000000000000001000110000111111
000000000000000000000001000110100011110
000000000000000000000001000110111111101
000000000000000000000001000111011011100
000000000000000000000001000111110111011
000000000000000000000001001000010011010
000000000000000000000001001000101111001
000000000000000000000001001001001011000
000000000000000000000001001001100110111
000000000000000000000001001010000010110
000000000000000000000001001010011110101
000000000000000000000001001010111010100
000000000000000000000001001011010110011
000000000000000000000001001011110010010
000000000000000000000001001100001110001
000000000000000000000001001100101010000
000000000000000000000001001101000101111
000000000000000000000001001101100001110
000000000000000000000001001101111101101
000000000000000000000001001110011001100
000000000000000000000001001110110101011
000000000000000000000001001111010001010
000000000000000000000001001111101101001
000000000000000000000001010000001001000
000000000000000000000001010000100100111
000000000000000000000001010001000000110
000000000000000000000001010001011100101
000000000000000000000001010001111000100
000000000000000000000001010010010100011
000000000000000000000001010010110000010
000000000000000000000001010011001100001
000000000000000000000001010011101000000
000000000000000000000001010100000011111
000000000000000000000001010100011111110
000000000000000000000001010100111011101
000000000000000000000001010101010111100
000000000000000000000001010101110011011
000000000000000000000001010110001111010
000000000000000000000001010110101011001
000000000000000000000001010111000111000
000000000000000000000001010111100010111
000000000000000000000001010111111110110
000000000000000000000001011000011010101
000000000000000000000001011000110110100
000000000000000000000001011001010010011
000000000000000000000001011001101110010
000000000000000000000001011010001010001
000000000000000000000001011010100110000
000000000000000000000001011011000001111
000000000000000000000001011011011101110
000000000000000000000001011011111001101
000000000000000000000001011100010101100
000000000000000000000001011100110001011
000000000000000000000001011101001101010
000000000000000000000001011101101001001
000000000000000000000001011110000101000
000000000000000000000001011110100000111
000000000000000000000001011110111100110
000000000000000000000001011111011000101
000000000000000000000001011111110100100
000000000000000000000001100000010000011
000000000000000000000001100000101100010
000000000000000000000001100001001000001
000000000000000000000001100001100100000
000000000000000000000001100001111111111
000000000000000000000001100010011011110
000000000000000000000001100010110111101
000000000000000000000001100011010011100
000000000000000000000001100011101111011
000000000000000000000001100100001011010
000000000000000000000001100100100111001
000000000000000000000001100101000011000
000000000000000000000001100101011110111
000000000000000000000001100101111010110
000000000000000000000001100110010110101
000000000000000000000001100110110010100
000000000000000000000001100111001110011
000000000000000000000001100111101010010
000000000000000000000001101000000110001
000000000000000000000001101000100010000
000000000000000000000001101000111101111
000000000000000000000001101001011001110
000000000000000000000001101001110101101
000000000000000000000001101010010001100
000000000000000000000001101010101101011
000000000000000000000001101011001001010
000000000000000000000001101011100101001
000000000000000000000001101100000001000
000000000000000000000001101100011100111
000000000000000000000001101100111000110
000000000000000000000001101101010100101
000000000000000000000001101101110000100
000000000000000000000001101110001100011
000000000000000000000001101110101000010
000000000000000000000001101111000100001
