000000000000000000000000000000000000000
111111111111111111111111111111110101111
111111111111111111111111111111101011110
111111111111111111111111111111100001101
111111111111111111111111111111010111100
111111111111111111111111111111001101011
111111111111111111111111111111000011010
111111111111111111111111111110111001001
111111111111111111111111111110101111000
111111111111111111111111111110100100111
111111111111111111111111111110011010110
111111111111111111111111111110010000101
111111111111111111111111111110000110100
111111111111111111111111111101111100011
111111111111111111111111111101110010010
111111111111111111111111111101101000001
111111111111111111111111111101011110000
111111111111111111111111111101010011111
111111111111111111111111111101001001110
111111111111111111111111111100111111101
111111111111111111111111111100110101100
111111111111111111111111111100101011011
111111111111111111111111111100100001010
111111111111111111111111111100010111001
111111111111111111111111111100001101000
111111111111111111111111111100000010111
111111111111111111111111111011111000110
111111111111111111111111111011101110101
111111111111111111111111111011100100100
111111111111111111111111111011011010011
111111111111111111111111111011010000010
111111111111111111111111111011000110001
111111111111111111111111111010111100000
111111111111111111111111111010110001111
111111111111111111111111111010100111110
111111111111111111111111111010011101101
111111111111111111111111111010010011100
111111111111111111111111111010001001011
111111111111111111111111111001111111010
111111111111111111111111111001110101001
111111111111111111111111111001101011000
111111111111111111111111111001100000111
111111111111111111111111111001010110110
111111111111111111111111111001001100101
111111111111111111111111111001000010100
111111111111111111111111111000111000011
111111111111111111111111111000101110010
111111111111111111111111111000100100001
111111111111111111111111111000011010000
111111111111111111111111111000001111111
111111111111111111111111111000000101110
111111111111111111111111110111111011101
111111111111111111111111110111110001100
111111111111111111111111110111100111011
111111111111111111111111110111011101010
111111111111111111111111110111010011001
111111111111111111111111110111001001000
111111111111111111111111110110111110111
111111111111111111111111110110110100110
111111111111111111111111110110101010101
111111111111111111111111110110100000100
111111111111111111111111110110010110011
111111111111111111111111110110001100010
111111111111111111111111110110000010001
111111111111111111111111110101111000000
111111111111111111111111110101101101111
111111111111111111111111110101100011110
111111111111111111111111110101011001101
111111111111111111111111110101001111100
111111111111111111111111110101000101011
111111111111111111111111110100111011010
111111111111111111111111110100110001001
111111111111111111111111110100100111000
111111111111111111111111110100011100111
111111111111111111111111110100010010110
111111111111111111111111110100001000101
111111111111111111111111110011111110100
111111111111111111111111110011110100011
111111111111111111111111110011101010010
111111111111111111111111110011100000001
111111111111111111111111110011010110000
111111111111111111111111110011001011111
111111111111111111111111110011000001110
111111111111111111111111110010110111101
111111111111111111111111110010101101100
111111111111111111111111110010100011011
111111111111111111111111110010011001010
111111111111111111111111110010001111001
111111111111111111111111110010000101000
111111111111111111111111110001111010111
111111111111111111111111110001110000110
111111111111111111111111110001100110101
111111111111111111111111110001011100100
111111111111111111111111110001010010011
111111111111111111111111110001001000010
111111111111111111111111110000111110001
111111111111111111111111110000110100000
111111111111111111111111110000101001111
111111111111111111111111110000011111110
111111111111111111111111110000010101101
111111111111111111111111110000001011100
111111111111111111111111110000000001011
111111111111111111111111101111110111010
111111111111111111111111101111101101001
111111111111111111111111101111100011000
111111111111111111111111101111011000111
111111111111111111111111101111001110110
111111111111111111111111101111000100101
111111111111111111111111101110111010100
111111111111111111111111101110110000011
111111111111111111111111101110100110010
111111111111111111111111101110011100001
111111111111111111111111101110010010000
111111111111111111111111101110000111111
111111111111111111111111101101111101110
111111111111111111111111101101110011101
111111111111111111111111101101101001100
111111111111111111111111101101011111011
111111111111111111111111101101010101010
111111111111111111111111101101001011001
111111111111111111111111101101000001000
111111111111111111111111101100110110111
111111111111111111111111101100101100110
111111111111111111111111101100100010101
111111111111111111111111101100011000100
111111111111111111111111101100001110011
111111111111111111111111101100000100010
111111111111111111111111101011111010001
111111111111111111111111101011110000000
111111111111111111111111101011100101111
111111111111111111111111101011011011110
111111111111111111111111101011010001101
111111111111111111111111101011000111100
111111111111111111111111101010111101011
111111111111111111111111101010110011010
111111111111111111111111101010101001001
111111111111111111111111101010011111000
111111111111111111111111101010010100111
111111111111111111111111101010001010110
111111111111111111111111101010000000101
111111111111111111111111101001110110100
111111111111111111111111101001101100011
111111111111111111111111101001100010010
111111111111111111111111101001011000001
111111111111111111111111101001001110000
111111111111111111111111101001000011111
111111111111111111111111101000111001110
111111111111111111111111101000101111101
111111111111111111111111101000100101100
111111111111111111111111101000011011011
111111111111111111111111101000010001010
111111111111111111111111101000000111001
111111111111111111111111100111111101000
111111111111111111111111100111110010111
111111111111111111111111100111101000110
111111111111111111111111100111011110101
111111111111111111111111100111010100100
111111111111111111111111100111001010011
111111111111111111111111100111000000010
111111111111111111111111100110110110001
111111111111111111111111100110101100000
111111111111111111111111100110100001111
111111111111111111111111100110010111110
111111111111111111111111100110001101101
111111111111111111111111100110000011100
111111111111111111111111100101111001011
111111111111111111111111100101101111010
111111111111111111111111100101100101001
111111111111111111111111100101011011000
111111111111111111111111100101010000111
111111111111111111111111100101000110110
111111111111111111111111100100111100101
111111111111111111111111100100110010100
111111111111111111111111100100101000011
111111111111111111111111100100011110010
111111111111111111111111100100010100001
111111111111111111111111100100001010000
111111111111111111111111100011111111111
111111111111111111111111100011110101110
111111111111111111111111100011101011101
111111111111111111111111100011100001100
111111111111111111111111100011010111011
111111111111111111111111100011001101010
111111111111111111111111100011000011001
111111111111111111111111100010111001000
111111111111111111111111100010101110111
111111111111111111111111100010100100110
111111111111111111111111100010011010101
111111111111111111111111100010010000100
111111111111111111111111100010000110011
111111111111111111111111100001111100010
111111111111111111111111100001110010001
111111111111111111111111100001101000000
111111111111111111111111100001011101111
111111111111111111111111100001010011110
111111111111111111111111100001001001101
111111111111111111111111100000111111100
111111111111111111111111100000110101011
111111111111111111111111100000101011010
111111111111111111111111100000100001001
111111111111111111111111100000010111000
111111111111111111111111100000001100111
111111111111111111111111100000000010110
111111111111111111111111011111111000101
111111111111111111111111011111101110100
111111111111111111111111011111100100011
111111111111111111111111011111011010010
111111111111111111111111011111010000001
111111111111111111111111011111000110000
111111111111111111111111011110111011111
111111111111111111111111011110110001110
111111111111111111111111011110100111101
111111111111111111111111011110011101100
111111111111111111111111011110010011011
111111111111111111111111011110001001010
111111111111111111111111011101111111001
111111111111111111111111011101110101000
111111111111111111111111011101101010111
111111111111111111111111011101100000110
111111111111111111111111011101010110101
111111111111111111111111011101001100100
111111111111111111111111011101000010011
111111111111111111111111011100111000010
111111111111111111111111011100101110001
111111111111111111111111011100100100000
111111111111111111111111011100011001111
111111111111111111111111011100001111110
111111111111111111111111011100000101101
111111111111111111111111011011111011100
111111111111111111111111011011110001011
111111111111111111111111011011100111010
111111111111111111111111011011011101001
111111111111111111111111011011010011000
111111111111111111111111011011001000111
111111111111111111111111011010111110110
111111111111111111111111011010110100101
111111111111111111111111011010101010100
111111111111111111111111011010100000011
111111111111111111111111011010010110010
111111111111111111111111011010001100001
111111111111111111111111011010000010000
111111111111111111111111011001110111111
111111111111111111111111011001101101110
111111111111111111111111011001100011101
111111111111111111111111011001011001100
111111111111111111111111011001001111011
111111111111111111111111011001000101010
111111111111111111111111011000111011001
111111111111111111111111011000110001000
111111111111111111111111011000100110111
111111111111111111111111011000011100110
111111111111111111111111011000010010101
111111111111111111111111011000001000100
111111111111111111111111010111111110011
111111111111111111111111010111110100010
111111111111111111111111010111101010001
