000000000000000000000000000000000000000
000000000000000000000000000000000110111
000000000000000000000000000000001101110
000000000000000000000000000000010100101
000000000000000000000000000000011011100
000000000000000000000000000000100010011
000000000000000000000000000000101001010
000000000000000000000000000000110000001
000000000000000000000000000000110111000
000000000000000000000000000000111101111
000000000000000000000000000001000100110
000000000000000000000000000001001011101
000000000000000000000000000001010010100
000000000000000000000000000001011001011
000000000000000000000000000001100000010
000000000000000000000000000001100111001
000000000000000000000000000001101110000
000000000000000000000000000001110100111
000000000000000000000000000001111011110
000000000000000000000000000010000010101
000000000000000000000000000010001001100
000000000000000000000000000010010000011
000000000000000000000000000010010111010
000000000000000000000000000010011110001
000000000000000000000000000010100101000
000000000000000000000000000010101011111
000000000000000000000000000010110010110
000000000000000000000000000010111001101
000000000000000000000000000011000000100
000000000000000000000000000011000111011
000000000000000000000000000011001110010
000000000000000000000000000011010101001
000000000000000000000000000011011100000
000000000000000000000000000011100010111
000000000000000000000000000011101001110
000000000000000000000000000011110000101
000000000000000000000000000011110111100
000000000000000000000000000011111110011
000000000000000000000000000100000101010
000000000000000000000000000100001100001
000000000000000000000000000100010011000
000000000000000000000000000100011001111
000000000000000000000000000100100000110
000000000000000000000000000100100111101
000000000000000000000000000100101110100
000000000000000000000000000100110101011
000000000000000000000000000100111100010
000000000000000000000000000101000011001
000000000000000000000000000101001010000
000000000000000000000000000101010000111
000000000000000000000000000101010111110
000000000000000000000000000101011110101
000000000000000000000000000101100101100
000000000000000000000000000101101100011
000000000000000000000000000101110011010
000000000000000000000000000101111010001
000000000000000000000000000110000001000
000000000000000000000000000110000111111
000000000000000000000000000110001110110
000000000000000000000000000110010101101
000000000000000000000000000110011100100
000000000000000000000000000110100011011
000000000000000000000000000110101010010
000000000000000000000000000110110001001
000000000000000000000000000110111000000
000000000000000000000000000110111110111
000000000000000000000000000111000101110
000000000000000000000000000111001100101
000000000000000000000000000111010011100
000000000000000000000000000111011010011
000000000000000000000000000111100001010
000000000000000000000000000111101000001
000000000000000000000000000111101111000
000000000000000000000000000111110101111
000000000000000000000000000111111100110
000000000000000000000000001000000011101
000000000000000000000000001000001010100
000000000000000000000000001000010001011
000000000000000000000000001000011000010
000000000000000000000000001000011111001
000000000000000000000000001000100110000
000000000000000000000000001000101100111
000000000000000000000000001000110011110
000000000000000000000000001000111010101
000000000000000000000000001001000001100
000000000000000000000000001001001000011
000000000000000000000000001001001111010
000000000000000000000000001001010110001
000000000000000000000000001001011101000
000000000000000000000000001001100011111
000000000000000000000000001001101010110
000000000000000000000000001001110001101
000000000000000000000000001001111000100
000000000000000000000000001001111111011
000000000000000000000000001010000110010
000000000000000000000000001010001101001
000000000000000000000000001010010100000
000000000000000000000000001010011010111
000000000000000000000000001010100001110
000000000000000000000000001010101000101
000000000000000000000000001010101111100
000000000000000000000000001010110110011
000000000000000000000000001010111101010
000000000000000000000000001011000100001
000000000000000000000000001011001011000
000000000000000000000000001011010001111
000000000000000000000000001011011000110
000000000000000000000000001011011111101
000000000000000000000000001011100110100
000000000000000000000000001011101101011
000000000000000000000000001011110100010
000000000000000000000000001011111011001
000000000000000000000000001100000010000
000000000000000000000000001100001000111
000000000000000000000000001100001111110
000000000000000000000000001100010110101
000000000000000000000000001100011101100
000000000000000000000000001100100100011
000000000000000000000000001100101011010
000000000000000000000000001100110010001
000000000000000000000000001100111001000
000000000000000000000000001100111111111
000000000000000000000000001101000110110
000000000000000000000000001101001101101
000000000000000000000000001101010100100
000000000000000000000000001101011011011
000000000000000000000000001101100010010
000000000000000000000000001101101001001
000000000000000000000000001101110000000
000000000000000000000000001101110110111
000000000000000000000000001101111101110
000000000000000000000000001110000100101
000000000000000000000000001110001011100
000000000000000000000000001110010010011
000000000000000000000000001110011001010
000000000000000000000000001110100000001
000000000000000000000000001110100111000
000000000000000000000000001110101101111
000000000000000000000000001110110100110
000000000000000000000000001110111011101
000000000000000000000000001111000010100
000000000000000000000000001111001001011
000000000000000000000000001111010000010
000000000000000000000000001111010111001
000000000000000000000000001111011110000
000000000000000000000000001111100100111
000000000000000000000000001111101011110
000000000000000000000000001111110010101
000000000000000000000000001111111001100
000000000000000000000000010000000000011
000000000000000000000000010000000111010
000000000000000000000000010000001110001
000000000000000000000000010000010101000
000000000000000000000000010000011011111
000000000000000000000000010000100010110
000000000000000000000000010000101001101
000000000000000000000000010000110000100
000000000000000000000000010000110111011
000000000000000000000000010000111110010
000000000000000000000000010001000101001
000000000000000000000000010001001100000
000000000000000000000000010001010010111
000000000000000000000000010001011001110
000000000000000000000000010001100000101
000000000000000000000000010001100111100
000000000000000000000000010001101110011
000000000000000000000000010001110101010
000000000000000000000000010001111100001
000000000000000000000000010010000011000
000000000000000000000000010010001001111
000000000000000000000000010010010000110
000000000000000000000000010010010111101
000000000000000000000000010010011110100
000000000000000000000000010010100101011
000000000000000000000000010010101100010
000000000000000000000000010010110011001
000000000000000000000000010010111010000
000000000000000000000000010011000000111
000000000000000000000000010011000111110
000000000000000000000000010011001110101
000000000000000000000000010011010101100
000000000000000000000000010011011100011
000000000000000000000000010011100011010
000000000000000000000000010011101010001
000000000000000000000000010011110001000
000000000000000000000000010011110111111
000000000000000000000000010011111110110
000000000000000000000000010100000101101
000000000000000000000000010100001100100
000000000000000000000000010100010011011
000000000000000000000000010100011010010
000000000000000000000000010100100001001
000000000000000000000000010100101000000
000000000000000000000000010100101110111
000000000000000000000000010100110101110
000000000000000000000000010100111100101
000000000000000000000000010101000011100
000000000000000000000000010101001010011
000000000000000000000000010101010001010
000000000000000000000000010101011000001
000000000000000000000000010101011111000
000000000000000000000000010101100101111
000000000000000000000000010101101100110
000000000000000000000000010101110011101
000000000000000000000000010101111010100
000000000000000000000000010110000001011
000000000000000000000000010110001000010
000000000000000000000000010110001111001
000000000000000000000000010110010110000
000000000000000000000000010110011100111
000000000000000000000000010110100011110
000000000000000000000000010110101010101
000000000000000000000000010110110001100
000000000000000000000000010110111000011
000000000000000000000000010110111111010
000000000000000000000000010111000110001
000000000000000000000000010111001101000
000000000000000000000000010111010011111
000000000000000000000000010111011010110
000000000000000000000000010111100001101
000000000000000000000000010111101000100
000000000000000000000000010111101111011
000000000000000000000000010111110110010
000000000000000000000000010111111101001
000000000000000000000000011000000100000
000000000000000000000000011000001010111
000000000000000000000000011000010001110
000000000000000000000000011000011000101
000000000000000000000000011000011111100
000000000000000000000000011000100110011
000000000000000000000000011000101101010
000000000000000000000000011000110100001
000000000000000000000000011000111011000
000000000000000000000000011001000001111
000000000000000000000000011001001000110
000000000000000000000000011001001111101
000000000000000000000000011001010110100
000000000000000000000000011001011101011
000000000000000000000000011001100100010
000000000000000000000000011001101011001
000000000000000000000000011001110010000
000000000000000000000000011001111000111
000000000000000000000000011001111111110
000000000000000000000000011010000110101
000000000000000000000000011010001101100
000000000000000000000000011010010100011
000000000000000000000000011010011011010
000000000000000000000000011010100010001
000000000000000000000000011010101001000
000000000000000000000000011010101111111
000000000000000000000000011010110110110
000000000000000000000000011010111101101
000000000000000000000000011011000100100
000000000000000000000000011011001011011
000000000000000000000000011011010010010
000000000000000000000000011011011001001
