000000000000000000000000000000000000000
000000000000000000000000000000010001010
000000000000000000000000000000100010100
000000000000000000000000000000110011110
000000000000000000000000000001000101000
000000000000000000000000000001010110010
000000000000000000000000000001100111100
000000000000000000000000000001111000110
000000000000000000000000000010001010000
000000000000000000000000000010011011010
000000000000000000000000000010101100100
000000000000000000000000000010111101110
000000000000000000000000000011001111000
000000000000000000000000000011100000010
000000000000000000000000000011110001100
000000000000000000000000000100000010110
000000000000000000000000000100010100000
000000000000000000000000000100100101010
000000000000000000000000000100110110100
000000000000000000000000000101000111110
000000000000000000000000000101011001000
000000000000000000000000000101101010010
000000000000000000000000000101111011100
000000000000000000000000000110001100110
000000000000000000000000000110011110000
000000000000000000000000000110101111010
000000000000000000000000000111000000100
000000000000000000000000000111010001110
000000000000000000000000000111100011000
000000000000000000000000000111110100010
000000000000000000000000001000000101100
000000000000000000000000001000010110110
000000000000000000000000001000101000000
000000000000000000000000001000111001010
000000000000000000000000001001001010100
000000000000000000000000001001011011110
000000000000000000000000001001101101000
000000000000000000000000001001111110010
000000000000000000000000001010001111100
000000000000000000000000001010100000110
000000000000000000000000001010110010000
000000000000000000000000001011000011010
000000000000000000000000001011010100100
000000000000000000000000001011100101110
000000000000000000000000001011110111000
000000000000000000000000001100001000010
000000000000000000000000001100011001100
000000000000000000000000001100101010110
000000000000000000000000001100111100000
000000000000000000000000001101001101010
000000000000000000000000001101011110100
000000000000000000000000001101101111110
000000000000000000000000001110000001000
000000000000000000000000001110010010010
000000000000000000000000001110100011100
000000000000000000000000001110110100110
000000000000000000000000001111000110000
000000000000000000000000001111010111010
000000000000000000000000001111101000100
000000000000000000000000001111111001110
000000000000000000000000010000001011000
000000000000000000000000010000011100010
000000000000000000000000010000101101100
000000000000000000000000010000111110110
000000000000000000000000010001010000000
000000000000000000000000010001100001010
000000000000000000000000010001110010100
000000000000000000000000010010000011110
000000000000000000000000010010010101000
000000000000000000000000010010100110010
000000000000000000000000010010110111100
000000000000000000000000010011001000110
000000000000000000000000010011011010000
000000000000000000000000010011101011010
000000000000000000000000010011111100100
000000000000000000000000010100001101110
000000000000000000000000010100011111000
000000000000000000000000010100110000010
000000000000000000000000010101000001100
000000000000000000000000010101010010110
000000000000000000000000010101100100000
000000000000000000000000010101110101010
000000000000000000000000010110000110100
000000000000000000000000010110010111110
000000000000000000000000010110101001000
000000000000000000000000010110111010010
000000000000000000000000010111001011100
000000000000000000000000010111011100110
000000000000000000000000010111101110000
000000000000000000000000010111111111010
000000000000000000000000011000010000100
000000000000000000000000011000100001110
000000000000000000000000011000110011000
000000000000000000000000011001000100010
000000000000000000000000011001010101100
000000000000000000000000011001100110110
000000000000000000000000011001111000000
000000000000000000000000011010001001010
000000000000000000000000011010011010100
000000000000000000000000011010101011110
000000000000000000000000011010111101000
000000000000000000000000011011001110010
000000000000000000000000011011011111100
000000000000000000000000011011110000110
000000000000000000000000011100000010000
000000000000000000000000011100010011010
000000000000000000000000011100100100100
000000000000000000000000011100110101110
000000000000000000000000011101000111000
000000000000000000000000011101011000010
000000000000000000000000011101101001100
000000000000000000000000011101111010110
000000000000000000000000011110001100000
000000000000000000000000011110011101010
000000000000000000000000011110101110100
000000000000000000000000011110111111110
000000000000000000000000011111010001000
000000000000000000000000011111100010010
000000000000000000000000011111110011100
000000000000000000000000100000000100110
000000000000000000000000100000010110000
000000000000000000000000100000100111010
000000000000000000000000100000111000100
000000000000000000000000100001001001110
000000000000000000000000100001011011000
000000000000000000000000100001101100010
000000000000000000000000100001111101100
000000000000000000000000100010001110110
000000000000000000000000100010100000000
000000000000000000000000100010110001010
000000000000000000000000100011000010100
000000000000000000000000100011010011110
000000000000000000000000100011100101000
000000000000000000000000100011110110010
000000000000000000000000100100000111100
000000000000000000000000100100011000110
000000000000000000000000100100101010000
000000000000000000000000100100111011010
000000000000000000000000100101001100100
000000000000000000000000100101011101110
000000000000000000000000100101101111000
000000000000000000000000100110000000010
000000000000000000000000100110010001100
000000000000000000000000100110100010110
000000000000000000000000100110110100000
000000000000000000000000100111000101010
000000000000000000000000100111010110100
000000000000000000000000100111100111110
000000000000000000000000100111111001000
000000000000000000000000101000001010010
000000000000000000000000101000011011100
000000000000000000000000101000101100110
000000000000000000000000101000111110000
000000000000000000000000101001001111010
000000000000000000000000101001100000100
000000000000000000000000101001110001110
000000000000000000000000101010000011000
000000000000000000000000101010010100010
000000000000000000000000101010100101100
000000000000000000000000101010110110110
000000000000000000000000101011001000000
000000000000000000000000101011011001010
000000000000000000000000101011101010100
000000000000000000000000101011111011110
000000000000000000000000101100001101000
000000000000000000000000101100011110010
000000000000000000000000101100101111100
000000000000000000000000101101000000110
000000000000000000000000101101010010000
000000000000000000000000101101100011010
000000000000000000000000101101110100100
000000000000000000000000101110000101110
000000000000000000000000101110010111000
000000000000000000000000101110101000010
000000000000000000000000101110111001100
000000000000000000000000101111001010110
000000000000000000000000101111011100000
000000000000000000000000101111101101010
000000000000000000000000101111111110100
000000000000000000000000110000001111110
000000000000000000000000110000100001000
000000000000000000000000110000110010010
000000000000000000000000110001000011100
000000000000000000000000110001010100110
000000000000000000000000110001100110000
000000000000000000000000110001110111010
000000000000000000000000110010001000100
000000000000000000000000110010011001110
000000000000000000000000110010101011000
000000000000000000000000110010111100010
000000000000000000000000110011001101100
000000000000000000000000110011011110110
000000000000000000000000110011110000000
000000000000000000000000110100000001010
000000000000000000000000110100010010100
000000000000000000000000110100100011110
000000000000000000000000110100110101000
000000000000000000000000110101000110010
000000000000000000000000110101010111100
000000000000000000000000110101101000110
000000000000000000000000110101111010000
000000000000000000000000110110001011010
000000000000000000000000110110011100100
000000000000000000000000110110101101110
000000000000000000000000110110111111000
000000000000000000000000110111010000010
000000000000000000000000110111100001100
000000000000000000000000110111110010110
000000000000000000000000111000000100000
000000000000000000000000111000010101010
000000000000000000000000111000100110100
000000000000000000000000111000110111110
000000000000000000000000111001001001000
000000000000000000000000111001011010010
000000000000000000000000111001101011100
000000000000000000000000111001111100110
000000000000000000000000111010001110000
000000000000000000000000111010011111010
000000000000000000000000111010110000100
000000000000000000000000111011000001110
000000000000000000000000111011010011000
000000000000000000000000111011100100010
000000000000000000000000111011110101100
000000000000000000000000111100000110110
000000000000000000000000111100011000000
000000000000000000000000111100101001010
000000000000000000000000111100111010100
000000000000000000000000111101001011110
000000000000000000000000111101011101000
000000000000000000000000111101101110010
000000000000000000000000111101111111100
000000000000000000000000111110010000110
000000000000000000000000111110100010000
000000000000000000000000111110110011010
000000000000000000000000111111000100100
000000000000000000000000111111010101110
000000000000000000000000111111100111000
000000000000000000000000111111111000010
000000000000000000000001000000001001100
000000000000000000000001000000011010110
000000000000000000000001000000101100000
000000000000000000000001000000111101010
000000000000000000000001000001001110100
000000000000000000000001000001011111110
000000000000000000000001000001110001000
000000000000000000000001000010000010010
000000000000000000000001000010010011100
000000000000000000000001000010100100110
000000000000000000000001000010110110000
000000000000000000000001000011000111010
000000000000000000000001000011011000100
000000000000000000000001000011101001110
000000000000000000000001000011111011000
000000000000000000000001000100001100010
000000000000000000000001000100011101100
000000000000000000000001000100101110110
